-76.046 -57.745 284.395
-76.045 -57.742 284.395
-76.042 -57.734 284.395
-76.037 -57.728 284.395
-76.035 -57.726 284.395
-76.036 -57.723 284.395
-76.035 -57.719 284.395
-76.035 -57.712 284.395
-76.035 -57.705 284.395
-76.033 -57.703 284.395
-76.032 -57.698 284.395
-76.032 -57.692 284.395
-76.032 -57.685 284.395
-76.036 -57.678 284.395
-76.033 -57.675 284.395
-76.035 -57.670 284.395
-76.034 -57.666 284.395
-76.031 -57.663 284.395
-76.031 -57.631 284.395
-76.033 -57.623 284.395
-76.031 -57.611 284.395
-76.030 -57.603 284.395
-76.030 -57.598 284.395
-76.030 -57.579 284.395
-76.030 -57.574 284.395
-76.026 -57.553 284.395
-76.024 -57.524 284.395
-76.023 -57.519 284.395
-76.023 -57.516 284.395
-76.024 -57.511 284.395
-76.022 -57.488 284.395
-76.024 -57.477 284.395
-76.021 -57.461 284.395
-76.024 -57.460 284.395
-76.022 -57.452 284.395
-76.020 -57.443 284.395
-76.020 -57.437 284.395
-76.020 -57.429 284.395
-76.021 -57.423 284.395
-76.021 -57.414 284.395
-76.020 -57.405 284.395
-76.020 -57.401 284.395
-76.021 -57.396 284.395
-76.023 -57.392 284.395
-76.024 -57.385 284.395
-76.026 -57.382 284.395
-76.025 -57.379 284.395
-76.025 -57.373 284.395
-76.026 -57.363 284.395
-76.027 -57.359 284.395
-76.031 -57.357 284.395
-76.033 -57.355 284.395
-76.032 -57.351 284.395
-76.031 -57.341 284.395
-76.032 -57.337 284.395
-76.034 -57.332 284.395
-76.035 -57.326 284.395
-76.035 -57.323 284.395
-76.036 -57.319 284.395
-76.039 -57.316 284.395
-76.039 -57.313 284.395
-76.043 -57.308 284.395
-76.044 -57.304 284.395
-76.043 -57.299 284.395
-76.048 -57.296 284.395
-76.048 -57.293 284.395
-76.048 -57.290 284.395
-76.049 -57.287 284.395
-76.048 -57.284 284.395
-76.048 -57.279 284.395
-76.050 -57.276 284.395
-76.052 -57.272 284.395
-76.055 -57.267 284.395
-76.054 -57.264 284.395
-76.056 -57.260 284.395
-76.059 -57.256 284.395
-76.056 -57.251 284.395
-76.061 -57.246 284.395
-76.063 -57.242 284.395
-76.065 -57.238 284.395
-76.067 -57.235 284.395
-76.065 -57.232 284.395
-76.066 -57.229 284.395
-76.068 -57.227 284.395
-76.067 -57.224 284.395
-76.068 -57.218 284.395
-76.066 -57.212 284.395
-76.068 -57.210 284.395
-76.066 -57.207 284.395
-76.068 -57.205 284.395
-76.068 -57.200 284.395
-76.066 -57.198 284.395
-76.065 -57.194 284.395
-76.067 -57.191 284.395
-76.068 -57.188 284.395
-76.067 -57.185 284.395
-76.065 -57.183 284.395
-76.064 -57.174 284.395
-76.042 -57.135 284.395
-76.040 -57.133 284.395
-76.038 -57.130 284.395
-76.034 -57.129 284.395
-76.029 -57.128 284.395
-76.026 -57.127 284.395
-76.020 -57.124 284.395
-76.015 -57.119 284.395
-76.011 -57.117 284.395
-76.007 -57.117 284.395
-76.004 -57.116 284.395
-76.000 -57.114 284.395
-75.996 -57.112 284.395
-75.992 -57.111 284.395
-75.985 -57.107 284.395
-75.980 -57.104 284.395
-75.975 -57.100 284.395
-75.971 -57.102 284.395
-75.964 -57.098 284.395
-75.951 -57.092 284.395
-75.947 -57.091 284.395
-75.942 -57.088 284.395
-75.938 -57.087 284.395
-75.935 -57.084 284.395
-75.929 -57.083 284.395
-75.926 -57.082 284.395
-75.917 -57.079 284.395
-75.916 -57.076 284.395
-75.911 -57.076 284.395
-75.908 -57.076 284.395
-75.905 -57.072 284.395
-75.900 -57.069 284.395
-75.897 -57.068 284.395
-75.892 -57.067 284.395
-75.887 -57.065 284.395
-75.885 -57.062 284.395
-75.879 -57.063 284.395
-75.876 -57.059 284.395
-75.870 -57.059 284.395
-75.865 -57.054 284.395
-75.862 -57.053 284.395
-75.859 -57.050 284.395
-75.856 -57.049 284.395
-75.853 -57.048 284.395
-75.848 -57.047 284.395
-75.841 -57.043 284.395
-75.836 -57.041 284.395
-75.833 -57.038 284.395
-75.828 -57.036 284.395
-75.824 -57.035 284.395
-75.821 -57.033 284.395
-75.818 -57.030 284.395
-75.814 -57.029 284.395
-75.809 -57.027 284.395
-75.806 -57.020 284.395
-75.797 -57.019 284.395
-75.790 -57.017 284.395
-75.786 -57.015 284.395
-75.781 -57.010 284.395
-75.778 -57.008 284.395
-75.776 -57.004 284.395
-75.773 -57.005 284.395
-75.765 -57.003 284.395
-75.759 -57.000 284.395
-75.753 -56.992 284.395
-75.750 -56.992 284.395
-75.742 -56.992 284.395
-75.740 -56.990 284.395
-75.738 -56.988 284.395
-75.735 -56.986 284.395
-75.731 -56.980 284.395
-75.728 -56.980 284.395
-75.724 -56.981 284.395
-75.721 -56.976 284.395
-75.716 -56.977 284.395
-75.712 -56.974 284.395
-75.707 -56.970 284.395
-75.702 -56.970 284.395
-75.696 -56.964 284.395
-75.689 -56.963 284.395
-75.685 -56.962 284.395
-75.682 -56.959 284.395
-75.679 -56.958 284.395
-75.676 -56.956 284.395
-75.672 -56.955 284.395
-75.667 -56.953 284.395
-75.662 -56.948 284.395
-75.658 -56.948 284.395
-75.654 -56.946 284.395
-75.647 -56.942 284.395
-75.645 -56.940 284.395
-75.640 -56.940 284.395
-75.635 -56.936 284.395
-75.631 -56.935 284.395
-75.628 -56.932 284.395
-75.626 -56.930 284.395
-75.622 -56.930 284.395
-75.618 -56.929 284.395
-75.615 -56.927 284.395
-75.612 -56.926 284.395
-75.607 -56.923 284.395
-75.603 -56.917 284.395
-75.598 -56.917 284.395
-75.592 -56.915 284.395
-75.590 -56.913 284.395
-75.585 -56.912 284.395
-75.578 -56.905 284.395
-75.576 -56.903 284.395
-75.574 -56.901 284.395
-75.570 -56.901 284.395
-75.565 -56.901 284.395
-75.561 -56.897 284.395
-75.557 -56.895 284.395
-75.555 -56.893 284.395
-75.552 -56.893 284.395
-75.549 -56.891 284.395
-75.541 -56.886 284.395
-75.538 -56.886 284.395
-75.533 -56.885 284.395
-75.529 -56.881 284.395
-75.526 -56.880 284.395
-75.524 -56.877 284.395
-75.520 -56.877 284.395
-75.517 -56.877 284.395
-75.512 -56.876 284.395
-75.506 -56.873 284.395
-75.502 -56.872 284.395
-75.495 -56.869 284.395
-75.492 -56.867 284.395
-75.489 -56.867 284.395
-75.481 -56.863 284.395
-75.479 -56.861 284.395
-75.466 -56.856 284.395
-75.463 -56.855 284.395
-75.456 -56.847 284.395
-75.449 -56.849 284.395
-75.442 -56.844 284.395
-75.439 -56.844 284.395
-75.436 -56.840 284.395
-75.433 -56.842 284.395
-75.428 -56.838 284.395
-75.422 -56.836 284.395
-75.419 -56.836 284.395
-75.416 -56.833 284.395
-75.412 -56.832 284.395
-75.405 -56.829 284.395
-75.400 -56.827 284.395
-75.393 -56.822 284.395
-75.387 -56.820 284.395
-75.384 -56.817 284.395
-75.381 -56.818 284.395
-75.378 -56.816 284.395
-75.369 -56.811 284.395
-75.366 -56.811 284.395
-75.361 -56.808 284.395
-75.357 -56.805 284.395
-75.354 -56.804 284.395
-75.348 -56.803 284.395
-75.345 -56.800 284.395
-75.340 -56.798 284.395
-75.336 -56.797 284.395
-75.332 -56.796 284.395
-75.328 -56.794 284.395
-75.321 -56.791 284.395
-75.315 -56.785 284.395
-75.312 -56.787 284.395
-75.308 -56.784 284.395
-75.305 -56.785 284.395
-75.301 -56.782 284.395
-75.298 -56.780 284.395
-75.291 -56.773 284.395
-75.287 -56.769 284.395
-75.279 -56.774 284.395
-75.270 -56.770 284.395
-75.266 -56.767 284.395
-75.263 -56.767 284.395
-75.254 -56.763 284.395
-75.250 -56.762 284.395
-75.246 -56.759 284.395
-75.243 -56.759 284.395
-75.238 -56.758 284.395
-75.234 -56.755 284.395
-75.226 -56.750 284.395
-75.222 -56.751 284.395
-75.212 -56.744 284.395
-75.206 -56.742 284.395
-75.202 -56.743 284.395
-75.193 -56.740 284.395
-75.187 -56.735 284.395
-75.182 -56.731 284.395
-75.180 -56.729 284.395
-75.176 -56.731 284.395
-75.172 -56.727 284.395
-75.169 -56.729 284.395
-75.164 -56.727 284.395
-75.161 -56.724 284.395
-75.158 -56.723 284.395
-75.155 -56.723 284.395
-75.149 -56.721 284.395
-75.146 -56.719 284.395
-75.143 -56.717 284.395
-75.140 -56.715 284.395
-75.134 -56.714 284.395
-75.131 -56.713 284.395
-75.127 -56.710 284.395
-75.120 -56.709 284.395
-75.114 -56.707 284.395
-75.112 -56.705 284.395
-75.109 -56.705 284.395
-75.106 -56.702 284.395
-75.101 -56.700 284.395
-75.091 -56.697 284.395
-75.085 -56.693 284.395
-75.081 -56.693 284.395
-75.074 -56.689 284.395
-75.070 -56.688 284.395
-75.065 -56.687 284.395
-75.057 -56.681 284.395
-75.055 -56.679 284.395
-75.052 -56.679 284.395
-75.049 -56.677 284.395
-75.043 -56.676 284.395
-75.038 -56.675 284.395
-75.032 -56.673 284.395
-75.029 -56.673 284.395
-75.025 -56.670 284.395
-75.021 -56.668 284.395
-75.012 -56.661 284.395
-75.010 -56.663 284.395
-75.001 -56.658 284.395
-74.996 -56.657 284.395
-74.992 -56.656 284.395
-74.987 -56.654 284.395
-74.978 -56.649 284.395
-74.975 -56.648 284.395
-74.967 -56.644 284.395
-74.963 -56.641 284.395
-74.960 -56.640 284.395
-74.956 -56.639 284.395
-74.950 -56.637 284.395
-74.942 -56.633 284.395
-74.939 -56.631 284.395
-74.934 -56.631 284.395
-74.930 -56.630 284.395
-74.926 -56.628 284.395
-74.920 -56.624 284.395
-74.913 -56.621 284.395
-74.910 -56.619 284.395
-74.902 -56.612 284.395
-74.898 -56.611 284.395
-74.891 -56.607 284.395
-74.886 -56.605 284.395
-74.880 -56.601 284.395
-74.877 -56.599 284.395
-74.870 -56.593 284.395
-74.865 -56.595 284.395
-74.861 -56.594 284.395
-74.848 -56.585 284.395
-74.842 -56.584 284.395
-74.832 -56.581 284.395
-74.823 -56.576 284.395
-74.819 -56.576 284.395
-74.816 -56.576 284.395
-74.811 -56.576 284.395
-74.805 -56.579 284.395
-74.795 -56.581 284.395
-74.788 -56.576 284.395
-74.781 -56.579 284.395
-74.778 -56.580 284.395
-74.774 -56.578 284.395
-74.770 -56.581 284.395
-74.768 -56.583 284.395
-74.763 -56.582 284.395
-74.758 -56.583 284.395
-74.752 -56.584 284.395
-74.749 -56.584 284.395
-74.746 -56.585 284.395
-74.741 -56.585 284.395
-74.737 -56.585 284.395
-74.733 -56.585 284.395
-74.729 -56.583 284.395
-74.725 -56.580 284.395
-74.722 -56.579 284.395
-74.719 -56.577 284.395
-74.715 -56.575 284.395
-74.712 -56.574 284.395
-74.708 -56.572 284.395
-74.702 -56.570 284.395
-74.696 -56.570 284.395
-74.691 -56.568 284.395
-74.685 -56.566 284.395
-74.679 -56.563 284.395
-74.675 -56.564 284.395
-74.672 -56.563 284.395
-74.667 -56.560 284.395
-74.664 -56.562 284.395
-74.661 -56.560 284.395
-74.656 -56.559 284.395
-74.653 -56.559 284.395
-74.650 -56.557 284.395
-74.646 -56.554 284.395
-74.644 -56.556 284.395
-74.641 -56.555 284.395
-74.637 -56.555 284.395
-74.624 -56.552 284.395
-74.619 -56.550 284.395
-74.611 -56.544 284.395
-74.607 -56.548 284.395
-74.601 -56.546 284.395
-74.596 -56.545 284.395
-74.591 -56.543 284.395
-74.586 -56.542 284.395
-74.581 -56.540 284.395
-74.578 -56.539 284.395
-74.575 -56.538 284.395
-74.571 -56.538 284.395
-74.566 -56.535 284.395
-74.563 -56.536 284.395
-74.560 -56.534 284.395
-74.557 -56.535 284.395
-74.554 -56.534 284.395
-74.551 -56.533 284.395
-74.545 -56.533 284.395
-74.541 -56.531 284.395
-74.537 -56.532 284.395
-74.533 -56.531 284.395
-74.524 -56.529 284.395
-74.520 -56.528 284.395
-74.513 -56.527 284.395
-74.510 -56.526 284.395
-74.506 -56.526 284.395
-74.498 -56.522 284.395
-74.493 -56.523 284.395
-74.487 -56.520 284.395
-74.484 -56.522 284.395
-74.478 -56.520 284.395
-74.475 -56.520 284.395
-74.469 -56.518 284.395
-74.463 -56.518 284.395
-74.451 -56.514 284.395
-74.447 -56.514 284.395
-74.443 -56.513 284.395
-74.437 -56.511 284.395
-74.434 -56.511 284.395
-74.427 -56.508 284.395
-74.421 -56.509 284.395
-74.416 -56.508 284.395
-74.408 -56.505 284.395
-74.405 -56.504 284.395
-74.402 -56.502 284.395
-74.399 -56.501 284.395
-74.393 -56.502 284.395
-74.384 -56.499 284.395
-74.380 -56.498 284.395
-74.367 -56.490 284.395
-74.362 -56.492 284.395
-74.351 -56.489 284.395
-74.348 -56.488 284.395
-74.340 -56.486 284.395
-74.335 -56.486 284.395
-74.332 -56.485 284.395
-74.328 -56.484 284.395
-74.316 -56.481 284.395
-74.313 -56.482 284.395
-74.310 -56.480 284.395
-74.303 -56.481 284.395
-74.300 -56.480 284.395
-74.294 -56.477 284.395
-74.287 -56.475 284.395
-74.283 -56.474 284.395
-74.278 -56.473 284.395
-74.273 -56.473 284.395
-74.268 -56.472 284.395
-74.255 -56.464 284.395
-74.245 -56.458 284.395
-74.237 -56.454 284.395
-74.228 -56.452 284.395
-74.217 -56.446 284.395
-74.191 -56.427 284.395
-74.176 -56.414 284.395
-74.164 -56.403 284.395
-74.159 -56.398 284.395
-74.156 -56.394 284.395
-74.153 -56.391 284.395
-74.142 -56.382 284.395
-74.115 -56.359 284.395
-74.088 -56.344 284.395
-74.080 -56.338 284.395
-74.077 -56.336 284.395
-74.072 -56.333 284.395
-74.048 -56.311 284.395
-74.035 -56.299 284.395
-74.027 -56.289 284.395
-74.008 -56.268 284.395
-73.993 -56.257 284.395
-73.983 -56.247 284.395
-73.966 -56.228 284.395
-73.959 -56.220 284.395
-73.946 -56.203 284.395
-73.930 -56.181 284.395
-73.927 -56.176 284.395
-73.922 -56.166 284.395
-73.911 -56.151 284.395
-73.909 -56.148 284.395
-73.905 -56.142 284.395
-73.896 -56.128 284.395
-73.887 -56.112 284.395
-73.884 -56.107 284.395
-73.879 -56.100 284.395
-73.878 -56.097 284.395
-73.879 -56.094 284.395
-73.865 -56.074 284.395
-73.861 -56.068 284.395
-73.855 -56.053 284.395
-73.852 -56.046 284.395
-73.849 -56.034 284.395
-73.841 -56.022 284.395
-73.840 -56.017 284.395
-73.836 -56.009 284.395
-73.835 -56.005 284.395
-73.831 -55.999 284.395
-73.830 -55.994 284.395
-73.817 -55.970 284.395
-73.814 -55.965 284.395
-73.809 -55.955 284.395
-73.799 -55.935 284.395
-73.798 -55.931 284.395
-73.796 -55.927 284.395
-73.791 -55.917 284.395
-73.783 -55.906 284.395
-73.779 -55.895 284.395
-73.768 -55.879 284.395
-73.760 -55.867 284.395
-73.752 -55.844 284.395
-73.752 -55.841 284.395
-73.754 -55.835 284.395
-73.749 -55.828 284.395
-73.746 -55.823 284.395
-73.742 -55.814 284.395
-73.744 -55.809 284.395
-73.740 -55.802 284.395
-73.743 -55.799 284.395
-73.736 -55.789 284.395
-73.733 -55.783 284.395
-73.731 -55.775 284.395
-73.728 -55.770 284.395
-73.728 -55.761 284.395
-73.727 -55.751 284.395
-73.721 -55.743 284.395
-73.718 -55.732 284.395
-73.713 -55.724 284.395
-73.712 -55.720 284.395
-73.712 -55.717 284.395
-73.709 -55.702 284.395
-73.702 -55.682 284.395
-73.685 -55.657 284.395
-73.679 -55.649 284.395
-73.672 -55.647 284.395
-73.666 -55.639 284.395
-73.665 -55.633 284.395
-73.658 -55.619 284.395
-73.652 -55.604 284.395
-73.647 -55.596 284.395
-73.643 -55.588 284.395
-73.623 -55.561 284.395
-73.617 -55.552 284.395
-73.615 -55.549 284.395
-73.609 -55.539 284.395
-73.606 -55.535 284.395
-73.590 -55.510 284.395
-73.570 -55.486 284.395
-73.566 -55.477 284.395
-73.562 -55.469 284.395
-73.564 -55.467 284.395
-73.561 -55.462 284.395
-73.560 -55.458 284.395
-73.556 -55.448 284.395
-73.549 -55.436 284.395
-73.548 -55.433 284.395
-73.545 -55.426 284.395
-73.546 -55.423 284.395
-73.543 -55.417 284.395
-73.543 -55.414 284.395
-73.541 -55.411 284.395
-73.534 -55.400 284.395
-73.531 -55.392 284.395
-73.526 -55.377 284.395
-73.525 -55.372 284.395
-73.524 -55.368 284.395
-73.519 -55.359 284.395
-73.519 -55.356 284.395
-73.519 -55.349 284.395
-73.515 -55.342 284.395
-73.510 -55.331 284.395
-73.509 -55.327 284.395
-73.498 -55.313 284.395
-73.481 -55.290 284.395
-73.483 -55.286 284.395
-73.480 -55.282 284.395
-73.470 -55.270 284.395
-73.464 -55.262 284.395
-73.452 -55.244 284.395
-73.450 -55.238 284.395
-73.438 -55.221 284.395
-73.440 -55.216 284.395
-73.424 -55.197 284.395
-73.416 -55.181 284.395
-73.411 -55.173 284.395
-73.402 -55.159 284.395
-73.397 -55.149 284.395
-73.395 -55.143 284.395
-73.388 -55.131 284.395
-73.385 -55.126 284.395
-73.382 -55.122 284.395
-73.381 -55.118 284.395
-73.371 -55.103 284.395
-73.371 -55.099 284.395
-73.375 -55.095 284.395
-73.369 -55.086 284.395
-73.363 -55.077 284.395
-73.356 -55.068 284.395
-73.346 -55.055 284.395
-73.342 -55.044 284.395
-73.335 -55.033 284.395
-73.333 -55.028 284.395
-73.321 -55.009 284.395
-73.321 -55.006 284.395
-73.314 -54.996 284.395
-73.290 -54.958 284.395
-73.286 -54.950 284.395
-73.270 -54.928 284.395
-73.269 -54.919 284.395
-73.261 -54.909 284.395
-73.262 -54.906 284.395
-73.264 -54.903 284.395
-73.253 -54.890 284.395
-73.249 -54.883 284.395
-73.246 -54.878 284.395
-73.247 -54.872 284.395
-73.245 -54.869 284.395
-73.244 -54.865 284.395
-73.237 -54.856 284.395
-73.227 -54.842 284.395
-73.207 -54.814 284.395
-73.203 -54.797 284.395
-73.203 -54.788 284.395
-73.200 -54.780 284.395
-73.200 -54.775 284.395
-73.198 -54.770 284.395
-73.193 -54.763 284.395
-73.189 -54.755 284.395
-73.186 -54.751 284.395
-73.183 -54.746 284.395
-73.173 -54.727 284.395
-73.170 -54.717 284.395
-73.159 -54.676 284.395
-73.145 -54.645 284.395
-73.142 -54.641 284.395
-73.138 -54.635 284.395
-73.133 -54.626 284.395
-73.128 -54.624 284.395
-73.116 -54.604 284.395
-73.112 -54.605 284.395
-73.106 -54.599 284.395
-73.099 -54.593 284.395
-73.092 -54.589 284.395
-73.089 -54.585 284.395
-73.082 -54.578 284.395
-73.076 -54.573 284.395
-73.067 -54.561 284.395
-73.053 -54.544 284.395
-73.039 -54.524 284.395
-73.033 -54.518 284.395
-73.027 -54.510 284.395
-73.005 -54.480 284.395
-72.995 -54.465 284.395
-72.976 -54.442 284.395
-72.962 -54.430 284.395
-72.958 -54.425 284.395
-72.955 -54.422 284.395
-72.946 -54.414 284.395
-72.943 -54.412 284.395
-72.935 -54.404 284.395
-72.927 -54.395 284.395
-72.918 -54.390 284.395
-72.913 -54.387 284.395
-72.894 -54.364 284.395
-72.883 -54.349 284.395
-72.881 -54.346 284.395
-72.868 -54.325 284.395
-72.863 -54.317 284.395
-72.841 -54.287 284.395
-72.837 -54.279 284.395
-72.834 -54.274 284.395
-72.829 -54.267 284.395
-72.827 -54.261 284.395
-72.823 -54.255 284.395
-72.813 -54.243 284.395
-72.810 -54.239 284.395
-72.811 -54.235 284.395
-72.800 -54.223 284.395
-72.797 -54.217 284.395
-72.774 -54.183 284.395
-72.767 -54.178 284.395
-72.758 -54.168 284.395
-72.752 -54.164 284.395
-72.745 -54.157 284.395
-72.726 -54.143 284.395
-72.723 -54.144 284.395
-72.713 -54.141 284.395
-72.705 -54.141 284.395
-72.697 -54.143 284.395
-72.693 -54.143 284.395
-72.686 -54.142 284.395
-72.684 -54.140 284.395
-72.681 -54.140 284.395
-72.678 -54.140 284.395
-72.672 -54.141 284.395
-72.669 -54.141 284.395
-72.666 -54.141 284.395
-72.662 -54.141 284.395
-72.654 -54.139 284.395
-72.652 -54.137 284.395
-72.649 -54.136 284.395
-72.620 -54.101 284.395
-72.618 -54.099 284.395
-72.600 -54.082 284.395
-72.590 -54.076 284.395
-72.587 -54.074 284.395
-72.577 -54.071 284.395
-72.568 -54.066 284.395
-72.565 -54.066 284.395
-72.562 -54.066 284.395
-72.557 -54.062 284.395
-72.554 -54.063 284.395
-72.541 -54.059 284.395
-72.538 -54.060 284.395
-72.529 -54.056 284.395
-72.522 -54.049 284.395
-72.517 -54.046 284.395
-72.511 -54.039 284.395
-72.502 -54.028 284.395
-72.476 -53.997 284.395
-72.470 -53.992 284.395
-72.467 -53.989 284.395
-72.465 -53.987 284.395
-72.461 -53.986 284.395
-72.450 -53.977 284.395
-72.447 -53.977 284.395
-72.442 -53.977 284.395
-72.437 -53.971 284.395
-72.433 -53.969 284.395
-72.430 -53.970 284.395
-72.420 -53.962 284.395
-72.417 -53.961 284.395
-72.403 -53.949 284.395
-72.401 -53.947 284.395
-72.382 -53.926 284.395
-72.378 -53.923 284.395
-72.376 -53.921 284.395
-72.372 -53.919 284.395
-72.366 -53.916 284.395
-72.361 -53.913 284.395
-72.358 -53.911 284.395
-72.353 -53.908 284.395
-72.350 -53.906 284.395
-72.347 -53.904 284.395
-72.343 -53.902 284.395
-72.340 -53.900 284.395
-72.336 -53.898 284.395
-72.328 -53.893 284.395
-72.325 -53.891 284.395
-72.322 -53.889 284.395
-72.318 -53.887 284.395
-72.314 -53.884 284.395
-72.309 -53.879 284.395
-72.308 -53.876 284.395
-72.308 -53.873 284.395
-72.306 -53.869 284.395
-72.306 -53.866 284.395
-72.304 -53.862 284.395
-72.302 -53.859 284.395
-72.301 -53.856 284.395
-72.300 -53.851 284.395
-72.300 -53.848 284.395
-72.296 -53.839 284.395
-72.298 -53.837 284.395
-72.295 -53.832 284.395
-72.292 -53.824 284.395
-72.291 -53.821 284.395
-72.291 -53.818 284.395
-72.290 -53.813 284.395
-72.287 -53.806 284.395
-72.283 -53.800 284.395
-72.285 -53.795 284.395
-72.281 -53.790 284.395
-72.279 -53.787 284.395
-72.270 -53.776 284.395
-72.246 -53.749 284.395
-72.242 -53.742 284.395
-72.237 -53.734 284.395
-72.232 -53.726 284.395
-72.231 -53.721 284.395
-72.230 -53.718 284.395
-72.227 -53.713 284.395
-72.226 -53.710 284.395
-72.225 -53.706 284.395
-72.224 -53.703 284.395
-72.222 -53.699 284.395
-72.221 -53.696 284.395
-72.220 -53.693 284.395
-72.219 -53.689 284.395
-72.218 -53.686 284.395
-72.216 -53.681 284.395
-72.216 -53.678 284.395
-72.216 -53.674 284.395
-72.216 -53.670 284.395
-72.214 -53.665 284.395
-72.213 -53.661 284.395
-72.213 -53.656 284.395
-72.212 -53.653 284.395
-72.212 -53.650 284.395
-72.207 -53.643 284.395
-72.205 -53.640 284.395
-72.203 -53.636 284.395
-72.197 -53.629 284.395
-72.191 -53.621 284.395
-72.189 -53.619 284.395
-72.187 -53.615 284.395
-72.176 -53.603 284.395
-72.167 -53.590 284.395
-72.163 -53.586 284.395
-72.164 -53.583 284.395
-72.156 -53.575 284.395
-72.156 -53.572 284.395
-72.156 -53.569 284.395
-72.154 -53.565 284.395
-72.152 -53.563 284.395
-72.151 -53.560 284.395
-72.149 -53.558 284.395
-72.148 -53.555 284.395
-72.145 -53.549 284.395
-72.143 -53.547 284.395
-72.142 -53.544 284.395
-72.140 -53.541 284.395
-72.139 -53.538 284.395
-72.134 -53.532 284.395
-72.101 -53.501 284.395
-72.095 -53.497 284.395
-72.092 -53.495 284.395
-72.078 -53.484 284.395
-72.071 -53.479 284.395
-72.070 -53.474 284.395
-72.063 -53.468 284.395
-72.059 -53.464 284.395
-72.056 -53.461 284.395
-72.051 -53.455 284.395
-72.049 -53.453 284.395
-72.047 -53.448 284.395
-72.045 -53.446 284.395
-72.041 -53.440 284.395
-72.039 -53.436 284.395
-72.037 -53.434 284.395
-72.035 -53.432 284.395
-72.032 -53.427 284.395
-72.032 -53.424 284.395
-72.030 -53.420 284.395
-72.029 -53.416 284.395
-72.029 -53.412 284.395
-72.027 -53.410 284.395
-72.027 -53.407 284.395
-72.026 -53.404 284.395
-72.024 -53.398 284.395
-72.023 -53.393 284.395
-72.020 -53.390 284.395
-72.023 -53.386 284.395
-72.017 -53.381 284.395
-72.016 -53.374 284.395
-72.016 -53.371 284.395
-71.987 -53.338 284.395
-71.984 -53.337 284.395
-71.972 -53.329 284.395
-71.967 -53.324 284.395
-71.963 -53.322 284.395
-71.958 -53.318 284.395
-71.951 -53.313 284.395
-71.939 -53.304 284.395
-71.935 -53.305 284.395
-71.932 -53.303 284.395
-71.926 -53.300 284.395
-71.922 -53.297 284.395
-71.914 -53.289 284.395
-71.912 -53.284 284.395
-71.906 -53.277 284.395
-71.906 -53.274 284.395
-71.905 -53.271 284.395
-71.901 -53.267 284.395
-71.900 -53.264 284.395
-71.898 -53.262 284.395
-71.897 -53.258 284.395
-71.895 -53.253 284.395
-71.891 -53.247 284.395
-71.889 -53.244 284.395
-71.887 -53.241 284.395
-71.887 -53.237 284.395
-71.881 -53.231 284.395
-71.880 -53.227 284.395
-71.879 -53.224 284.395
-71.880 -53.220 284.395
-71.877 -53.217 284.395
-71.876 -53.214 284.395
-71.875 -53.211 284.395
-71.873 -53.209 284.395
-71.870 -53.205 284.395
-71.867 -53.202 284.395
-71.865 -53.200 284.395
-71.859 -53.194 284.395
-71.853 -53.188 284.395
-71.851 -53.185 284.395
-71.825 -53.168 284.395
-71.793 -53.150 284.395
-71.789 -53.150 284.395
-71.785 -53.150 284.395
-71.782 -53.150 284.395
-71.777 -53.149 284.395
-71.773 -53.148 284.395
-71.767 -53.149 284.395
-71.764 -53.150 284.395
-71.758 -53.149 284.395
-71.755 -53.149 284.395
-71.752 -53.151 284.395
-71.747 -53.149 284.395
-71.745 -53.151 284.395
-71.738 -53.150 284.395
-71.731 -53.148 284.395
-71.728 -53.146 284.395
-71.725 -53.146 284.395
-71.719 -53.145 284.395
-71.716 -53.144 284.395
-71.707 -53.141 284.395
-71.705 -53.143 284.395
-71.690 -53.138 284.395
-71.684 -53.137 284.395
-71.680 -53.137 284.395
-71.670 -53.134 284.395
-71.645 -53.123 284.395
-71.637 -53.121 284.395
-71.632 -53.120 284.395
-71.626 -53.114 284.395
-71.622 -53.112 284.395
-71.618 -53.115 284.395
-71.614 -53.114 284.395
-71.611 -53.116 284.395
-71.606 -53.116 284.395
-71.604 -53.114 284.395
-71.601 -53.113 284.395
-71.598 -53.113 284.395
-71.594 -53.112 284.395
-71.584 -53.110 284.395
-71.582 -53.108 284.395
-71.578 -53.105 284.395
-71.568 -53.105 284.395
-71.563 -53.104 284.395
-71.559 -53.102 284.395
-71.556 -53.102 284.395
-71.552 -53.101 284.395
-71.546 -53.097 284.395
-71.542 -53.097 284.395
-71.538 -53.097 284.395
-71.527 -53.086 284.395
-71.519 -53.082 284.395
-71.505 -53.065 284.395
-71.495 -53.055 284.395
-71.487 -53.049 284.395
-71.470 -53.027 284.395
-71.444 -52.991 284.395
-71.437 -52.980 284.395
-71.432 -52.970 284.395
-71.416 -52.935 284.395
-71.411 -52.924 284.395
-71.409 -52.915 284.395
-71.406 -52.908 284.395
-71.401 -52.887 284.395
-71.398 -52.874 284.395
-71.396 -52.861 284.395
-71.395 -52.852 284.395
-71.396 -52.846 284.395
-71.392 -52.834 284.395
-71.390 -52.816 284.395
-71.389 -52.808 284.395
-71.386 -52.793 284.395
-71.386 -52.788 284.395
-71.391 -52.784 284.395
-71.390 -52.775 284.395
-71.387 -52.768 284.395
-71.387 -52.759 284.395
-71.385 -52.751 284.395
-71.389 -52.748 284.395
-71.387 -52.739 284.395
-71.387 -52.734 284.395
-71.388 -52.726 284.395
-71.388 -52.719 284.395
-71.388 -52.715 284.395
-71.389 -52.698 284.395
-71.391 -52.696 284.395
-71.391 -52.693 284.395
-71.395 -52.691 284.395
-71.394 -52.684 284.395
-71.394 -52.681 284.395
-71.392 -52.675 284.395
-71.392 -52.666 284.395
-71.395 -52.662 284.395
-71.399 -52.660 284.395
-71.397 -52.655 284.395
-71.396 -52.647 284.395
-71.394 -52.638 284.395
-71.394 -52.626 284.395
-71.396 -52.620 284.395
-71.397 -52.615 284.395
-71.397 -52.610 284.395
-71.386 -52.573 284.395
-71.378 -52.558 284.395
-71.375 -52.556 284.395
-71.371 -52.550 284.395
-71.369 -52.546 284.395
-71.367 -52.542 284.395
-71.362 -52.538 284.395
-71.360 -52.535 284.395
-71.355 -52.528 284.395
-71.351 -52.525 284.395
-71.346 -52.521 284.395
-71.341 -52.510 284.395
-71.339 -52.503 284.395
-71.339 -52.500 284.395
-71.337 -52.494 284.395
-71.337 -52.491 284.395
-71.336 -52.487 284.395
-71.336 -52.484 284.395
-71.335 -52.481 284.395
-71.335 -52.478 284.395
-71.334 -52.475 284.395
-71.334 -52.471 284.395
-71.333 -52.466 284.395
-71.332 -52.461 284.395
-71.332 -52.458 284.395
-71.332 -52.455 284.395
-71.332 -52.452 284.395
-71.331 -52.449 284.395
-71.331 -52.443 284.395
-71.330 -52.436 284.395
-71.331 -52.432 284.395
-71.330 -52.429 284.395
-71.331 -52.426 284.395
-71.332 -52.418 284.395
-71.333 -52.412 284.395
-71.335 -52.407 284.395
-71.334 -52.399 284.395
-71.335 -52.396 284.395
-71.337 -52.387 284.395
-71.337 -52.379 284.395
-71.336 -52.375 284.395
-71.338 -52.368 284.395
-71.337 -52.363 284.395
-71.337 -52.360 284.395
-71.335 -52.350 284.395
-71.316 -52.310 284.395
-71.307 -52.288 284.395
-71.290 -52.249 284.395
-71.286 -52.246 284.395
-71.278 -52.229 284.395
-71.275 -52.222 284.395
-71.271 -52.212 284.395
-71.269 -52.203 284.395
-71.266 -52.194 284.395
-71.266 -52.190 284.395
-71.263 -52.176 284.395
-71.262 -52.169 284.395
-71.262 -52.164 284.395
-71.260 -52.157 284.395
-71.258 -52.153 284.395
-71.254 -52.144 284.395
-71.253 -52.141 284.395
-71.250 -52.135 284.395
-71.243 -52.123 284.395
-71.224 -52.093 284.395
-71.221 -52.089 284.395
-71.217 -52.074 284.395
-71.217 -52.066 284.395
-71.215 -52.055 284.395
-71.216 -52.051 284.395
-71.218 -52.047 284.395
-71.212 -52.039 284.395
-71.214 -52.035 284.395
-71.212 -52.030 284.395
-71.210 -52.025 284.395
-71.207 -52.020 284.395
-71.195 -51.999 284.395
-71.173 -51.971 284.395
-71.169 -51.968 284.395
-71.166 -51.966 284.395
-71.164 -51.964 284.395
-71.159 -51.962 284.395
-71.155 -51.959 284.395
-71.145 -51.953 284.395
-71.131 -51.944 284.395
-71.125 -51.939 284.395
-71.122 -51.936 284.395
-71.117 -51.934 284.395
-71.111 -51.931 284.395
-71.104 -51.923 284.395
-71.101 -51.924 284.395
-71.093 -51.914 284.395
-71.088 -51.916 284.395
-71.082 -51.907 284.395
-71.076 -51.905 284.395
-71.074 -51.901 284.395
-71.072 -51.899 284.395
-71.070 -51.897 284.395
-71.067 -51.892 284.395
-71.065 -51.890 284.395
-71.062 -51.884 284.395
-71.059 -51.880 284.395
-71.057 -51.876 284.395
-71.055 -51.871 284.395
-71.051 -51.861 284.395
-71.047 -51.851 284.395
-71.045 -51.846 284.395
-71.042 -51.838 284.395
-71.043 -51.835 284.395
-71.042 -51.831 284.395
-71.043 -51.825 284.395
-71.038 -51.786 284.395
-71.034 -51.778 284.395
-71.028 -51.772 284.395
-71.015 -51.742 284.395
-71.013 -51.740 284.395
-71.006 -51.735 284.395
-71.000 -51.728 284.395
-70.997 -51.727 284.395
-70.992 -51.720 284.395
-70.989 -51.719 284.395
-70.986 -51.720 284.395
-70.984 -51.718 284.395
-70.982 -51.716 284.395
-70.978 -51.717 284.395
-70.975 -51.717 284.395
-70.968 -51.716 284.395
-70.962 -51.716 284.395
-70.957 -51.713 284.395
-70.952 -51.714 284.395
-70.946 -51.709 284.395
-70.938 -51.708 284.395
-70.932 -51.703 284.395
-70.926 -51.699 284.395
-70.923 -51.700 284.395
-70.919 -51.699 284.395
-70.915 -51.697 284.395
-70.910 -51.692 284.395
-70.906 -51.692 284.395
-70.903 -51.690 284.395
-70.899 -51.687 284.395
-70.895 -51.686 284.395
-70.892 -51.685 284.395
-70.887 -51.683 284.395
-70.878 -51.679 284.395
-70.874 -51.676 284.395
-70.870 -51.672 284.395
-70.867 -51.670 284.395
-70.865 -51.667 284.395
-70.862 -51.667 284.395
-70.859 -51.661 284.395
-70.854 -51.651 284.395
-70.848 -51.636 284.395
-70.833 -51.598 284.395
-70.831 -51.592 284.395
-70.829 -51.586 284.395
-70.828 -51.575 284.395
-70.827 -51.570 284.395
-70.826 -51.561 284.395
-70.825 -51.558 284.395
-70.823 -51.550 284.395
-70.810 -51.513 284.395
-70.807 -51.506 284.395
-70.802 -51.494 284.395
-70.797 -51.487 284.395
-70.792 -51.479 284.395
-70.789 -51.473 284.395
-70.786 -51.470 284.395
-70.781 -51.457 284.395
-70.778 -51.453 284.395
-70.771 -51.441 284.395
-70.769 -51.434 284.395
-70.766 -51.421 284.395
-70.754 -51.387 284.395
-70.747 -51.373 284.395
-70.745 -51.371 284.395
-70.753 -51.366 284.395
-70.764 -51.364 284.395
-70.770 -51.364 284.395
