-67.917 -51.224 298.002
-67.913 -51.224 298.002
-67.892 -51.225 298.002
-67.886 -51.233 298.002
-67.881 -51.239 298.002
-67.859 -51.266 298.002
-67.839 -51.285 298.002
-67.832 -51.290 298.002
-67.825 -51.295 298.002
-67.815 -51.304 298.002
-67.790 -51.329 298.002
-67.782 -51.337 298.002
-67.779 -51.346 298.002
-67.767 -51.389 298.002
-67.764 -51.401 298.002
-67.756 -51.432 298.002
-67.752 -51.447 298.002
-67.755 -51.481 298.002
-67.756 -51.493 298.002
-67.761 -51.507 298.002
-67.779 -51.542 298.002
-67.785 -51.553 298.002
-67.789 -51.557 298.002
-67.791 -51.560 298.002
-67.796 -51.563 298.002
-67.799 -51.565 298.002
-67.802 -51.567 298.002
-67.806 -51.570 298.002
-67.811 -51.573 298.002
-67.831 -51.604 298.002
-67.842 -51.621 298.002
-67.876 -51.651 298.002
-67.881 -51.656 298.002
-67.883 -51.661 298.002
-67.885 -51.665 298.002
-67.891 -51.673 298.002
-67.892 -51.677 298.002
-67.895 -51.683 298.002
-67.900 -51.691 298.002
-67.902 -51.696 298.002
-67.904 -51.700 298.002
-67.906 -51.704 298.002
-67.907 -51.708 298.002
-67.910 -51.713 298.002
-67.911 -51.717 298.002
-67.913 -51.720 298.002
-67.920 -51.727 298.002
-67.925 -51.730 298.002
-67.928 -51.732 298.002
-67.932 -51.734 298.002
-67.935 -51.737 298.002
-67.941 -51.742 298.002
-67.945 -51.746 298.002
-67.949 -51.747 298.002
-67.952 -51.749 298.002
-67.956 -51.753 298.002
-67.962 -51.757 298.002
-67.965 -51.761 298.002
-67.969 -51.763 298.002
-67.974 -51.766 298.002
-67.978 -51.768 298.002
-67.980 -51.771 298.002
-67.983 -51.773 298.002
-67.986 -51.776 298.002
-67.997 -51.791 298.002
-68.014 -51.827 298.002
-68.014 -51.831 298.002
-68.019 -51.843 298.002
-68.016 -51.846 298.002
-68.019 -51.854 298.002
-68.018 -51.860 298.002
-68.020 -51.867 298.002
-68.022 -51.873 298.002
-68.022 -51.879 298.002
-68.024 -51.890 298.002
-68.024 -51.894 298.002
-68.030 -51.904 298.002
-68.028 -51.907 298.002
-68.027 -51.911 298.002
-68.033 -51.923 298.002
-68.033 -51.929 298.002
-68.031 -51.934 298.002
-68.032 -51.939 298.002
-68.034 -51.948 298.002
-68.035 -51.954 298.002
-68.036 -51.958 298.002
-68.037 -51.965 298.002
-68.039 -51.972 298.002
-68.040 -51.978 298.002
-68.040 -51.984 298.002
-68.042 -51.991 298.002
-68.044 -51.995 298.002
-68.046 -52.000 298.002
-68.047 -52.004 298.002
-68.048 -52.008 298.002
-68.049 -52.013 298.002
-68.050 -52.017 298.002
-68.054 -52.026 298.002
-68.057 -52.032 298.002
-68.064 -52.043 298.002
-68.070 -52.052 298.002
-68.072 -52.055 298.002
-68.074 -52.058 298.002
-68.078 -52.063 298.002
-68.081 -52.068 298.002
-68.102 -52.105 298.002
-68.104 -52.110 298.002
-68.105 -52.114 298.002
-68.107 -52.119 298.002
-68.108 -52.123 298.002
-68.110 -52.127 298.002
-68.112 -52.132 298.002
-68.113 -52.137 298.002
-68.115 -52.141 298.002
-68.116 -52.145 298.002
-68.118 -52.151 298.002
-68.120 -52.156 298.002
-68.122 -52.161 298.002
-68.123 -52.166 298.002
-68.125 -52.171 298.002
-68.126 -52.178 298.002
-68.127 -52.182 298.002
-68.128 -52.186 298.002
-68.129 -52.190 298.002
-68.131 -52.195 298.002
-68.131 -52.199 298.002
-68.133 -52.204 298.002
-68.134 -52.209 298.002
-68.136 -52.216 298.002
-68.138 -52.223 298.002
-68.138 -52.228 298.002
-68.140 -52.233 298.002
-68.141 -52.239 298.002
-68.143 -52.244 298.002
-68.151 -52.262 298.002
-68.157 -52.277 298.002
-68.162 -52.288 298.002
-68.171 -52.308 298.002
-68.175 -52.317 298.002
-68.181 -52.330 298.002
-68.185 -52.340 298.002
-68.188 -52.346 298.002
-68.194 -52.360 298.002
-68.199 -52.370 298.002
-68.203 -52.380 298.002
-68.209 -52.392 298.002
-68.211 -52.396 298.002
-68.213 -52.401 298.002
-68.216 -52.407 298.002
-68.218 -52.412 298.002
-68.223 -52.419 298.002
-68.225 -52.422 298.002
-68.232 -52.433 298.002
-68.239 -52.444 298.002
-68.244 -52.451 298.002
-68.249 -52.456 298.002
-68.253 -52.462 298.002
-68.259 -52.471 298.002
-68.264 -52.478 298.002
-68.267 -52.483 298.002
-68.292 -52.520 298.002
-68.296 -52.528 298.002
-68.298 -52.535 298.002
-68.300 -52.540 298.002
-68.306 -52.552 298.002
-68.314 -52.567 298.002
-68.323 -52.584 298.002
-68.334 -52.605 298.002
-68.342 -52.621 298.002
-68.343 -52.626 298.002
-68.346 -52.633 298.002
-68.348 -52.639 298.002
-68.350 -52.644 298.002
-68.351 -52.648 298.002
-68.353 -52.654 298.002
-68.355 -52.661 298.002
-68.358 -52.670 298.002
-68.362 -52.683 298.002
-68.366 -52.694 298.002
-68.370 -52.707 298.002
-68.374 -52.717 298.002
-68.378 -52.727 298.002
-68.383 -52.740 298.002
-68.390 -52.759 298.002
-68.398 -52.773 298.002
-68.400 -52.776 298.002
-68.413 -52.799 298.002
-68.417 -52.806 298.002
-68.439 -52.844 298.002
-68.444 -52.854 298.002
-68.447 -52.860 298.002
-68.450 -52.866 298.002
-68.453 -52.872 298.002
-68.456 -52.878 298.002
-68.458 -52.883 298.002
-68.464 -52.894 298.002
-68.473 -52.911 298.002
-68.494 -52.948 298.002
-68.502 -52.962 298.002
-68.505 -52.966 298.002
-68.525 -53.001 298.002
-68.530 -53.008 298.002
-68.535 -53.014 298.002
-68.542 -53.024 298.002
-68.546 -53.028 298.002
-68.550 -53.033 298.002
-68.553 -53.038 298.002
-68.570 -53.057 298.002
-68.573 -53.059 298.002
-68.579 -53.065 298.002
-68.587 -53.075 298.002
-68.594 -53.083 298.002
-68.599 -53.090 298.002
-68.610 -53.101 298.002
-68.624 -53.116 298.002
-68.641 -53.139 298.002
-68.643 -53.143 298.002
-68.651 -53.155 298.002
-68.653 -53.159 298.002
-68.660 -53.169 298.002
-68.667 -53.182 298.002
-68.669 -53.185 298.002
-68.676 -53.197 298.002
-68.678 -53.202 298.002
-68.680 -53.209 298.002
-68.683 -53.214 298.002
-68.688 -53.224 298.002
-68.697 -53.244 298.002
-68.703 -53.255 298.002
-68.706 -53.262 298.002
-68.710 -53.269 298.002
-68.712 -53.272 298.002
-68.713 -53.277 298.002
-68.717 -53.285 298.002
-68.721 -53.294 298.002
-68.724 -53.299 298.002
-68.730 -53.311 298.002
-68.732 -53.316 298.002
-68.734 -53.320 298.002
-68.740 -53.331 298.002
-68.742 -53.336 298.002
-68.749 -53.348 298.002
-68.752 -53.356 298.002
-68.756 -53.363 298.002
-68.760 -53.367 298.002
-68.763 -53.370 298.002
-68.766 -53.375 298.002
-68.779 -53.398 298.002
-68.798 -53.434 298.002
-68.802 -53.444 298.002
-68.804 -53.448 298.002
-68.807 -53.453 298.002
-68.808 -53.458 298.002
-68.810 -53.465 298.002
-68.814 -53.475 298.002
-68.816 -53.483 298.002
-68.823 -53.499 298.002
-68.826 -53.506 298.002
-68.839 -53.529 298.002
-68.839 -53.537 298.002
-68.842 -53.544 298.002
-68.859 -53.574 298.002
-68.863 -53.584 298.002
-68.869 -53.599 298.002
-68.878 -53.618 298.002
-68.880 -53.622 298.002
-68.885 -53.631 298.002
-68.887 -53.634 298.002
-68.907 -53.667 298.002
-68.909 -53.670 298.002
-68.919 -53.687 298.002
-68.923 -53.693 298.002
-68.935 -53.713 298.002
-68.938 -53.716 298.002
-68.941 -53.720 298.002
-68.947 -53.729 298.002
-68.951 -53.731 298.002
-68.954 -53.733 298.002
-68.958 -53.733 298.002
-68.961 -53.736 298.002
-68.965 -53.738 298.002
-68.971 -53.735 298.002
-68.978 -53.743 298.002
-68.981 -53.745 298.002
-68.990 -53.748 298.002
-68.994 -53.751 298.002
-69.003 -53.753 298.002
-69.006 -53.755 298.002
-69.009 -53.758 298.002
-69.014 -53.760 298.002
-69.018 -53.759 298.002
-69.024 -53.761 298.002
-69.032 -53.762 298.002
-69.038 -53.764 298.002
-69.042 -53.764 298.002
-69.046 -53.766 298.002
-69.054 -53.767 298.002
-69.058 -53.766 298.002
-69.062 -53.769 298.002
-69.066 -53.770 298.002
-69.071 -53.771 298.002
-69.077 -53.772 298.002
-69.082 -53.774 298.002
-69.091 -53.778 298.002
-69.126 -53.807 298.002
-69.128 -53.810 298.002
-69.129 -53.814 298.002
-69.131 -53.819 298.002
-69.134 -53.824 298.002
-69.136 -53.828 298.002
-69.136 -53.832 298.002
-69.138 -53.837 298.002
-69.140 -53.841 298.002
-69.142 -53.844 298.002
-69.143 -53.848 298.002
-69.145 -53.852 298.002
-69.149 -53.859 298.002
-69.151 -53.866 298.002
-69.154 -53.872 298.002
-69.159 -53.881 298.002
-69.161 -53.885 298.002
-69.163 -53.892 298.002
-69.168 -53.902 298.002
-69.171 -53.907 298.002
-69.172 -53.911 298.002
-69.175 -53.917 298.002
-69.178 -53.924 298.002
-69.180 -53.928 298.002
-69.182 -53.931 298.002
-69.185 -53.939 298.002
-69.190 -53.947 298.002
-69.192 -53.955 298.002
-69.199 -53.969 298.002
-69.201 -53.974 298.002
-69.204 -53.982 298.002
-69.207 -53.988 298.002
-69.214 -54.002 298.002
-69.218 -54.010 298.002
-69.222 -54.017 298.002
-69.229 -54.031 298.002
-69.232 -54.036 298.002
-69.237 -54.045 298.002
-69.242 -54.054 298.002
-69.246 -54.063 298.002
-69.258 -54.084 298.002
-69.269 -54.104 298.002
-69.271 -54.110 298.002
-69.274 -54.116 298.002
-69.276 -54.120 298.002
-69.280 -54.127 298.002
-69.283 -54.133 298.002
-69.285 -54.137 298.002
-69.290 -54.147 298.002
-69.297 -54.159 298.002
-69.311 -54.179 298.002
-69.314 -54.181 298.002
-69.319 -54.188 298.002
-69.323 -54.190 298.002
-69.330 -54.202 298.002
-69.333 -54.207 298.002
-69.342 -54.222 298.002
-69.360 -54.253 298.002
-69.372 -54.272 298.002
-69.375 -54.276 298.002
-69.378 -54.279 298.002
-69.381 -54.284 298.002
-69.387 -54.294 298.002
-69.395 -54.304 298.002
-69.403 -54.318 298.002
-69.407 -54.322 298.002
-69.415 -54.335 298.002
-69.422 -54.346 298.002
-69.427 -54.353 298.002
-69.448 -54.391 298.002
-69.459 -54.410 298.002
-69.475 -54.440 298.002
-69.479 -54.448 298.002
-69.485 -54.458 298.002
-69.488 -54.461 298.002
-69.495 -54.471 298.002
-69.498 -54.474 298.002
-69.503 -54.480 298.002
-69.505 -54.483 298.002
-69.508 -54.486 298.002
-69.511 -54.489 298.002
-69.515 -54.494 298.002
-69.518 -54.497 298.002
-69.521 -54.500 298.002
-69.524 -54.504 298.002
-69.527 -54.507 298.002
-69.529 -54.510 298.002
-69.533 -54.514 298.002
-69.536 -54.517 298.002
-69.539 -54.521 298.002
-69.544 -54.529 298.002
-69.550 -54.536 298.002
-69.553 -54.540 298.002
-69.556 -54.544 298.002
-69.561 -54.551 298.002
-69.584 -54.590 298.002
-69.587 -54.595 298.002
-69.590 -54.601 298.002
-69.594 -54.609 298.002
-69.599 -54.619 298.002
-69.602 -54.624 298.002
-69.622 -54.658 298.002
-69.629 -54.672 298.002
-69.634 -54.682 298.002
-69.636 -54.687 298.002
-69.643 -54.700 298.002
-69.645 -54.705 298.002
-69.649 -54.712 298.002
-69.652 -54.718 298.002
-69.657 -54.729 298.002
-69.661 -54.735 298.002
-69.664 -54.739 298.002
-69.669 -54.745 298.002
-69.673 -54.749 298.002
-69.677 -54.754 298.002
-69.680 -54.757 298.002
-69.684 -54.762 298.002
-69.688 -54.766 298.002
-69.691 -54.769 298.002
-69.693 -54.772 298.002
-69.697 -54.775 298.002
-69.700 -54.778 298.002
-69.703 -54.781 298.002
-69.707 -54.786 298.002
-69.710 -54.788 298.002
-69.713 -54.792 298.002
-69.716 -54.795 298.002
-69.720 -54.801 298.002
-69.724 -54.806 298.002
-69.726 -54.809 298.002
-69.729 -54.813 298.002
-69.735 -54.821 298.002
-69.741 -54.829 298.002
-69.744 -54.833 298.002
-69.746 -54.836 298.002
-69.751 -54.842 298.002
-69.753 -54.845 298.002
-69.758 -54.851 298.002
-69.761 -54.854 298.002
-69.765 -54.858 298.002
-69.767 -54.861 298.002
-69.771 -54.863 298.002
-69.776 -54.865 298.002
-69.779 -54.870 298.002
-69.783 -54.872 298.002
-69.789 -54.880 298.002
-69.792 -54.882 298.002
-69.797 -54.886 298.002
-69.800 -54.888 298.002
-69.805 -54.892 298.002
-69.808 -54.894 298.002
-69.812 -54.897 298.002
-69.815 -54.899 298.002
-69.819 -54.902 298.002
-69.824 -54.907 298.002
-69.826 -54.910 298.002
-69.830 -54.912 298.002
-69.836 -54.916 298.002
-69.839 -54.919 298.002
-69.843 -54.918 298.002
-69.848 -54.925 298.002
-69.852 -54.924 298.002
-69.855 -54.928 298.002
-69.858 -54.930 298.002
-69.861 -54.933 298.002
-69.865 -54.935 298.002
-69.870 -54.940 298.002
-69.874 -54.942 298.002
-69.879 -54.944 298.002
-69.883 -54.948 298.002
-69.888 -54.949 298.002
-69.891 -54.954 298.002
-69.895 -54.955 298.002
-69.899 -54.958 298.002
-69.903 -54.962 298.002
-69.909 -54.967 298.002
-69.914 -54.970 298.002
-69.919 -54.973 298.002
-69.922 -54.976 298.002
-69.926 -54.975 298.002
-69.931 -54.982 298.002
-69.936 -54.985 298.002
-69.943 -54.990 298.002
-69.948 -54.995 298.002
-69.953 -54.999 298.002
-69.956 -55.001 298.002
-69.959 -55.003 298.002
-69.964 -55.008 298.002
-69.967 -55.010 298.002
-69.973 -55.015 298.002
-69.978 -55.018 298.002
-69.981 -55.020 298.002
-69.984 -55.024 298.002
-69.989 -55.027 298.002
-69.994 -55.030 298.002
-69.997 -55.032 298.002
-70.001 -55.037 298.002
-70.005 -55.040 298.002
-70.010 -55.042 298.002
-70.013 -55.047 298.002
-70.017 -55.051 298.002
-70.021 -55.054 298.002
-70.025 -55.054 298.002
-70.028 -55.058 298.002
-70.031 -55.061 298.002
-70.034 -55.063 298.002
-70.038 -55.066 298.002
-70.044 -55.072 298.002
-70.051 -55.076 298.002
-70.053 -55.079 298.002
-70.057 -55.082 298.002
-70.061 -55.085 298.002
-70.064 -55.087 298.002
-70.070 -55.091 298.002
-70.072 -55.094 298.002
-70.075 -55.097 298.002
-70.079 -55.100 298.002
-70.083 -55.103 298.002
-70.089 -55.106 298.002
-70.092 -55.109 298.002
-70.095 -55.112 298.002
-70.099 -55.116 298.002
-70.103 -55.116 298.002
-70.106 -55.122 298.002
-70.110 -55.125 298.002
-70.113 -55.128 298.002
-70.118 -55.132 298.002
-70.121 -55.136 298.002
-70.126 -55.139 298.002
-70.129 -55.143 298.002
-70.132 -55.145 298.002
-70.135 -55.148 298.002
-70.141 -55.153 298.002
-70.144 -55.155 298.002
-70.148 -55.159 298.002
-70.152 -55.162 298.002
-70.156 -55.164 298.002
-70.158 -55.167 298.002
-70.161 -55.170 298.002
-70.166 -55.175 298.002
-70.170 -55.177 298.002
-70.174 -55.181 298.002
-70.178 -55.184 298.002
-70.183 -55.186 298.002
-70.188 -55.194 298.002
-70.191 -55.196 298.002
-70.199 -55.208 298.002
-70.204 -55.211 298.002
-70.209 -55.216 298.002
-70.214 -55.226 298.002
-70.219 -55.232 298.002
-70.223 -55.235 298.002
-70.228 -55.240 298.002
-70.232 -55.246 298.002
-70.235 -55.250 298.002
-70.239 -55.255 298.002
-70.242 -55.257 298.002
-70.248 -55.263 298.002
-70.252 -55.262 298.002
-70.255 -55.268 298.002
-70.258 -55.270 298.002
-70.263 -55.271 298.002
-70.265 -55.275 298.002
-70.273 -55.283 298.002
-70.277 -55.285 298.002
-70.282 -55.284 298.002
-70.288 -55.289 298.002
-70.295 -55.300 298.002
-70.298 -55.303 298.002
-70.300 -55.306 298.002
-70.306 -55.313 298.002
-70.310 -55.312 298.002
-70.314 -55.320 298.002
-70.318 -55.324 298.002
-70.322 -55.329 298.002
-70.325 -55.332 298.002
-70.331 -55.337 298.002
-70.333 -55.341 298.002
-70.338 -55.344 298.002
-70.340 -55.347 298.002
-70.342 -55.351 298.002
-70.345 -55.354 298.002
-70.348 -55.357 298.002
-70.351 -55.360 298.002
-70.356 -55.367 298.002
-70.360 -55.370 298.002
-70.364 -55.373 298.002
-70.371 -55.381 298.002
-70.373 -55.384 298.002
-70.377 -55.385 298.002
-70.380 -55.388 298.002
-70.382 -55.391 298.002
-70.385 -55.393 298.002
-70.390 -55.398 298.002
-70.393 -55.401 298.002
-70.398 -55.408 298.002
-70.402 -55.411 298.002
-70.407 -55.415 298.002
-70.411 -55.417 298.002
-70.415 -55.420 298.002
-70.418 -55.422 298.002
-70.422 -55.430 298.002
-70.426 -55.429 298.002
-70.429 -55.434 298.002
-70.435 -55.440 298.002
-70.439 -55.441 298.002
-70.442 -55.445 298.002
-70.446 -55.451 298.002
-70.449 -55.454 298.002
-70.452 -55.456 298.002
-70.454 -55.460 298.002
-70.459 -55.463 298.002
-70.461 -55.467 298.002
-70.465 -55.471 298.002
-70.469 -55.476 298.002
-70.473 -55.479 298.002
-70.475 -55.482 298.002
-70.481 -55.488 298.002
-70.485 -55.492 298.002
-70.488 -55.496 298.002
-70.492 -55.498 298.002
-70.494 -55.501 298.002
-70.497 -55.505 298.002
-70.500 -55.508 298.002
-70.503 -55.511 298.002
-70.507 -55.514 298.002
-70.510 -55.519 298.002
-70.513 -55.522 298.002
-70.516 -55.524 298.002
-70.519 -55.527 298.002
-70.521 -55.530 298.002
-70.526 -55.535 298.002
-70.534 -55.540 298.002
-70.537 -55.545 298.002
-70.541 -55.547 298.002
-70.544 -55.551 298.002
-70.549 -55.552 298.002
-70.552 -55.558 298.002
-70.556 -55.559 298.002
-70.558 -55.563 298.002
-70.561 -55.565 298.002
-70.566 -55.568 298.002
-70.568 -55.571 298.002
-70.574 -55.575 298.002
-70.576 -55.579 298.002
-70.580 -55.581 298.002
-70.585 -55.587 298.002
-70.588 -55.590 298.002
-70.591 -55.592 298.002
-70.594 -55.594 298.002
-70.596 -55.597 298.002
-70.599 -55.599 298.002
-70.604 -55.603 298.002
-70.606 -55.607 298.002
-70.614 -55.615 298.002
-70.618 -55.616 298.002
-70.621 -55.620 298.002
-70.624 -55.624 298.002
-70.630 -55.631 298.002
-70.633 -55.634 298.002
-70.636 -55.637 298.002
-70.639 -55.640 298.002
-70.642 -55.642 298.002
-70.645 -55.647 298.002
-70.649 -55.646 298.002
-70.655 -55.656 298.002
-70.664 -55.668 298.002
-70.669 -55.673 298.002
-70.673 -55.678 298.002
-70.676 -55.684 298.002
-70.681 -55.686 298.002
-70.687 -55.690 298.002
-70.690 -55.695 298.002
-70.695 -55.694 298.002
-70.697 -55.699 298.002
-70.699 -55.704 298.002
-70.702 -55.706 298.002
-70.708 -55.711 298.002
-70.711 -55.715 298.002
-70.719 -55.721 298.002
-70.721 -55.724 298.002
-70.725 -55.728 298.002
-70.730 -55.727 298.002
-70.734 -55.731 298.002
-70.737 -55.734 298.002
-70.743 -55.737 298.002
-70.746 -55.741 298.002
-70.753 -55.752 298.002
-70.758 -55.754 298.002
-70.766 -55.758 298.002
-70.772 -55.764 298.002
-70.780 -55.769 298.002
-70.787 -55.772 298.002
-70.796 -55.776 298.002
-70.802 -55.779 298.002
-70.810 -55.780 298.002
-70.814 -55.784 298.002
-70.818 -55.791 298.002
-70.823 -55.794 298.002
-70.830 -55.794 298.002
-70.833 -55.799 298.002
-70.841 -55.802 298.002
-70.845 -55.804 298.002
-70.849 -55.807 298.002
-70.858 -55.814 298.002
-70.871 -55.826 298.002
-70.876 -55.832 298.002
-70.881 -55.837 298.002
-70.888 -55.844 298.002
-70.891 -55.846 298.002
-70.901 -55.856 298.002
-70.905 -55.858 298.002
-70.907 -55.863 298.002
-70.914 -55.865 298.002
-70.917 -55.868 298.002
-70.927 -55.882 298.002
-70.931 -55.886 298.002
-70.934 -55.888 298.002
-70.937 -55.890 298.002
-70.940 -55.892 298.002
-70.949 -55.901 298.002
-70.953 -55.906 298.002
-70.955 -55.909 298.002
-70.961 -55.909 298.002
-70.963 -55.915 298.002
-70.966 -55.919 298.002
-70.975 -55.926 298.002
-70.978 -55.929 298.002
-70.982 -55.934 298.002
-70.986 -55.938 298.002
-70.991 -55.941 298.002
-70.997 -55.948 298.002
-71.000 -55.951 298.002
-71.006 -55.956 298.002
-71.009 -55.958 298.002
-71.015 -55.961 298.002
-71.017 -55.964 298.002
-71.020 -55.966 298.002
-71.025 -55.967 298.002
-71.028 -55.972 298.002
-71.032 -55.972 298.002
-71.035 -55.976 298.002
-71.041 -55.977 298.002
-71.045 -55.981 298.002
-71.049 -55.981 298.002
-71.051 -55.985 298.002
-71.055 -55.985 298.002
-71.059 -55.986 298.002
-71.063 -55.991 298.002
-71.067 -55.991 298.002
-71.070 -55.994 298.002
-71.074 -55.996 298.002
-71.077 -55.999 298.002
-71.081 -55.998 298.002
-71.084 -56.001 298.002
-71.088 -56.005 298.002
-71.093 -56.008 298.002
-71.097 -56.009 298.002
-71.100 -56.011 298.002
-71.103 -56.013 298.002
-71.106 -56.015 298.002
-71.111 -56.017 298.002
-71.115 -56.017 298.002
-71.119 -56.020 298.002
-71.122 -56.022 298.002
-71.126 -56.023 298.002
-71.129 -56.025 298.002
-71.132 -56.027 298.002
-71.135 -56.030 298.002
-71.138 -56.033 298.002
-71.142 -56.037 298.002
-71.145 -56.040 298.002
-71.148 -56.043 298.002
-71.151 -56.045 298.002
-71.154 -56.048 298.002
-71.157 -56.051 298.002
-71.160 -56.053 298.002
-71.163 -56.057 298.002
-71.167 -56.061 298.002
-71.171 -56.065 298.002
-71.182 -56.071 298.002
-71.187 -56.074 298.002
-71.191 -56.075 298.002
-71.195 -56.077 298.002
-71.199 -56.079 298.002
-71.205 -56.081 298.002
-71.210 -56.084 298.002
-71.214 -56.085 298.002
-71.217 -56.087 298.002
-71.221 -56.089 298.002
-71.226 -56.091 298.002
-71.230 -56.093 298.002
-71.234 -56.095 298.002
-71.238 -56.096 298.002
-71.242 -56.098 298.002
-71.246 -56.100 298.002
-71.251 -56.101 298.002
-71.255 -56.104 298.002
-71.263 -56.108 298.002
-71.267 -56.109 298.002
-71.270 -56.111 298.002
-71.274 -56.112 298.002
-71.277 -56.114 298.002
-71.281 -56.116 298.002
-71.285 -56.118 298.002
-71.289 -56.120 298.002
-71.293 -56.122 298.002
-71.296 -56.125 298.002
-71.300 -56.126 298.002
-71.305 -56.130 298.002
-71.308 -56.132 298.002
-71.312 -56.134 298.002
-71.316 -56.136 298.002
-71.325 -56.142 298.002
-71.329 -56.145 298.002
-71.334 -56.142 298.002
-71.339 -56.146 298.002
-71.344 -56.147 298.002
-71.350 -56.148 298.002
-71.354 -56.149 298.002
-71.362 -56.148 298.002
-71.367 -56.147 298.002
-71.374 -56.153 298.002
-71.380 -56.151 298.002
-71.384 -56.154 298.002
-71.394 -56.155 298.002
-71.398 -56.157 298.002
-71.401 -56.155 298.002
-71.404 -56.157 298.002
-71.407 -56.159 298.002
-71.413 -56.159 298.002
-71.417 -56.159 298.002
-71.421 -56.159 298.002
-71.424 -56.161 298.002
-71.432 -56.163 298.002
-71.436 -56.162 298.002
-71.441 -56.165 298.002
-71.448 -56.167 298.002
-71.460 -56.170 298.002
-71.469 -56.171 298.002
-71.484 -56.171 298.002
-71.518 -56.182 298.002
-71.523 -56.186 298.002
-71.525 -56.191 298.002
-71.525 -56.197 298.002
-71.526 -56.201 298.002
-71.532 -56.209 298.002
-71.536 -56.214 298.002
-71.537 -56.218 298.002
-71.538 -56.222 298.002
-71.536 -56.227 298.002
-71.538 -56.237 298.002
-71.536 -56.241 298.002
-71.538 -56.247 298.002
-71.536 -56.251 298.002
-71.539 -56.262 298.002
-71.537 -56.266 298.002
-71.538 -56.270 298.002
-71.538 -56.274 298.002
-71.541 -56.280 298.002
-71.538 -56.284 298.002
-71.546 -56.293 298.002
-71.543 -56.296 298.002
-71.540 -56.299 298.002
-71.543 -56.303 298.002
-71.540 -56.308 298.002
-71.542 -56.315 298.002
-71.544 -56.326 298.002
-71.542 -56.329 298.002
-71.542 -56.335 298.002
-71.546 -56.342 298.002
-71.543 -56.346 298.002
-71.545 -56.349 298.002
-71.546 -56.360 298.002
-71.545 -56.366 298.002
-71.546 -56.370 298.002
-71.548 -56.375 298.002
-71.547 -56.382 298.002
-71.550 -56.393 298.002
-71.550 -56.397 298.002
-71.551 -56.403 298.002
-71.555 -56.413 298.002
-71.557 -56.418 298.002
-71.552 -56.423 298.002
-71.555 -56.428 298.002
-71.556 -56.438 298.002
-71.556 -56.445 298.002
-71.557 -56.456 298.002
-71.556 -56.462 298.002
-71.553 -56.472 298.002
-71.552 -56.477 298.002
-71.552 -56.481 298.002
-71.553 -56.486 298.002
-71.555 -56.494 298.002
-71.554 -56.510 298.002
-71.553 -56.517 298.002
-71.556 -56.531 298.002
-71.558 -56.537 298.002
-71.555 -56.540 298.002
-71.555 -56.546 298.002
-71.557 -56.557 298.002
-71.560 -56.563 298.002
-71.561 -56.568 298.002
-71.561 -56.573 298.002
-71.562 -56.589 298.002
-71.577 -56.630 298.002
-71.583 -56.646 298.002
-71.584 -56.651 298.002
-71.588 -56.662 298.002
-71.590 -56.669 298.002
-71.589 -56.673 298.002
-71.596 -56.693 298.002
-71.609 -56.714 298.002
-71.613 -56.720 298.002
-71.616 -56.723 298.002
-71.620 -56.729 298.002
-71.625 -56.735 298.002
-71.632 -56.748 298.002
-71.635 -56.753 298.002
-71.639 -56.759 298.002
-71.645 -56.769 298.002
-71.651 -56.781 298.002
-71.656 -56.792 298.002
-71.664 -56.810 298.002
-71.666 -56.813 298.002
-71.673 -56.826 298.002
-71.678 -56.837 298.002
-71.681 -56.844 298.002
-71.684 -56.847 298.002
-71.691 -56.863 298.002
-71.703 -56.891 298.002
-71.709 -56.909 298.002
-71.717 -56.931 298.002
-71.728 -56.958 298.002
-71.731 -56.966 298.002
-71.732 -56.970 298.002
-71.735 -56.978 298.002
-71.740 -56.990 298.002
-71.742 -56.999 298.002
-71.744 -57.004 298.002
-71.745 -57.016 298.002
-71.740 -57.020 298.002
-71.744 -57.033 298.002
-71.743 -57.042 298.002
-71.744 -57.046 298.002
-71.750 -57.060 298.002
-71.745 -57.068 298.002
-71.748 -57.075 298.002
-71.749 -57.085 298.002
-71.749 -57.089 298.002
-71.753 -57.104 298.002
-71.757 -57.109 298.002
-71.760 -57.113 298.002
-71.764 -57.119 298.002
-71.767 -57.126 298.002
-71.787 -57.167 298.002
-71.788 -57.171 298.002
-71.799 -57.204 298.002
-71.802 -57.221 298.002
-71.804 -57.226 298.002
-71.804 -57.230 298.002
-71.806 -57.237 298.002
-71.805 -57.243 298.002
-71.805 -57.249 298.002
-71.809 -57.260 298.002
-71.808 -57.269 298.002
-71.810 -57.281 298.002
-71.809 -57.290 298.002
-71.811 -57.297 298.002
-71.812 -57.304 298.002
-71.813 -57.310 298.002
-71.813 -57.322 298.002
-71.814 -57.330 298.002
-71.814 -57.335 298.002
-71.816 -57.344 298.002
-71.814 -57.347 298.002
-71.814 -57.351 298.002
-71.815 -57.355 298.002
-71.815 -57.362 298.002
-71.813 -57.366 298.002
-71.813 -57.370 298.002
-71.815 -57.376 298.002
-71.812 -57.383 298.002
-71.815 -57.393 298.002
-71.810 -57.395 298.002
-71.811 -57.403 298.002
-71.810 -57.421 298.002
-71.809 -57.434 298.002
-71.812 -57.441 298.002
-71.809 -57.447 298.002
-71.809 -57.456 298.002
-71.808 -57.460 298.002
-71.810 -57.465 298.002
-71.812 -57.481 298.002
-71.809 -57.484 298.002
-71.811 -57.489 298.002
-71.809 -57.492 298.002
-71.808 -57.498 298.002
-71.809 -57.503 298.002
-71.809 -57.508 298.002
-71.810 -57.514 298.002
-71.807 -57.520 298.002
-71.807 -57.526 298.002
-71.808 -57.535 298.002
-71.808 -57.540 298.002
-71.810 -57.551 298.002
-71.808 -57.555 298.002
-71.810 -57.567 298.002
-71.810 -57.571 298.002
-71.809 -57.576 298.002
-71.810 -57.581 298.002
-71.810 -57.585 298.002
-71.810 -57.589 298.002
-71.810 -57.594 298.002
-71.810 -57.601 298.002
-71.811 -57.607 298.002
-71.811 -57.615 298.002
-71.812 -57.619 298.002
-71.813 -57.628 298.002
-71.810 -57.634 298.002
-71.810 -57.639 298.002
-71.808 -57.650 298.002
-71.805 -57.659 298.002
-71.806 -57.663 298.002
-71.808 -57.669 298.002
-71.806 -57.675 298.002
-71.806 -57.687 298.002
-71.806 -57.691 298.002
-71.806 -57.697 298.002
-71.805 -57.704 298.002
-71.807 -57.711 298.002
-71.805 -57.714 298.002
-71.807 -57.726 298.002
-71.806 -57.732 298.002
-71.806 -57.736 298.002
-71.804 -57.747 298.002
-71.806 -57.756 298.002
-71.803 -57.759 298.002
-71.802 -57.766 298.002
-71.804 -57.772 298.002
-71.802 -57.778 298.002
-71.803 -57.787 298.002
-71.803 -57.791 298.002
-71.801 -57.798 298.002
-71.800 -57.803 298.002
-71.802 -57.811 298.002
-71.800 -57.818 298.002
-71.799 -57.828 298.002
-71.800 -57.834 298.002
-71.801 -57.838 298.002
-71.798 -57.840 298.002
-71.800 -57.855 298.002
-71.797 -57.862 298.002
-71.798 -57.869 298.002
-71.797 -57.874 298.002
-71.798 -57.888 298.002
-71.793 -57.896 298.002
-71.793 -57.905 298.002
-71.796 -57.918 298.002
-71.792 -57.920 298.002
-71.793 -57.925 298.002
-71.791 -57.930 298.002
-71.791 -57.937 298.002
-71.792 -57.943 298.002
-71.792 -57.951 298.002
-71.792 -57.957 298.002
-71.791 -57.961 298.002
-71.790 -57.969 298.002
-71.788 -57.975 298.002
-71.789 -57.981 298.002
-71.790 -57.987 298.002
-71.788 -57.990 298.002
-71.789 -57.995 298.002
-71.796 -58.024 298.002
-71.802 -58.044 298.002
-71.807 -58.045 298.002
-71.811 -58.047 298.002
-71.814 -58.055 298.002
-71.817 -58.057 298.002
-71.824 -58.063 298.002
-71.828 -58.066 298.002
-71.834 -58.067 298.002
-71.840 -58.073 298.002
-71.842 -58.079 298.002
-71.844 -58.082 298.002
-71.860 -58.116 298.002
-71.864 -58.131 298.002
-71.865 -58.141 298.002
-71.865 -58.151 298.002
-71.867 -58.177 298.002
-71.868 -58.182 298.002
-71.865 -58.187 298.002
-71.866 -58.194 298.002
-71.864 -58.197 298.002
-71.864 -58.202 298.002
-71.863 -58.215 298.002
-71.858 -58.225 298.002
-71.859 -58.229 298.002
-71.857 -58.233 298.002
-71.854 -58.236 298.002
-71.854 -58.242 298.002
-71.852 -58.246 298.002
-71.848 -58.250 298.002
-71.846 -58.253 298.002
-71.847 -58.259 298.002
-71.842 -58.265 298.002
-71.842 -58.272 298.002
-71.838 -58.275 298.002
-71.836 -58.280 298.002
-71.835 -58.285 298.002
-71.830 -58.287 298.002
-71.824 -58.291 298.002
-71.821 -58.295 298.002
-71.818 -58.300 298.002
-71.813 -58.307 298.002
-71.809 -58.314 298.002
-71.809 -58.319 298.002
-71.804 -58.321 298.002
-71.803 -58.325 298.002
-71.800 -58.327 298.002
-71.798 -58.331 298.002
-71.795 -58.333 298.002
-71.795 -58.337 298.002
-71.789 -58.345 298.002
-71.788 -58.351 298.002
-71.786 -58.354 298.002
-71.785 -58.358 298.002
-71.780 -58.364 298.002
-71.775 -58.368 298.002
-71.776 -58.372 298.002
-71.773 -58.375 298.002
-71.769 -58.378 298.002
-71.769 -58.382 298.002
-71.768 -58.387 298.002
-71.768 -58.392 298.002
-71.767 -58.396 298.002
-71.765 -58.399 298.002
-71.766 -58.405 298.002
-71.764 -58.408 298.002
-71.763 -58.412 298.002
-71.760 -58.416 298.002
-71.761 -58.421 298.002
-71.758 -58.423 298.002
-71.753 -58.439 298.002
-71.753 -58.443 298.002
-71.752 -58.447 298.002
-71.752 -58.454 298.002
-71.750 -58.460 298.002
-71.748 -58.463 298.002
-71.750 -58.471 298.002
-71.748 -58.477 298.002
-71.749 -58.487 298.002
-71.749 -58.491 298.002
-71.751 -58.504 298.002
-71.750 -58.508 298.002
-71.755 -58.517 298.002
-71.754 -58.522 298.002
-71.750 -58.528 298.002
-71.753 -58.534 298.002
-71.752 -58.540 298.002
-71.754 -58.548 298.002
-71.752 -58.553 298.002
-71.754 -58.560 298.002
-71.754 -58.564 298.002
-71.754 -58.568 298.002
-71.754 -58.572 298.002
-71.754 -58.580 298.002
-71.753 -58.584 298.002
-71.753 -58.589 298.002
-71.754 -58.594 298.002
-71.756 -58.600 298.002
-71.757 -58.604 298.002
-71.759 -58.611 298.002
-71.760 -58.615 298.002
-71.762 -58.620 298.002
-71.763 -58.626 298.002
-71.764 -58.633 298.002
-71.767 -58.641 298.002
-71.767 -58.645 298.002
-71.772 -58.654 298.002
-71.775 -58.660 298.002
-71.777 -58.665 298.002
-71.779 -58.671 298.002
-71.783 -58.679 298.002
-71.785 -58.684 298.002
-71.790 -58.693 298.002
-71.792 -58.697 298.002
-71.794 -58.701 298.002
-71.798 -58.708 298.002
-71.804 -58.717 298.002
-71.821 -58.751 298.002
-71.822 -58.755 298.002
-71.824 -58.760 298.002
-71.826 -58.765 298.002
-71.828 -58.769 298.002
-71.828 -58.774 298.002
-71.830 -58.778 298.002
-71.832 -58.782 298.002
-71.833 -58.786 298.002
-71.834 -58.790 298.002
-71.835 -58.795 298.002
-71.836 -58.799 298.002
-71.838 -58.804 298.002
-71.840 -58.809 298.002
-71.845 -58.813 298.002
-71.874 -58.842 298.002
-71.877 -58.846 298.002
-71.879 -58.849 298.002
-71.883 -58.855 298.002
-71.885 -58.858 298.002
-71.888 -58.863 298.002
-71.893 -58.871 298.002
-71.899 -58.880 298.002
-71.902 -58.884 298.002
-71.905 -58.890 298.002
-71.907 -58.893 298.002
-71.909 -58.897 298.002
-71.913 -58.905 298.002
-71.916 -58.910 298.002
-71.918 -58.913 298.002
-71.920 -58.917 298.002
-71.923 -58.922 298.002
-71.925 -58.926 298.002
-71.927 -58.931 298.002
-71.930 -58.936 298.002
-71.932 -58.939 298.002
-71.937 -58.948 298.002
-71.940 -58.953 298.002
-71.942 -58.958 298.002
-71.946 -58.965 298.002
-71.951 -58.974 298.002
-71.953 -58.978 298.002
-71.958 -58.986 298.002
-71.964 -58.996 298.002
-71.966 -59.000 298.002
-71.968 -59.005 298.002
-71.973 -59.016 298.002
-71.976 -59.021 298.002
-71.980 -59.029 298.002
-71.983 -59.035 298.002
-71.986 -59.041 298.002
-71.989 -59.047 298.002
-71.992 -59.054 298.002
-71.999 -59.067 298.002
-72.002 -59.072 298.002
-72.007 -59.080 298.002
-72.012 -59.087 298.002
-72.015 -59.091 298.002
-72.019 -59.097 298.002
-72.034 -59.123 298.002
-72.042 -59.138 298.002
-72.044 -59.143 298.002
-72.046 -59.148 298.002
-72.049 -59.153 298.002
-72.050 -59.157 298.002
-72.053 -59.162 298.002
-72.055 -59.167 298.002
-72.061 -59.178 298.002
-72.066 -59.187 298.002
-72.071 -59.196 298.002
-72.075 -59.204 298.002
-72.079 -59.211 298.002
-72.084 -59.220 298.002
-72.092 -59.234 298.002
-72.094 -59.238 298.002
-72.098 -59.247 298.002
-72.100 -59.251 298.002
-72.101 -59.255 298.002
-72.103 -59.260 298.002
-72.107 -59.267 298.002
-72.108 -59.271 298.002
-72.110 -59.275 298.002
-72.116 -59.287 298.002
-72.121 -59.297 298.002
-72.126 -59.305 298.002
-72.139 -59.327 298.002
-72.143 -59.333 298.002
-72.156 -59.355 298.002
-72.166 -59.372 298.002
-72.171 -59.380 298.002
-72.173 -59.383 298.002
-72.178 -59.392 298.002
-72.180 -59.395 298.002
-72.191 -59.416 298.002
-72.204 -59.442 298.002
-72.209 -59.451 298.002
-72.213 -59.458 298.002
-72.220 -59.472 298.002
-72.223 -59.477 298.002
-72.240 -59.502 298.002
-72.256 -59.525 298.002
-72.259 -59.529 298.002
-72.261 -59.532 298.002
-72.268 -59.542 298.002
-72.272 -59.547 298.002
-72.296 -59.583 298.002
-72.300 -59.590 298.002
-72.303 -59.596 298.002
-72.305 -59.600 298.002
-72.308 -59.606 298.002
-72.311 -59.612 298.002
-72.316 -59.620 298.002
-72.318 -59.625 298.002
-72.323 -59.635 298.002
-72.327 -59.642 298.002
-72.331 -59.649 298.002
-72.333 -59.654 298.002
-72.336 -59.660 298.002
-72.340 -59.667 298.002
-72.344 -59.674 298.002
-72.346 -59.678 298.002
-72.348 -59.683 298.002
-72.353 -59.691 298.002
-72.365 -59.709 298.002
-72.367 -59.712 298.002
-72.370 -59.716 298.002
-72.392 -59.745 298.002
-72.402 -59.758 298.002
-72.406 -59.763 298.002
-72.410 -59.768 298.002
-72.420 -59.780 298.002
-72.425 -59.786 298.002
-72.432 -59.794 298.002
-72.441 -59.804 298.002
-72.444 -59.806 298.002
-72.447 -59.809 298.002
-72.473 -59.840 298.002
-72.477 -59.847 298.002
-72.492 -59.867 298.002
-72.496 -59.873 298.002
-72.500 -59.878 298.002
-72.507 -59.887 298.002
-72.510 -59.892 298.002
-72.516 -59.900 298.002
-72.519 -59.903 298.002
-72.523 -59.907 298.002
-72.528 -59.912 298.002
-72.532 -59.916 298.002
-72.539 -59.923 298.002
-72.556 -59.941 298.002
-72.572 -59.959 298.002
-72.577 -59.965 298.002
-72.581 -59.968 298.002
-72.588 -59.973 298.002
-72.594 -59.978 298.002
-72.597 -59.980 298.002
-72.601 -59.982 298.002
-72.605 -59.984 298.002
-72.609 -59.985 298.002
-72.616 -59.991 298.002
-72.630 -60.004 298.002
-72.635 -60.008 298.002
-72.643 -60.015 298.002
-72.647 -60.018 298.002
-72.677 -60.051 298.002
-72.680 -60.054 298.002
