-67.581 -47.359 285.666
-67.579 -47.356 285.666
-67.578 -47.349 285.666
-67.578 -47.345 285.666
-67.577 -47.341 285.666
-67.578 -47.339 285.666
-67.569 -47.319 285.666
-67.568 -47.309 285.666
-67.569 -47.304 285.666
-67.571 -47.301 285.666
-67.570 -47.295 285.666
-67.573 -47.294 285.666
-67.572 -47.290 285.666
-67.571 -47.284 285.666
-67.569 -47.277 285.666
-67.567 -47.270 285.666
-67.566 -47.266 285.666
-67.565 -47.259 285.666
-67.551 -47.222 285.666
-67.549 -47.219 285.666
-67.548 -47.217 285.666
-67.546 -47.212 285.666
-67.543 -47.209 285.666
-67.542 -47.207 285.666
-67.541 -47.204 285.666
-67.539 -47.200 285.666
-67.537 -47.198 285.666
-67.535 -47.193 285.666
-67.534 -47.190 285.666
-67.531 -47.187 285.666
-67.528 -47.179 285.666
-67.525 -47.176 285.666
-67.521 -47.169 285.666
-67.517 -47.165 285.666
-67.515 -47.164 285.666
-67.511 -47.158 285.666
-67.509 -47.154 285.666
-67.507 -47.153 285.666
-67.503 -47.145 285.666
-67.498 -47.131 285.666
-67.499 -47.118 285.666
-67.498 -47.112 285.666
-67.498 -47.108 285.666
-67.498 -47.103 285.666
-67.498 -47.100 285.666
-67.498 -47.094 285.666
-67.497 -47.090 285.666
-67.500 -47.087 285.666
-67.501 -47.085 285.666
-67.503 -47.073 285.666
-67.503 -47.065 285.666
-67.505 -47.061 285.666
-67.508 -47.050 285.666
-67.510 -47.037 285.666
-67.513 -47.033 285.666
-67.519 -47.030 285.666
-67.516 -47.019 285.666
-67.517 -47.016 285.666
-67.517 -47.010 285.666
-67.520 -47.009 285.666
-67.520 -47.005 285.666
-67.524 -46.994 285.666
-67.524 -46.988 285.666
-67.525 -46.982 285.666
-67.526 -46.978 285.666
-67.531 -46.961 285.666
-67.534 -46.951 285.666
-67.536 -46.942 285.666
-67.539 -46.929 285.666
-67.542 -46.925 285.666
-67.544 -46.922 285.666
-67.544 -46.912 285.666
-67.546 -46.907 285.666
-67.550 -46.904 285.666
-67.550 -46.901 285.666
-67.551 -46.898 285.666
-67.550 -46.892 285.666
-67.552 -46.891 285.666
-67.552 -46.887 285.666
-67.554 -46.884 285.666
-67.553 -46.878 285.666
-67.554 -46.875 285.666
-67.555 -46.873 285.666
-67.557 -46.870 285.666
-67.557 -46.867 285.666
-67.560 -46.860 285.666
-67.559 -46.855 285.666
-67.559 -46.851 285.666
-67.560 -46.847 285.666
-67.561 -46.845 285.666
-67.565 -46.843 285.666
-67.564 -46.840 285.666
-67.566 -46.838 285.666
-67.566 -46.834 285.666
-67.567 -46.832 285.666
-67.572 -46.827 285.666
-67.573 -46.821 285.666
-67.575 -46.813 285.666
-67.579 -46.804 285.666
-67.584 -46.794 285.666
-67.586 -46.791 285.666
-67.588 -46.789 285.666
-67.589 -46.787 285.666
-67.593 -46.783 285.666
-67.597 -46.779 285.666
-67.596 -46.774 285.666
-67.596 -46.771 285.666
-67.600 -46.765 285.666
-67.602 -46.762 285.666
-67.602 -46.756 285.666
-67.603 -46.752 285.666
-67.606 -46.751 285.666
-67.609 -46.748 285.666
-67.610 -46.745 285.666
-67.613 -46.740 285.666
-67.615 -46.737 285.666
-67.612 -46.726 285.666
-67.590 -46.686 285.666
-67.587 -46.682 285.666
-67.581 -46.679 285.666
-67.576 -46.678 285.666
-67.566 -46.671 285.666
-67.560 -46.668 285.666
-67.552 -46.662 285.666
-67.549 -46.659 285.666
-67.543 -46.656 285.666
-67.539 -46.653 285.666
-67.535 -46.653 285.666
-67.532 -46.651 285.666
-67.527 -46.645 285.666
-67.517 -46.642 285.666
-67.515 -46.638 285.666
-67.513 -46.632 285.666
-67.512 -46.630 285.666
-67.511 -46.626 285.666
-67.507 -46.619 285.666
-67.506 -46.614 285.666
-67.506 -46.608 285.666
-67.504 -46.602 285.666
-67.503 -46.600 285.666
-67.503 -46.597 285.666
-67.502 -46.593 285.666
-67.503 -46.591 285.666
-67.503 -46.587 285.666
-67.500 -46.581 285.666
-67.500 -46.578 285.666
-67.498 -46.575 285.666
-67.496 -46.569 285.666
-67.497 -46.565 285.666
-67.498 -46.562 285.666
-67.497 -46.560 285.666
-67.495 -46.558 285.666
-67.495 -46.555 285.666
-67.493 -46.550 285.666
-67.491 -46.546 285.666
-67.491 -46.542 285.666
-67.491 -46.539 285.666
-67.490 -46.533 285.666
-67.488 -46.531 285.666
-67.487 -46.529 285.666
-67.488 -46.525 285.666
-67.480 -46.519 285.666
-67.478 -46.514 285.666
-67.466 -46.506 285.666
-67.463 -46.502 285.666
-67.430 -46.479 285.666
-67.413 -46.472 285.666
-67.400 -46.469 285.666
-67.392 -46.471 285.666
-67.388 -46.471 285.666
-67.381 -46.466 285.666
-67.372 -46.463 285.666
-67.367 -46.464 285.666
-67.361 -46.464 285.666
-67.356 -46.465 285.666
-67.353 -46.462 285.666
-67.350 -46.463 285.666
-67.342 -46.463 285.666
-67.337 -46.460 285.666
-67.332 -46.458 285.666
-67.330 -46.455 285.666
-67.327 -46.454 285.666
-67.325 -46.449 285.666
-67.323 -46.447 285.666
-67.320 -46.447 285.666
-67.318 -46.445 285.666
-67.316 -46.443 285.666
-67.312 -46.439 285.666
-67.305 -46.433 285.666
-67.304 -46.431 285.666
-67.299 -46.429 285.666
-67.292 -46.425 285.666
-67.290 -46.423 285.666
-67.285 -46.415 285.666
-67.280 -46.414 285.666
-67.274 -46.412 285.666
-67.270 -46.410 285.666
-67.266 -46.408 285.666
-67.262 -46.404 285.666
-67.261 -46.402 285.666
-67.255 -46.396 285.666
-67.252 -46.397 285.666
-67.250 -46.394 285.666
-67.245 -46.393 285.666
-67.242 -46.394 285.666
-67.240 -46.392 285.666
-67.236 -46.389 285.666
-67.230 -46.388 285.666
-67.227 -46.389 285.666
-67.226 -46.387 285.666
-67.222 -46.386 285.666
-67.219 -46.386 285.666
-67.217 -46.385 285.666
-67.214 -46.385 285.666
-67.212 -46.384 285.666
-67.209 -46.384 285.666
-67.207 -46.383 285.666
-67.202 -46.383 285.666
-67.200 -46.382 285.666
-67.197 -46.382 285.666
-67.195 -46.381 285.666
-67.189 -46.380 285.666
-67.186 -46.380 285.666
-67.179 -46.378 285.666
-67.177 -46.377 285.666
-67.173 -46.376 285.666
-67.166 -46.362 285.666
-67.163 -46.363 285.666
-67.162 -46.361 285.666
-67.158 -46.358 285.666
-67.155 -46.356 285.666
-67.152 -46.351 285.666
-67.149 -46.349 285.666
-67.148 -46.347 285.666
-67.146 -46.345 285.666
-67.144 -46.343 285.666
-67.142 -46.341 285.666
-67.136 -46.334 285.666
-67.130 -46.321 285.666
-67.125 -46.314 285.666
-67.122 -46.304 285.666
-67.121 -46.301 285.666
-67.118 -46.290 285.666
-67.113 -46.276 285.666
-67.111 -46.270 285.666
-67.112 -46.261 285.666
-67.113 -46.258 285.666
-67.114 -46.250 285.666
-67.113 -46.246 285.666
-67.114 -46.244 285.666
-67.114 -46.234 285.666
-67.115 -46.231 285.666
-67.101 -46.192 285.666
-67.096 -46.186 285.666
-67.094 -46.185 285.666
-67.089 -46.181 285.666
-67.083 -46.173 285.666
-67.080 -46.166 285.666
-67.075 -46.164 285.666
-67.071 -46.161 285.666
-67.068 -46.159 285.666
-67.064 -46.153 285.666
-67.063 -46.151 285.666
-67.058 -46.139 285.666
-67.057 -46.137 285.666
-67.054 -46.131 285.666
-67.052 -46.127 285.666
-67.051 -46.125 285.666
-67.048 -46.121 285.666
-67.043 -46.110 285.666
-67.042 -46.103 285.666
-67.042 -46.100 285.666
-67.037 -46.089 285.666
-67.034 -46.072 285.666
-67.031 -46.062 285.666
-67.015 -46.021 285.666
-67.011 -46.019 285.666
-67.008 -46.013 285.666
-67.005 -46.011 285.666
-66.997 -46.003 285.666
-66.992 -45.995 285.666
-66.983 -45.982 285.666
-66.979 -45.978 285.666
-66.978 -45.976 285.666
-66.974 -45.971 285.666
-66.970 -45.972 285.666
-66.967 -45.967 285.666
-66.963 -45.963 285.666
-66.960 -45.964 285.666
-66.958 -45.962 285.666
-66.954 -45.958 285.666
-66.951 -45.955 285.666
-66.947 -45.952 285.666
-66.944 -45.951 285.666
-66.943 -45.949 285.666
-66.941 -45.947 285.666
-66.937 -45.944 285.666
-66.932 -45.941 285.666
-66.929 -45.939 285.666
-66.926 -45.936 285.666
-66.923 -45.934 285.666
-66.921 -45.932 285.666
-66.919 -45.929 285.666
-66.915 -45.924 285.666
-66.913 -45.923 285.666
-66.911 -45.920 285.666
-66.909 -45.918 285.666
-66.908 -45.916 285.666
-66.904 -45.913 285.666
-66.901 -45.908 285.666
-66.897 -45.900 285.666
-66.895 -45.895 285.666
-66.896 -45.893 285.666
-66.894 -45.889 285.666
-66.893 -45.887 285.666
-66.893 -45.883 285.666
-66.894 -45.879 285.666
-66.892 -45.875 285.666
-66.892 -45.871 285.666
-66.891 -45.869 285.666
-66.890 -45.863 285.666
-66.890 -45.860 285.666
-66.890 -45.857 285.666
-66.890 -45.852 285.666
-66.889 -45.845 285.666
-66.884 -45.836 285.666
-66.884 -45.832 285.666
-66.886 -45.829 285.666
-66.879 -45.813 285.666
-66.867 -45.796 285.666
-66.841 -45.767 285.666
-66.820 -45.746 285.666
-66.817 -45.741 285.666
-66.816 -45.737 285.666
-66.803 -45.708 285.666
-66.794 -45.690 285.666
-66.792 -45.682 285.666
-66.792 -45.678 285.666
-66.792 -45.675 285.666
-66.791 -45.672 285.666
-66.793 -45.671 285.666
-66.792 -45.667 285.666
-66.792 -45.663 285.666
-66.794 -45.662 285.666
-66.793 -45.659 285.666
-66.795 -45.655 285.666
-66.794 -45.652 285.666
-66.795 -45.649 285.666
-66.795 -45.646 285.666
-66.797 -45.638 285.666
-66.799 -45.635 285.666
-66.798 -45.628 285.666
-66.800 -45.625 285.666
-66.790 -45.595 285.666
-66.783 -45.578 285.666
-66.770 -45.543 285.666
-66.760 -45.516 285.666
-66.760 -45.513 285.666
-66.759 -45.509 285.666
-66.761 -45.507 285.666
-66.761 -45.504 285.666
-66.762 -45.501 285.666
-66.764 -45.496 285.666
-66.765 -45.494 285.666
-66.766 -45.492 285.666
-66.769 -45.489 285.666
-66.774 -45.487 285.666
-66.776 -45.482 285.666
-66.776 -45.479 285.666
-66.778 -45.477 285.666
-66.780 -45.476 285.666
-66.781 -45.472 285.666
-66.782 -45.470 285.666
-66.785 -45.468 285.666
-66.786 -45.466 285.666
-66.787 -45.464 285.666
-66.791 -45.461 285.666
-66.792 -45.458 285.666
-66.794 -45.455 285.666
-66.799 -45.452 285.666
-66.802 -45.449 285.666
-66.809 -45.446 285.666
-66.810 -45.442 285.666
-66.810 -45.435 285.666
-66.812 -45.434 285.666
-66.821 -45.426 285.666
-66.823 -45.424 285.666
-66.822 -45.421 285.666
-66.827 -45.413 285.666
-66.830 -45.411 285.666
-66.832 -45.410 285.666
-66.836 -45.407 285.666
-66.843 -45.399 285.666
-66.846 -45.392 285.666
-66.852 -45.388 285.666
-66.857 -45.385 285.666
-66.861 -45.383 285.666
-66.873 -45.377 285.666
-66.877 -45.374 285.666
-66.879 -45.373 285.666
-66.889 -45.368 285.666
-66.892 -45.368 285.666
-66.898 -45.369 285.666
-66.899 -45.367 285.666
-66.903 -45.365 285.666
-66.907 -45.363 285.666
-66.909 -45.358 285.666
-66.913 -45.355 285.666
-66.915 -45.353 285.666
-66.929 -45.346 285.666
-66.931 -45.345 285.666
-66.934 -45.346 285.666
-66.937 -45.341 285.666
-66.942 -45.341 285.666
-66.946 -45.336 285.666
-66.950 -45.334 285.666
-66.957 -45.330 285.666
-66.960 -45.328 285.666
-66.967 -45.323 285.666
-66.976 -45.317 285.666
-66.978 -45.316 285.666
-66.981 -45.314 285.666
-66.984 -45.311 285.666
-66.988 -45.310 285.666
-66.990 -45.309 285.666
-66.993 -45.303 285.666
-66.997 -45.299 285.666
-67.001 -45.298 285.666
-67.005 -45.293 285.666
-67.013 -45.287 285.666
-67.019 -45.288 285.666
-67.024 -45.279 285.666
-67.028 -45.275 285.666
-67.032 -45.275 285.666
-67.034 -45.271 285.666
-67.035 -45.269 285.666
-67.038 -45.268 285.666
-67.040 -45.267 285.666
-67.044 -45.263 285.666
-67.049 -45.260 285.666
-67.054 -45.257 285.666
-67.057 -45.255 285.666
-67.059 -45.254 285.666
-67.061 -45.253 285.666
-67.063 -45.252 285.666
-67.065 -45.250 285.666
-67.070 -45.246 285.666
-67.073 -45.244 285.666
-67.075 -45.242 285.666
-67.077 -45.241 285.666
-67.080 -45.239 285.666
-67.081 -45.237 285.666
-67.083 -45.236 285.666
-67.086 -45.234 285.666
-67.091 -45.230 285.666
-67.094 -45.227 285.666
-67.097 -45.225 285.666
-67.102 -45.224 285.666
-67.102 -45.221 285.666
-67.104 -45.220 285.666
-67.111 -45.214 285.666
-67.113 -45.213 285.666
-67.120 -45.207 285.666
-67.122 -45.205 285.666
-67.125 -45.204 285.666
-67.127 -45.201 285.666
-67.135 -45.158 285.666
-67.136 -45.153 285.666
-67.137 -45.149 285.666
-67.135 -45.148 285.666
-67.134 -45.139 285.666
-67.135 -45.133 285.666
-67.135 -45.130 285.666
-67.133 -45.128 285.666
-67.132 -45.126 285.666
-67.131 -45.124 285.666
-67.130 -45.121 285.666
-67.127 -45.120 285.666
-67.127 -45.116 285.666
-67.123 -45.115 285.666
-67.121 -45.110 285.666
-67.118 -45.108 285.666
-67.116 -45.106 285.666
-67.111 -45.101 285.666
-67.105 -45.094 285.666
-67.103 -45.090 285.666
-67.101 -45.089 285.666
-67.099 -45.086 285.666
-67.098 -45.082 285.666
-67.095 -45.082 285.666
-67.091 -45.077 285.666
-67.089 -45.075 285.666
-67.088 -45.073 285.666
-67.085 -45.070 285.666
-67.082 -45.066 285.666
-67.079 -45.063 285.666
-67.076 -45.058 285.666
-67.075 -45.055 285.666
-67.071 -45.054 285.666
-67.061 -45.042 285.666
-67.058 -45.029 285.666
-67.057 -45.027 285.666
-67.056 -45.022 285.666
-67.056 -45.017 285.666
-67.055 -45.014 285.666
-67.054 -45.008 285.666
-67.054 -45.004 285.666
-67.054 -45.001 285.666
-67.053 -44.998 285.666
-67.052 -44.993 285.666
-67.052 -44.988 285.666
-67.050 -44.982 285.666
-67.049 -44.980 285.666
-67.047 -44.976 285.666
-67.044 -44.971 285.666
-67.042 -44.962 285.666
-67.040 -44.960 285.666
-67.040 -44.954 285.666
-67.037 -44.949 285.666
-67.035 -44.945 285.666
-67.034 -44.939 285.666
-67.032 -44.938 285.666
-67.031 -44.934 285.666
-67.029 -44.932 285.666
-67.027 -44.930 285.666
-67.025 -44.929 285.666
-67.023 -44.928 285.666
-67.020 -44.926 285.666
-67.018 -44.924 285.666
-67.013 -44.921 285.666
-67.009 -44.918 285.666
-67.006 -44.916 285.666
-66.999 -44.910 285.666
-66.992 -44.906 285.666
-66.988 -44.902 285.666
-66.984 -44.897 285.666
-66.985 -44.891 285.666
-66.981 -44.890 285.666
-66.978 -44.889 285.666
-66.977 -44.885 285.666
-66.976 -44.881 285.666
-66.975 -44.876 285.666
-66.972 -44.872 285.666
-66.970 -44.864 285.666
-66.969 -44.857 285.666
-66.967 -44.856 285.666
-66.967 -44.853 285.666
-66.965 -44.848 285.666
-66.965 -44.845 285.666
-66.963 -44.844 285.666
-66.962 -44.839 285.666
-66.960 -44.836 285.666
-66.958 -44.834 285.666
-66.955 -44.830 285.666
-66.954 -44.827 285.666
-66.951 -44.823 285.666
-66.950 -44.820 285.666
-66.948 -44.817 285.666
-66.946 -44.814 285.666
-66.945 -44.812 285.666
-66.944 -44.809 285.666
-66.943 -44.806 285.666
-66.941 -44.805 285.666
-66.937 -44.799 285.666
-66.936 -44.794 285.666
-66.935 -44.792 285.666
-66.934 -44.790 285.666
-66.933 -44.788 285.666
-66.931 -44.786 285.666
-66.929 -44.783 285.666
-66.928 -44.781 285.666
-66.928 -44.777 285.666
-66.924 -44.774 285.666
-66.923 -44.772 285.666
-66.921 -44.769 285.666
-66.918 -44.763 285.666
-66.916 -44.759 285.666
-66.916 -44.756 285.666
-66.914 -44.751 285.666
-66.913 -44.745 285.666
-66.911 -44.744 285.666
-66.910 -44.740 285.666
-66.909 -44.734 285.666
-66.907 -44.728 285.666
-66.906 -44.721 285.666
-66.905 -44.716 285.666
-66.903 -44.714 285.666
-66.903 -44.707 285.666
-66.903 -44.702 285.666
-66.900 -44.699 285.666
-66.900 -44.695 285.666
-66.898 -44.692 285.666
-66.898 -44.687 285.666
-66.897 -44.685 285.666
-66.895 -44.682 285.666
-66.895 -44.676 285.666
-66.894 -44.673 285.666
-66.893 -44.668 285.666
-66.891 -44.664 285.666
-66.890 -44.661 285.666
-66.888 -44.638 285.666
-66.886 -44.635 285.666
-66.882 -44.625 285.666
-66.881 -44.616 285.666
-66.879 -44.611 285.666
-66.877 -44.608 285.666
-66.874 -44.604 285.666
-66.872 -44.601 285.666
-66.871 -44.588 285.666
-66.868 -44.588 285.666
-66.865 -44.584 285.666
-66.863 -44.577 285.666
-66.860 -44.573 285.666
-66.858 -44.565 285.666
-66.857 -44.563 285.666
-66.856 -44.559 285.666
-66.855 -44.557 285.666
-66.853 -44.556 285.666
-66.849 -44.550 285.666
-66.847 -44.546 285.666
-66.843 -44.543 285.666
-66.841 -44.540 285.666
-66.840 -44.538 285.666
-66.837 -44.534 285.666
-66.835 -44.532 285.666
-66.833 -44.529 285.666
-66.832 -44.527 285.666
-66.830 -44.526 285.666
-66.829 -44.524 285.666
-66.828 -44.522 285.666
-66.826 -44.521 285.666
-66.825 -44.519 285.666
-66.824 -44.517 285.666
-66.822 -44.515 285.666
-66.817 -44.510 285.666
-66.815 -44.506 285.666
-66.811 -44.499 285.666
-66.809 -44.498 285.666
-66.808 -44.496 285.666
-66.805 -44.493 285.666
-66.800 -44.483 285.666
-66.798 -44.480 285.666
-66.796 -44.477 285.666
-66.795 -44.475 285.666
-66.794 -44.471 285.666
-66.792 -44.465 285.666
-66.790 -44.463 285.666
-66.789 -44.460 285.666
-66.787 -44.457 285.666
-66.786 -44.452 285.666
-66.784 -44.448 285.666
-66.783 -44.445 285.666
-66.782 -44.442 285.666
-66.781 -44.439 285.666
-66.775 -44.436 285.666
-66.774 -44.430 285.666
-66.773 -44.427 285.666
-66.765 -44.425 285.666
-66.762 -44.421 285.666
-66.755 -44.413 285.666
-66.750 -44.408 285.666
-66.740 -44.397 285.666
-66.737 -44.393 285.666
-66.732 -44.390 285.666
-66.730 -44.389 285.666
-66.728 -44.387 285.666
-66.720 -44.381 285.666
-66.717 -44.377 285.666
-66.713 -44.374 285.666
-66.709 -44.371 285.666
-66.706 -44.367 285.666
-66.697 -44.358 285.666
-66.694 -44.350 285.666
-66.692 -44.349 285.666
-66.691 -44.347 285.666
-66.687 -44.340 285.666
-66.683 -44.324 285.666
-66.680 -44.324 285.666
-66.678 -44.321 285.666
-66.671 -44.300 285.666
-66.667 -44.300 285.666
-66.665 -44.297 285.666
-66.661 -44.289 285.666
-66.655 -44.274 285.666
-66.652 -44.271 285.666
-66.650 -44.264 285.666
-66.648 -44.258 285.666
-66.646 -44.256 285.666
-66.644 -44.253 285.666
-66.642 -44.251 285.666
-66.640 -44.250 285.666
-66.638 -44.244 285.666
-66.636 -44.243 285.666
-66.634 -44.239 285.666
-66.633 -44.235 285.666
-66.631 -44.230 285.666
-66.630 -44.228 285.666
-66.628 -44.225 285.666
-66.627 -44.222 285.666
-66.625 -44.218 285.666
-66.623 -44.214 285.666
-66.621 -44.209 285.666
-66.619 -44.206 285.666
-66.617 -44.203 285.666
-66.616 -44.200 285.666
-66.614 -44.195 285.666
-66.612 -44.192 285.666
-66.611 -44.189 285.666
-66.610 -44.186 285.666
-66.608 -44.184 285.666
-66.606 -44.181 285.666
-66.605 -44.178 285.666
-66.604 -44.176 285.666
-66.602 -44.173 285.666
-66.601 -44.171 285.666
-66.600 -44.167 285.666
-66.599 -44.165 285.666
-66.597 -44.163 285.666
-66.595 -44.162 285.666
-66.592 -44.158 285.666
-66.589 -44.154 285.666
-66.586 -44.154 285.666
-66.583 -44.149 285.666
-66.578 -44.146 285.666
-66.576 -44.142 285.666
-66.574 -44.141 285.666
-66.572 -44.138 285.666
-66.569 -44.133 285.666
-66.566 -44.132 285.666
-66.562 -44.128 285.666
-66.561 -44.126 285.666
-66.557 -44.121 285.666
-66.555 -44.119 285.666
-66.553 -44.117 285.666
-66.551 -44.114 285.666
-66.547 -44.110 285.666
-66.544 -44.107 285.666
-66.543 -44.105 285.666
-66.540 -44.102 285.666
-66.538 -44.099 285.666
-66.536 -44.097 285.666
-66.533 -44.094 285.666
-66.531 -44.091 285.666
-66.529 -44.088 285.666
-66.526 -44.086 285.666
-66.525 -44.084 285.666
-66.523 -44.082 285.666
-66.522 -44.080 285.666
-66.520 -44.078 285.666
-66.518 -44.076 285.666
-66.516 -44.074 285.666
-66.515 -44.072 285.666
-66.513 -44.070 285.666
-66.512 -44.068 285.666
-66.510 -44.067 285.666
-66.508 -44.064 285.666
-66.506 -44.062 285.666
-66.504 -44.059 285.666
-66.500 -44.055 285.666
-66.498 -44.053 285.666
-66.495 -44.049 285.666
-66.494 -44.047 285.666
-66.491 -44.045 285.666
-66.488 -44.040 285.666
-66.483 -44.032 285.666
-66.482 -44.030 285.666
-66.481 -44.027 285.666
-66.480 -44.024 285.666
-66.477 -44.021 285.666
-66.476 -44.019 285.666
-66.474 -44.015 285.666
-66.469 -44.006 285.666
-66.467 -44.002 285.666
-66.466 -44.000 285.666
-66.464 -43.997 285.666
-66.462 -43.993 285.666
-66.459 -43.990 285.666
-66.457 -43.984 285.666
-66.455 -43.983 285.666
-66.452 -43.975 285.666
-66.449 -43.970 285.666
-66.447 -43.968 285.666
-66.446 -43.966 285.666
-66.443 -43.959 285.666
-66.440 -43.954 285.666
-66.437 -43.949 285.666
-66.435 -43.946 285.666
-66.431 -43.938 285.666
-66.430 -43.936 285.666
-66.423 -43.924 285.666
-66.421 -43.918 285.666
-66.416 -43.911 285.666
-66.411 -43.899 285.666
-66.408 -43.892 285.666
-66.406 -43.891 285.666
-66.404 -43.888 285.666
-66.399 -43.884 285.666
-66.396 -43.881 285.666
-66.394 -43.878 285.666
-66.389 -43.875 285.666
-66.386 -43.875 285.666
-66.382 -43.874 285.666
-66.380 -43.873 285.666
-66.377 -43.873 285.666
-66.374 -43.872 285.666
-66.368 -43.873 285.666
-66.363 -43.872 285.666
-66.354 -43.871 285.666
-66.342 -43.872 285.666
-66.340 -43.871 285.666
-66.335 -43.871 285.666
-66.329 -43.866 285.666
-66.315 -43.871 285.666
-66.309 -43.866 285.666
-66.296 -43.871 285.666
-66.287 -43.866 285.666
-66.279 -43.862 285.666
-66.275 -43.857 285.666
-66.272 -43.857 285.666
-66.261 -43.859 285.666
-66.255 -43.856 285.666
-66.252 -43.854 285.666
-66.251 -43.852 285.666
-66.246 -43.849 285.666
-66.241 -43.844 285.666
-66.239 -43.842 285.666
-66.237 -43.840 285.666
-66.235 -43.839 285.666
-66.233 -43.837 285.666
-66.232 -43.835 285.666
-66.227 -43.831 285.666
-66.225 -43.830 285.666
-66.223 -43.828 285.666
-66.221 -43.825 285.666
-66.218 -43.823 285.666
-66.216 -43.821 285.666
-66.214 -43.819 285.666
-66.212 -43.817 285.666
-66.209 -43.815 285.666
-66.206 -43.811 285.666
-66.204 -43.810 285.666
-66.200 -43.805 285.666
-66.198 -43.804 285.666
-66.197 -43.802 285.666
-66.194 -43.799 285.666
-66.191 -43.792 285.666
-66.187 -43.785 285.666
-66.182 -43.768 285.666
-66.181 -43.762 285.666
-66.180 -43.759 285.666
-66.180 -43.756 285.666
-66.177 -43.747 285.666
-66.176 -43.740 285.666
-66.177 -43.737 285.666
-66.175 -43.731 285.666
-66.174 -43.727 285.666
-66.161 -43.687 285.666
-66.157 -43.682 285.666
-66.149 -43.668 285.666
-66.143 -43.658 285.666
-66.138 -43.650 285.666
-66.136 -43.648 285.666
-66.128 -43.635 285.666
-66.125 -43.631 285.666
-66.122 -43.625 285.666
-66.118 -43.620 285.666
-66.113 -43.610 285.666
-66.109 -43.606 285.666
-66.107 -43.603 285.666
-66.102 -43.593 285.666
-66.099 -43.589 285.666
-66.097 -43.587 285.666
-66.094 -43.584 285.666
-66.091 -43.582 285.666
-66.089 -43.580 285.666
-66.087 -43.578 285.666
-66.085 -43.577 285.666
-66.084 -43.575 285.666
-66.079 -43.573 285.666
-66.077 -43.571 285.666
-66.075 -43.568 285.666
-66.074 -43.566 285.666
-66.071 -43.564 285.666
-66.069 -43.562 285.666
-66.067 -43.560 285.666
-66.065 -43.559 285.666
-66.062 -43.556 285.666
-66.060 -43.555 285.666
-66.059 -43.553 285.666
-66.055 -43.550 285.666
-66.053 -43.549 285.666
-66.049 -43.549 285.666
-66.045 -43.548 285.666
-66.041 -43.548 285.666
-66.038 -43.545 285.666
-66.034 -43.546 285.666
-66.031 -43.547 285.666
-66.026 -43.547 285.666
-66.022 -43.544 285.666
-66.019 -43.545 285.666
-66.015 -43.544 285.666
-66.012 -43.542 285.666
-66.010 -43.541 285.666
-66.006 -43.541 285.666
-66.004 -43.539 285.666
-65.996 -43.541 285.666
-65.992 -43.540 285.666
-65.990 -43.539 285.666
-65.989 -43.537 285.666
-65.981 -43.537 285.666
-65.977 -43.536 285.666
-65.974 -43.534 285.666
-65.970 -43.529 285.666
-65.968 -43.525 285.666
-65.965 -43.521 285.666
-65.964 -43.519 285.666
-65.962 -43.515 285.666
-65.961 -43.513 285.666
-65.958 -43.508 285.666
-65.955 -43.509 285.666
-65.953 -43.506 285.666
-65.951 -43.503 285.666
-65.949 -43.501 285.666
-65.945 -43.496 285.666
-65.943 -43.492 285.666
-65.941 -43.489 285.666
-65.938 -43.485 285.666
-65.937 -43.483 285.666
-65.935 -43.478 285.666
-65.933 -43.474 285.666
-65.932 -43.472 285.666
-65.930 -43.466 285.666
-65.929 -43.460 285.666
-65.927 -43.453 285.666
-65.926 -43.449 285.666
-65.925 -43.443 285.666
-65.924 -43.439 285.666
-65.923 -43.433 285.666
-65.922 -43.428 285.666
-65.921 -43.425 285.666
-65.920 -43.420 285.666
-65.919 -43.416 285.666
-65.919 -43.412 285.666
-65.918 -43.409 285.666
-65.917 -43.404 285.666
-65.916 -43.400 285.666
-65.915 -43.395 285.666
-65.914 -43.391 285.666
-65.913 -43.385 285.666
-65.912 -43.381 285.666
-65.911 -43.375 285.666
-65.910 -43.370 285.666
-65.909 -43.365 285.666
-65.908 -43.361 285.666
-65.907 -43.356 285.666
-65.902 -43.341 285.666
-65.901 -43.336 285.666
-65.899 -43.330 285.666
-65.897 -43.320 285.666
-65.897 -43.317 285.666
-65.891 -43.302 285.666
-65.889 -43.297 285.666
-65.891 -43.296 285.666
-65.887 -43.286 285.666
-65.889 -43.285 285.666
-65.887 -43.280 285.666
-65.884 -43.271 285.666
-65.882 -43.267 285.666
-65.880 -43.263 285.666
-65.877 -43.257 285.666
-65.875 -43.252 285.666
-65.873 -43.248 285.666
-65.851 -43.212 285.666
-65.848 -43.206 285.666
-65.843 -43.196 285.666
-65.841 -43.186 285.666
-65.828 -43.151 285.666
-65.826 -43.148 285.666
-65.820 -43.128 285.666
-65.821 -43.115 285.666
-65.823 -43.114 285.666
-65.821 -43.105 285.666
-65.820 -43.100 285.666
-65.817 -43.082 285.666
-65.819 -43.071 285.666
-65.814 -43.047 285.666
-65.815 -43.041 285.666
-65.811 -43.024 285.666
-65.811 -43.020 285.666
-65.811 -43.016 285.666
-65.810 -43.008 285.666
-65.809 -43.003 285.666
-65.809 -42.991 285.666
-65.809 -42.986 285.666
-65.809 -42.976 285.666
-65.812 -42.971 285.666
-65.810 -42.958 285.666
-65.810 -42.949 285.666
-65.808 -42.941 285.666
-65.807 -42.931 285.666
-65.808 -42.923 285.666
-65.808 -42.918 285.666
-65.807 -42.913 285.666
-65.805 -42.895 285.666
-65.793 -42.855 285.666
-65.794 -42.849 285.666
-65.793 -42.839 285.666
-65.790 -42.826 285.666
-65.788 -42.812 285.666
-65.790 -42.803 285.666
-65.791 -42.796 285.666
-65.790 -42.791 285.666
-65.790 -42.788 285.666
-65.790 -42.784 285.666
-65.791 -42.782 285.666
-65.793 -42.778 285.666
-65.795 -42.773 285.666
-65.792 -42.760 285.666
-65.791 -42.756 285.666
-65.794 -42.750 285.666
-65.794 -42.742 285.666
-65.796 -42.736 285.666
-65.796 -42.730 285.666
-65.796 -42.727 285.666
-65.801 -42.725 285.666
-65.802 -42.717 285.666
-65.800 -42.707 285.666
-65.802 -42.705 285.666
-65.800 -42.698 285.666
-65.801 -42.695 285.666
-65.803 -42.689 285.666
-65.802 -42.685 285.666
-65.806 -42.676 285.666
-65.810 -42.672 285.666
-65.809 -42.668 285.666
-65.807 -42.658 285.666
-65.807 -42.653 285.666
-65.810 -42.643 285.666
-65.809 -42.621 285.666
-65.810 -42.618 285.666
-65.811 -42.595 285.666
-65.809 -42.579 285.666
-65.805 -42.565 285.666
-65.802 -42.545 285.666
-65.801 -42.540 285.666
-65.798 -42.530 285.666
-65.799 -42.517 285.666
-65.797 -42.510 285.666
-65.790 -42.484 285.666
-65.789 -42.479 285.666
-65.788 -42.474 285.666
-65.787 -42.468 285.666
-65.786 -42.460 285.666
-65.784 -42.450 285.666
-65.786 -42.447 285.666
-65.781 -42.431 285.666
-65.781 -42.425 285.666
-65.780 -42.419 285.666
-65.780 -42.415 285.666
-65.778 -42.403 285.666
-65.776 -42.392 285.666
-65.774 -42.384 285.666
-65.776 -42.383 285.666
-65.777 -42.380 285.666
-65.773 -42.367 285.666
-65.771 -42.357 285.666
-65.770 -42.352 285.666
-65.771 -42.348 285.666
-65.770 -42.343 285.666
-65.768 -42.338 285.666
-65.768 -42.335 285.666
-65.767 -42.328 285.666
-65.766 -42.320 285.666
-65.764 -42.315 285.666
-65.760 -42.300 285.666
-65.763 -42.296 285.666
-65.765 -42.291 285.666
-65.757 -42.273 285.666
-65.756 -42.265 285.666
-65.753 -42.250 285.666
-65.752 -42.245 285.666
-65.754 -42.240 285.666
-65.750 -42.231 285.666
-65.751 -42.228 285.666
-65.750 -42.221 285.666
-65.745 -42.204 285.666
-65.748 -42.202 285.666
-65.744 -42.191 285.666
-65.726 -42.154 285.666
-65.724 -42.152 285.666
-65.718 -42.146 285.666
-65.714 -42.142 285.666
-65.712 -42.143 285.666
-65.707 -42.137 285.666
-65.703 -42.133 285.666
-65.696 -42.127 285.666
-65.693 -42.123 285.666
-65.680 -42.110 285.666
-65.667 -42.096 285.666
-65.662 -42.087 285.666
-65.653 -42.078 285.666
-65.647 -42.070 285.666
-65.639 -42.060 285.666
-65.635 -42.054 285.666
-65.631 -42.050 285.666
-65.627 -42.043 285.666
-65.625 -42.035 285.666
-65.626 -42.028 285.666
-65.625 -42.020 285.666
-65.625 -42.009 285.666
-65.624 -41.993 285.666
-65.624 -41.987 285.666
-65.624 -41.982 285.666
-65.626 -41.972 285.666
-65.625 -41.965 285.666
-65.628 -41.958 285.666
-65.632 -41.955 285.666
-65.633 -41.953 285.666
-65.640 -41.950 285.666
-65.638 -41.940 285.666
-65.642 -41.936 285.666
-65.647 -41.922 285.666
-65.650 -41.910 285.666
-65.652 -41.908 285.666
-65.653 -41.902 285.666
-65.654 -41.893 285.666
-65.656 -41.884 285.666
-65.658 -41.873 285.666
-65.657 -41.836 285.666
-65.656 -41.833 285.666
-65.654 -41.830 285.666
-65.653 -41.827 285.666
-65.652 -41.821 285.666
-65.649 -41.820 285.666
-65.648 -41.817 285.666
-65.646 -41.813 285.666
-65.645 -41.811 285.666
-65.640 -41.810 285.666
-65.636 -41.809 285.666
-65.633 -41.806 285.666
-65.631 -41.799 285.666
-65.626 -41.796 285.666
-65.621 -41.793 285.666
-65.615 -41.792 285.666
-65.613 -41.790 285.666
-65.610 -41.784 285.666
-65.602 -41.778 285.666
-65.598 -41.771 285.666
-65.595 -41.767 285.666
-65.594 -41.765 285.666
-65.586 -41.761 285.666
-65.583 -41.759 285.666
-65.580 -41.754 285.666
-65.572 -41.742 285.666
-65.561 -41.733 285.666
-65.556 -41.719 285.666
-65.552 -41.717 285.666
-65.548 -41.714 285.666
-65.539 -41.704 285.666
-65.536 -41.695 285.666
-65.533 -41.695 285.666
-65.528 -41.689 285.666
-65.525 -41.674 285.666
-65.525 -41.671 285.666
-65.524 -41.665 285.666
-65.510 -41.625 285.666
-65.509 -41.623 285.666
-65.507 -41.620 285.666
-65.506 -41.618 285.666
-65.504 -41.616 285.666
-65.503 -41.613 285.666
-65.501 -41.610 285.666
-65.499 -41.608 285.666
-65.497 -41.605 285.666
-65.495 -41.602 285.666
-65.494 -41.600 285.666
-65.493 -41.598 285.666
-65.490 -41.593 285.666
-65.488 -41.592 285.666
-65.485 -41.586 285.666
-65.484 -41.584 285.666
-65.482 -41.582 285.666
-65.480 -41.579 285.666
-65.479 -41.577 285.666
-65.477 -41.574 285.666
-65.476 -41.572 285.666
-65.474 -41.568 285.666
-65.472 -41.567 285.666
-65.470 -41.563 285.666
-65.467 -41.559 285.666
-65.466 -41.556 285.666
-65.464 -41.554 285.666
-65.461 -41.550 285.666
-65.460 -41.547 285.666
-65.457 -41.543 285.666
-65.455 -41.540 285.666
-65.453 -41.537 285.666
-65.451 -41.533 285.666
-65.447 -41.528 285.666
-65.446 -41.526 285.666
-65.444 -41.522 285.666
-65.443 -41.520 285.666
-65.439 -41.510 285.666
-65.438 -41.508 285.666
-65.433 -41.494 285.666
-65.431 -41.491 285.666
-65.427 -41.480 285.666
-65.421 -41.464 285.666
-65.418 -41.456 285.666
-65.417 -41.452 285.666
-65.417 -41.449 285.666
-65.416 -41.444 285.666
-65.400 -41.405 285.666
-65.398 -41.404 285.666
-65.397 -41.402 285.666
-65.395 -41.401 285.666
-65.394 -41.399 285.666
-65.392 -41.397 285.666
-65.390 -41.395 285.666
-65.388 -41.394 285.666
-65.385 -41.392 285.666
-65.384 -41.390 285.666
-65.379 -41.391 285.666
-65.377 -41.390 285.666
-65.373 -41.383 285.666
-65.365 -41.383 285.666
-65.360 -41.380 285.666
-65.358 -41.377 285.666
-65.352 -41.374 285.666
-65.348 -41.371 285.666
-65.345 -41.369 285.666
-65.343 -41.367 285.666
-65.339 -41.366 285.666
-65.337 -41.364 285.666
-65.333 -41.361 285.666
-65.329 -41.359 285.666
-65.328 -41.356 285.666
-65.326 -41.353 285.666
-65.322 -41.354 285.666
-65.321 -41.352 285.666
-65.319 -41.350 285.666
-65.317 -41.347 285.666
-65.311 -41.341 285.666
-65.307 -41.342 285.666
-65.305 -41.341 285.666
-65.302 -41.339 285.666
-65.299 -41.336 285.666
-65.295 -41.334 285.666
-65.294 -41.332 285.666
-65.292 -41.331 285.666
-65.291 -41.329 285.666
-65.289 -41.328 285.666
-65.286 -41.323 285.666
