-62.535 -41.287 289.441
-62.511 -41.288 289.441
-62.504 -41.289 289.441
-62.479 -41.301 289.441
-62.451 -41.312 289.441
-62.433 -41.322 289.441
-62.421 -41.328 289.441
-62.419 -41.332 289.441
-62.404 -41.339 289.441
-62.391 -41.344 289.441
-62.371 -41.354 289.441
-62.344 -41.360 289.441
-62.339 -41.361 289.441
-62.331 -41.360 289.441
-62.317 -41.365 289.441
-62.305 -41.369 289.441
-62.300 -41.369 289.441
-62.288 -41.373 289.441
-62.270 -41.379 289.441
-62.232 -41.399 289.441
-62.218 -41.410 289.441
-62.202 -41.426 289.441
-62.194 -41.437 289.441
-62.175 -41.470 289.441
-62.161 -41.485 289.441
-62.147 -41.503 289.441
-62.142 -41.511 289.441
-62.119 -41.549 289.441
-62.096 -41.587 289.441
-62.073 -41.623 289.441
-62.069 -41.629 289.441
-62.054 -41.651 289.441
-62.040 -41.681 289.441
-62.031 -41.705 289.441
-62.024 -41.725 289.441
-62.018 -41.759 289.441
-62.015 -41.789 289.441
-62.012 -41.814 289.441
-62.007 -41.839 289.441
-62.001 -41.869 289.441
-61.997 -41.879 289.441
-61.993 -41.890 289.441
-61.987 -41.902 289.441
-61.984 -41.912 289.441
-61.982 -41.922 289.441
-61.981 -41.927 289.441
-61.981 -41.931 289.441
-61.981 -41.941 289.441
-61.981 -41.952 289.441
-61.982 -41.956 289.441
-61.981 -41.964 289.441
-61.983 -41.974 289.441
-61.983 -41.980 289.441
-61.974 -42.022 289.441
-61.972 -42.026 289.441
-61.969 -42.031 289.441
-61.967 -42.034 289.441
-61.963 -42.048 289.441
-61.960 -42.054 289.441
-61.957 -42.062 289.441
-61.954 -42.072 289.441
-61.950 -42.085 289.441
-61.951 -42.097 289.441
-61.953 -42.101 289.441
-61.954 -42.111 289.441
-61.956 -42.114 289.441
-61.961 -42.117 289.441
-61.963 -42.129 289.441
-61.966 -42.135 289.441
-61.968 -42.140 289.441
-61.969 -42.144 289.441
-61.971 -42.147 289.441
-61.976 -42.156 289.441
-61.977 -42.160 289.441
-61.980 -42.166 289.441
-61.983 -42.173 289.441
-61.985 -42.176 289.441
-61.987 -42.181 289.441
-61.989 -42.184 289.441
-61.990 -42.189 289.441
-61.992 -42.192 289.441
-61.993 -42.198 289.441
-61.995 -42.202 289.441
-61.997 -42.206 289.441
-61.999 -42.210 289.441
-62.000 -42.214 289.441
-62.003 -42.223 289.441
-62.005 -42.227 289.441
-62.008 -42.232 289.441
-62.011 -42.237 289.441
-62.013 -42.245 289.441
-62.015 -42.249 289.441
-62.018 -42.259 289.441
-62.020 -42.264 289.441
-62.022 -42.267 289.441
-62.024 -42.274 289.441
-62.027 -42.278 289.441
-62.029 -42.281 289.441
-62.031 -42.284 289.441
-62.034 -42.288 289.441
-62.039 -42.290 289.441
-62.040 -42.294 289.441
-62.044 -42.297 289.441
-62.050 -42.298 289.441
-62.051 -42.304 289.441
-62.054 -42.310 289.441
-62.057 -42.312 289.441
-62.063 -42.315 289.441
-62.064 -42.319 289.441
-62.067 -42.322 289.441
-62.072 -42.322 289.441
-62.075 -42.330 289.441
-62.080 -42.337 289.441
-62.104 -42.370 289.441
-62.128 -42.404 289.441
-62.131 -42.414 289.441
-62.132 -42.423 289.441
-62.137 -42.440 289.441
-62.135 -42.443 289.441
-62.136 -42.447 289.441
-62.137 -42.454 289.441
-62.141 -42.464 289.441
-62.141 -42.468 289.441
-62.143 -42.473 289.441
-62.142 -42.477 289.441
-62.144 -42.488 289.441
-62.146 -42.495 289.441
-62.149 -42.511 289.441
-62.155 -42.529 289.441
-62.153 -42.535 289.441
-62.157 -42.549 289.441
-62.158 -42.560 289.441
-62.161 -42.572 289.441
-62.162 -42.577 289.441
-62.166 -42.597 289.441
-62.167 -42.602 289.441
-62.165 -42.606 289.441
-62.167 -42.617 289.441
-62.167 -42.623 289.441
-62.167 -42.629 289.441
-62.170 -42.641 289.441
-62.169 -42.645 289.441
-62.167 -42.651 289.441
-62.166 -42.658 289.441
-62.165 -42.662 289.441
-62.163 -42.671 289.441
-62.165 -42.681 289.441
-62.164 -42.685 289.441
-62.161 -42.689 289.441
-62.160 -42.694 289.441
-62.159 -42.698 289.441
-62.158 -42.704 289.441
-62.158 -42.708 289.441
-62.157 -42.712 289.441
-62.158 -42.717 289.441
-62.157 -42.722 289.441
-62.158 -42.729 289.441
-62.156 -42.732 289.441
-62.156 -42.740 289.441
-62.155 -42.745 289.441
-62.157 -42.762 289.441
-62.158 -42.768 289.441
-62.156 -42.771 289.441
-62.156 -42.778 289.441
-62.156 -42.782 289.441
-62.156 -42.786 289.441
-62.156 -42.793 289.441
-62.156 -42.797 289.441
-62.153 -42.809 289.441
-62.153 -42.815 289.441
-62.152 -42.820 289.441
-62.152 -42.827 289.441
-62.153 -42.840 289.441
-62.153 -42.857 289.441
-62.155 -42.900 289.441
-62.154 -42.909 289.441
-62.154 -42.924 289.441
-62.152 -42.931 289.441
-62.152 -42.940 289.441
-62.152 -42.955 289.441
-62.148 -42.961 289.441
-62.146 -42.982 289.441
-62.145 -42.991 289.441
-62.143 -43.000 289.441
-62.139 -43.025 289.441
-62.138 -43.044 289.441
-62.135 -43.052 289.441
-62.136 -43.069 289.441
-62.132 -43.070 289.441
-62.131 -43.077 289.441
-62.130 -43.086 289.441
-62.129 -43.092 289.441
-62.130 -43.127 289.441
-62.134 -43.152 289.441
-62.136 -43.176 289.441
-62.135 -43.182 289.441
-62.135 -43.194 289.441
-62.135 -43.199 289.441
-62.136 -43.204 289.441
-62.139 -43.214 289.441
-62.143 -43.230 289.441
-62.146 -43.238 289.441
-62.148 -43.242 289.441
-62.152 -43.249 289.441
-62.154 -43.252 289.441
-62.156 -43.256 289.441
-62.163 -43.301 289.441
-62.162 -43.305 289.441
-62.160 -43.308 289.441
-62.158 -43.311 289.441
-62.155 -43.317 289.441
-62.153 -43.321 289.441
-62.151 -43.326 289.441
-62.149 -43.330 289.441
-62.147 -43.333 289.441
-62.146 -43.337 289.441
-62.144 -43.341 289.441
-62.142 -43.345 289.441
-62.140 -43.349 289.441
-62.138 -43.352 289.441
-62.135 -43.358 289.441
-62.135 -43.362 289.441
-62.133 -43.365 289.441
-62.130 -43.367 289.441
-62.128 -43.372 289.441
-62.127 -43.376 289.441
-62.124 -43.383 289.441
-62.122 -43.386 289.441
-62.120 -43.390 289.441
-62.119 -43.394 289.441
-62.117 -43.397 289.441
-62.115 -43.402 289.441
-62.114 -43.406 289.441
-62.112 -43.410 289.441
-62.110 -43.413 289.441
-62.108 -43.417 289.441
-62.107 -43.421 289.441
-62.106 -43.425 289.441
-62.104 -43.428 289.441
-62.101 -43.437 289.441
-62.101 -43.442 289.441
-62.098 -43.446 289.441
-62.096 -43.453 289.441
-62.093 -43.465 289.441
-62.091 -43.472 289.441
-62.089 -43.480 289.441
-62.088 -43.486 289.441
-62.087 -43.492 289.441
-62.085 -43.495 289.441
-62.085 -43.499 289.441
-62.081 -43.507 289.441
-62.080 -43.512 289.441
-62.077 -43.514 289.441
-62.077 -43.532 289.441
-62.072 -43.537 289.441
-62.070 -43.540 289.441
-62.068 -43.547 289.441
-62.068 -43.555 289.441
-62.072 -43.565 289.441
-62.085 -43.594 289.441
-62.090 -43.597 289.441
-62.097 -43.608 289.441
-62.101 -43.614 289.441
-62.116 -43.631 289.441
-62.120 -43.635 289.441
-62.125 -43.638 289.441
-62.129 -43.640 289.441
-62.137 -43.650 289.441
-62.141 -43.651 289.441
-62.147 -43.658 289.441
-62.153 -43.662 289.441
-62.157 -43.660 289.441
-62.161 -43.665 289.441
-62.166 -43.671 289.441
-62.173 -43.673 289.441
-62.176 -43.675 289.441
-62.179 -43.678 289.441
-62.185 -43.680 289.441
-62.189 -43.683 289.441
-62.193 -43.684 289.441
-62.197 -43.684 289.441
-62.201 -43.688 289.441
-62.206 -43.688 289.441
-62.211 -43.695 289.441
-62.215 -43.696 289.441
-62.221 -43.700 289.441
-62.230 -43.703 289.441
-62.238 -43.707 289.441
-62.243 -43.708 289.441
-62.251 -43.709 289.441
-62.257 -43.711 289.441
-62.261 -43.715 289.441
-62.266 -43.714 289.441
-62.271 -43.719 289.441
-62.274 -43.722 289.441
-62.279 -43.722 289.441
-62.283 -43.725 289.441
-62.288 -43.723 289.441
-62.294 -43.725 289.441
-62.298 -43.730 289.441
-62.301 -43.732 289.441
-62.305 -43.733 289.441
-62.311 -43.736 289.441
-62.317 -43.739 289.441
-62.326 -43.741 289.441
-62.332 -43.740 289.441
-62.338 -43.746 289.441
-62.342 -43.744 289.441
-62.346 -43.747 289.441
-62.349 -43.749 289.441
-62.356 -43.752 289.441
-62.363 -43.756 289.441
-62.371 -43.758 289.441
-62.380 -43.761 289.441
-62.384 -43.763 289.441
-62.389 -43.765 289.441
-62.392 -43.763 289.441
-62.396 -43.762 289.441
-62.402 -43.768 289.441
-62.407 -43.767 289.441
-62.413 -43.773 289.441
-62.418 -43.776 289.441
-62.422 -43.778 289.441
-62.425 -43.780 289.441
-62.428 -43.782 289.441
-62.432 -43.783 289.441
-62.437 -43.786 289.441
-62.440 -43.788 289.441
-62.443 -43.790 289.441
-62.447 -43.792 289.441
-62.451 -43.794 289.441
-62.456 -43.796 289.441
-62.458 -43.799 289.441
-62.467 -43.806 289.441
-62.471 -43.809 289.441
-62.483 -43.818 289.441
-62.492 -43.821 289.441
-62.497 -43.822 289.441
-62.501 -43.819 289.441
-62.505 -43.817 289.441
-62.515 -43.821 289.441
-62.521 -43.824 289.441
-62.524 -43.822 289.441
-62.530 -43.823 289.441
-62.534 -43.824 289.441
-62.539 -43.825 289.441
-62.561 -43.852 289.441
-62.566 -43.858 289.441
-62.590 -43.893 289.441
-62.594 -43.896 289.441
-62.610 -43.908 289.441
-62.623 -43.922 289.441
-62.629 -43.929 289.441
-62.635 -43.935 289.441
-62.642 -43.940 289.441
-62.653 -43.953 289.441
-62.665 -43.965 289.441
-62.673 -43.967 289.441
-62.677 -43.965 289.441
-62.686 -43.969 289.441
-62.695 -43.974 289.441
-62.705 -43.980 289.441
-62.711 -43.985 289.441
-62.716 -43.985 289.441
-62.720 -43.989 289.441
-62.724 -43.987 289.441
-62.728 -43.991 289.441
-62.740 -44.000 289.441
-62.748 -43.998 289.441
-62.758 -44.000 289.441
-62.774 -44.013 289.441
-62.778 -44.015 289.441
-62.781 -44.017 289.441
-62.788 -44.020 289.441
-62.797 -44.026 289.441
-62.810 -44.035 289.441
-62.816 -44.036 289.441
-62.821 -44.040 289.441
-62.827 -44.040 289.441
-62.832 -44.043 289.441
-62.838 -44.044 289.441
-62.843 -44.047 289.441
-62.849 -44.049 289.441
-62.856 -44.051 289.441
-62.863 -44.053 289.441
-62.868 -44.055 289.441
-62.875 -44.058 289.441
-62.878 -44.060 289.441
-62.881 -44.062 289.441
-62.886 -44.064 289.441
-62.890 -44.064 289.441
-62.895 -44.061 289.441
-62.904 -44.070 289.441
-62.908 -44.073 289.441
-62.914 -44.071 289.441
-62.921 -44.075 289.441
-62.929 -44.079 289.441
-62.933 -44.079 289.441
-62.936 -44.083 289.441
-62.942 -44.082 289.441
-62.945 -44.086 289.441
-62.950 -44.089 289.441
-62.956 -44.095 289.441
-62.961 -44.101 289.441
-62.981 -44.129 289.441
-62.986 -44.134 289.441
-62.993 -44.138 289.441
-63.000 -44.148 289.441
-63.004 -44.147 289.441
-63.007 -44.149 289.441
-63.009 -44.152 289.441
-63.016 -44.163 289.441
-63.021 -44.161 289.441
-63.028 -44.171 289.441
-63.033 -44.172 289.441
-63.039 -44.176 289.441
-63.044 -44.181 289.441
-63.046 -44.184 289.441
-63.059 -44.193 289.441
-63.066 -44.197 289.441
-63.072 -44.201 289.441
-63.096 -44.238 289.441
-63.097 -44.243 289.441
-63.097 -44.248 289.441
-63.095 -44.251 289.441
-63.092 -44.254 289.441
-63.089 -44.260 289.441
-63.087 -44.265 289.441
-63.087 -44.277 289.441
-63.083 -44.281 289.441
-63.083 -44.288 289.441
-63.081 -44.291 289.441
-63.083 -44.304 289.441
-63.080 -44.309 289.441
-63.082 -44.317 289.441
-63.085 -44.321 289.441
-63.086 -44.326 289.441
-63.085 -44.331 289.441
-63.085 -44.335 289.441
-63.086 -44.342 289.441
-63.087 -44.348 289.441
-63.089 -44.353 289.441
-63.089 -44.358 289.441
-63.086 -44.361 289.441
-63.085 -44.365 289.441
-63.084 -44.370 289.441
-63.082 -44.377 289.441
-63.081 -44.381 289.441
-63.081 -44.386 289.441
-63.083 -44.392 289.441
-63.080 -44.399 289.441
-63.079 -44.403 289.441
-63.079 -44.408 289.441
-63.081 -44.412 289.441
-63.079 -44.420 289.441
-63.081 -44.425 289.441
-63.083 -44.428 289.441
-63.079 -44.433 289.441
-63.081 -44.436 289.441
-63.079 -44.441 289.441
-63.079 -44.448 289.441
-63.081 -44.454 289.441
-63.078 -44.459 289.441
-63.078 -44.467 289.441
-63.079 -44.473 289.441
-63.080 -44.478 289.441
-63.077 -44.481 289.441
-63.078 -44.486 289.441
-63.079 -44.492 289.441
-63.076 -44.495 289.441
-63.077 -44.502 289.441
-63.077 -44.506 289.441
-63.075 -44.509 289.441
-63.077 -44.517 289.441
-63.074 -44.520 289.441
-63.075 -44.525 289.441
-63.074 -44.530 289.441
-63.074 -44.534 289.441
-63.073 -44.540 289.441
-63.074 -44.544 289.441
-63.072 -44.548 289.441
-63.074 -44.551 289.441
-63.074 -44.555 289.441
-63.072 -44.558 289.441
-63.070 -44.562 289.441
-63.072 -44.565 289.441
-63.072 -44.570 289.441
-63.069 -44.573 289.441
-63.068 -44.578 289.441
-63.067 -44.584 289.441
-63.068 -44.588 289.441
-63.065 -44.594 289.441
-63.067 -44.597 289.441
-63.064 -44.602 289.441
-63.064 -44.609 289.441
-63.061 -44.615 289.441
-63.061 -44.624 289.441
-63.063 -44.629 289.441
-63.060 -44.632 289.441
-63.057 -44.636 289.441
-63.058 -44.644 289.441
-63.060 -44.648 289.441
-63.056 -44.652 289.441
-63.054 -44.656 289.441
-63.054 -44.662 289.441
-63.053 -44.667 289.441
-63.053 -44.671 289.441
-63.054 -44.679 289.441
-63.054 -44.683 289.441
-63.053 -44.687 289.441
-63.055 -44.691 289.441
-63.054 -44.695 289.441
-63.054 -44.699 289.441
-63.058 -44.709 289.441
-63.054 -44.713 289.441
-63.057 -44.718 289.441
-63.054 -44.721 289.441
-63.055 -44.736 289.441
-63.056 -44.740 289.441
-63.058 -44.744 289.441
-63.057 -44.750 289.441
-63.062 -44.757 289.441
-63.059 -44.761 289.441
-63.061 -44.769 289.441
-63.059 -44.773 289.441
-63.063 -44.781 289.441
-63.062 -44.786 289.441
-63.064 -44.792 289.441
-63.067 -44.799 289.441
-63.064 -44.802 289.441
-63.068 -44.813 289.441
-63.067 -44.817 289.441
-63.069 -44.820 289.441
-63.067 -44.824 289.441
-63.067 -44.830 289.441
-63.069 -44.840 289.441
-63.069 -44.844 289.441
-63.069 -44.853 289.441
-63.070 -44.857 289.441
-63.072 -44.860 289.441
-63.074 -44.867 289.441
-63.075 -44.874 289.441
-63.080 -44.884 289.441
-63.079 -44.888 289.441
-63.078 -44.892 289.441
-63.083 -44.902 289.441
-63.084 -44.906 289.441
-63.083 -44.910 289.441
-63.084 -44.914 289.441
-63.083 -44.919 289.441
-63.087 -44.926 289.441
-63.087 -44.931 289.441
-63.088 -44.936 289.441
-63.089 -44.942 289.441
-63.093 -44.949 289.441
-63.092 -44.954 289.441
-63.093 -44.963 289.441
-63.095 -44.970 289.441
-63.097 -44.973 289.441
-63.093 -44.976 289.441
-63.093 -44.980 289.441
-63.096 -44.991 289.441
-63.099 -44.999 289.441
-63.100 -45.004 289.441
-63.101 -45.009 289.441
-63.103 -45.013 289.441
-63.104 -45.017 289.441
-63.105 -45.022 289.441
-63.107 -45.027 289.441
-63.108 -45.031 289.441
-63.111 -45.041 289.441
-63.112 -45.045 289.441
-63.114 -45.053 289.441
-63.116 -45.058 289.441
-63.122 -45.070 289.441
-63.125 -45.078 289.441
-63.125 -45.082 289.441
-63.129 -45.091 289.441
-63.136 -45.102 289.441
-63.140 -45.108 289.441
-63.162 -45.143 289.441
-63.177 -45.169 289.441
-63.183 -45.179 289.441
-63.193 -45.197 289.441
-63.203 -45.214 289.441
-63.210 -45.226 289.441
-63.222 -45.246 289.441
-63.224 -45.251 289.441
-63.225 -45.255 289.441
-63.227 -45.261 289.441
-63.243 -45.284 289.441
-63.248 -45.290 289.441
-63.259 -45.308 289.441
-63.265 -45.317 289.441
-63.287 -45.356 289.441
-63.299 -45.377 289.441
-63.308 -45.392 289.441
-63.311 -45.398 289.441
-63.312 -45.404 289.441
-63.320 -45.416 289.441
-63.324 -45.422 289.441
-63.328 -45.427 289.441
-63.333 -45.434 289.441
-63.344 -45.452 289.441
-63.352 -45.462 289.441
-63.371 -45.494 289.441
-63.374 -45.503 289.441
-63.381 -45.518 289.441
-63.388 -45.530 289.441
-63.390 -45.535 289.441
-63.397 -45.551 289.441
-63.400 -45.559 289.441
-63.401 -45.564 289.441
-63.411 -45.586 289.441
-63.425 -45.609 289.441
-63.427 -45.614 289.441
-63.427 -45.619 289.441
-63.431 -45.631 289.441
-63.436 -45.639 289.441
-63.447 -45.658 289.441
-63.460 -45.680 289.441
-63.463 -45.684 289.441
-63.486 -45.718 289.441
-63.489 -45.725 289.441
-63.494 -45.733 289.441
-63.509 -45.755 289.441
-63.530 -45.794 289.441
-63.532 -45.803 289.441
-63.533 -45.809 289.441
-63.534 -45.814 289.441
-63.538 -45.822 289.441
-63.542 -45.830 289.441
-63.539 -45.832 289.441
-63.542 -45.840 289.441
-63.544 -45.847 289.441
-63.546 -45.851 289.441
-63.549 -45.862 289.441
-63.553 -45.872 289.441
-63.554 -45.876 289.441
-63.556 -45.882 289.441
-63.559 -45.889 289.441
-63.561 -45.898 289.441
-63.566 -45.908 289.441
-63.580 -45.935 289.441
-63.585 -45.945 289.441
-63.588 -45.953 289.441
-63.597 -45.970 289.441
-63.603 -45.980 289.441
-63.605 -45.992 289.441
-63.607 -45.999 289.441
-63.612 -46.010 289.441
-63.617 -46.019 289.441
-63.619 -46.023 289.441
-63.634 -46.050 289.441
-63.641 -46.062 289.441
-63.643 -46.068 289.441
-63.661 -46.098 289.441
-63.666 -46.107 289.441
-63.684 -46.138 289.441
-63.685 -46.142 289.441
-63.691 -46.151 289.441
-63.708 -46.182 289.441
-63.711 -46.190 289.441
-63.710 -46.194 289.441
-63.712 -46.202 289.441
-63.718 -46.213 289.441
-63.715 -46.217 289.441
-63.719 -46.226 289.441
-63.721 -46.239 289.441
-63.721 -46.243 289.441
-63.727 -46.256 289.441
-63.727 -46.260 289.441
-63.727 -46.264 289.441
-63.732 -46.276 289.441
-63.730 -46.279 289.441
-63.732 -46.287 289.441
-63.740 -46.312 289.441
-63.744 -46.324 289.441
-63.745 -46.330 289.441
-63.748 -46.336 289.441
-63.747 -46.340 289.441
-63.752 -46.352 289.441
-63.757 -46.365 289.441
-63.763 -46.376 289.441
-63.766 -46.385 289.441
-63.767 -46.391 289.441
-63.773 -46.408 289.441
-63.775 -46.412 289.441
-63.779 -46.419 289.441
-63.781 -46.426 289.441
-63.785 -46.433 289.441
-63.788 -46.443 289.441
-63.790 -46.451 289.441
-63.793 -46.459 289.441
-63.796 -46.467 289.441
-63.804 -46.482 289.441
-63.804 -46.488 289.441
-63.810 -46.501 289.441
-63.811 -46.507 289.441
-63.815 -46.515 289.441
-63.818 -46.524 289.441
-63.823 -46.537 289.441
-63.827 -46.544 289.441
-63.827 -46.550 289.441
-63.831 -46.557 289.441
-63.833 -46.562 289.441
-63.832 -46.567 289.441
-63.834 -46.571 289.441
-63.834 -46.576 289.441
-63.836 -46.580 289.441
-63.842 -46.592 289.441
-63.842 -46.597 289.441
-63.844 -46.604 289.441
-63.845 -46.610 289.441
-63.850 -46.619 289.441
-63.851 -46.625 289.441
-63.852 -46.634 289.441
-63.858 -46.646 289.441
-63.856 -46.649 289.441
-63.860 -46.663 289.441
-63.862 -46.669 289.441
-63.864 -46.674 289.441
-63.867 -46.682 289.441
-63.869 -46.688 289.441
-63.873 -46.697 289.441
-63.874 -46.701 289.441
-63.878 -46.710 289.441
-63.899 -46.744 289.441
-63.903 -46.751 289.441
-63.905 -46.755 289.441
-63.909 -46.762 289.441
-63.917 -46.776 289.441
-63.921 -46.783 289.441
-63.926 -46.792 289.441
-63.930 -46.799 289.441
-63.934 -46.806 289.441
-63.942 -46.820 289.441
-63.949 -46.832 289.441
-63.966 -46.860 289.441
-63.973 -46.871 289.441
-63.984 -46.887 289.441
-64.008 -46.918 289.441
-64.022 -46.936 289.441
-64.028 -46.943 289.441
-64.049 -46.967 289.441
-64.068 -46.989 289.441
-64.073 -46.995 289.441
-64.090 -47.012 289.441
-64.097 -47.019 289.441
-64.104 -47.024 289.441
-64.118 -47.034 289.441
-64.149 -47.055 289.441
-64.160 -47.064 289.441
-64.166 -47.071 289.441
-64.169 -47.074 289.441
-64.172 -47.078 289.441
-64.175 -47.081 289.441
-64.185 -47.091 289.441
-64.210 -47.112 289.441
-64.224 -47.123 289.441
-64.250 -47.144 289.441
-64.270 -47.161 289.441
-64.279 -47.169 289.441
-64.290 -47.176 289.441
-64.295 -47.178 289.441
-64.332 -47.204 289.441
-64.338 -47.208 289.441
-64.353 -47.218 289.441
-64.372 -47.229 289.441
-64.396 -47.242 289.441
-64.411 -47.255 289.441
-64.439 -47.272 289.441
-64.469 -47.291 289.441
-64.480 -47.297 289.441
-64.512 -47.317 289.441
-64.517 -47.319 289.441
-64.533 -47.328 289.441
-64.538 -47.329 289.441
-64.551 -47.336 289.441
-64.565 -47.344 289.441
-64.580 -47.353 289.441
-64.592 -47.358 289.441
-64.609 -47.368 289.441
-64.629 -47.380 289.441
-64.649 -47.390 289.441
-64.660 -47.396 289.441
-64.677 -47.403 289.441
-64.685 -47.407 289.441
-64.696 -47.412 289.441
-64.704 -47.417 289.441
-64.713 -47.418 289.441
-64.718 -47.421 289.441
-64.722 -47.422 289.441
-64.736 -47.431 289.441
-64.749 -47.437 289.441
-64.754 -47.437 289.441
-64.785 -47.456 289.441
-64.807 -47.466 289.441
-64.815 -47.471 289.441
-64.823 -47.475 289.441
-64.839 -47.482 289.441
-64.846 -47.484 289.441
-64.871 -47.500 289.441
-64.909 -47.525 289.441
-64.928 -47.537 289.441
-64.942 -47.544 289.441
-64.953 -47.548 289.441
-64.977 -47.562 289.441
-64.980 -47.564 289.441
-64.998 -47.573 289.441
-65.005 -47.575 289.441
-65.011 -47.578 289.441
-65.017 -47.580 289.441
-65.029 -47.585 289.441
-65.060 -47.595 289.441
-65.075 -47.601 289.441
-65.085 -47.606 289.441
-65.111 -47.619 289.441
-65.132 -47.628 289.441
-65.168 -47.648 289.441
-65.172 -47.650 289.441
-65.189 -47.659 289.441
-65.192 -47.662 289.441
-65.194 -47.666 289.441
-65.199 -47.670 289.441
-65.221 -47.682 289.441
-65.240 -47.692 289.441
-65.246 -47.697 289.441
-65.253 -47.701 289.441
-65.264 -47.707 289.441
-65.287 -47.719 289.441
-65.306 -47.730 289.441
-65.318 -47.737 289.441
-65.349 -47.755 289.441
-65.376 -47.769 289.441
-65.400 -47.783 289.441
-65.413 -47.791 289.441
-65.421 -47.796 289.441
-65.433 -47.803 289.441
-65.450 -47.813 289.441
-65.461 -47.820 289.441
-65.469 -47.825 289.441
-65.474 -47.830 289.441
-65.485 -47.839 289.441
-65.494 -47.845 289.441
-65.496 -47.848 289.441
-65.505 -47.855 289.441
-65.512 -47.861 289.441
-65.518 -47.865 289.441
-65.521 -47.867 289.441
-65.526 -47.871 289.441
-65.535 -47.877 289.441
-65.540 -47.880 289.441
-65.542 -47.885 289.441
-65.549 -47.891 289.441
-65.556 -47.896 289.441
-65.563 -47.901 289.441
-65.567 -47.905 289.441
-65.579 -47.914 289.441
-65.585 -47.918 289.441
-65.586 -47.922 289.441
-65.589 -47.924 289.441
-65.597 -47.931 289.441
-65.602 -47.935 289.441
-65.608 -47.942 289.441
-65.612 -47.946 289.441
-65.627 -47.956 289.441
-65.629 -47.960 289.441
-65.633 -47.964 289.441
-65.643 -47.974 289.441
-65.650 -47.980 289.441
-65.660 -47.987 289.441
-65.664 -47.993 289.441
-65.672 -47.999 289.441
-65.675 -48.002 289.441
-65.687 -48.010 289.441
-65.691 -48.017 289.441
-65.696 -48.023 289.441
-65.702 -48.028 289.441
-65.709 -48.033 289.441
-65.714 -48.038 289.441
-65.738 -48.054 289.441
-65.744 -48.059 289.441
-65.742 -48.063 289.441
-65.752 -48.071 289.441
-65.762 -48.079 289.441
-65.767 -48.084 289.441
-65.776 -48.091 289.441
-65.782 -48.096 289.441
-65.795 -48.106 289.441
-65.807 -48.115 289.441
-65.811 -48.117 289.441
-65.826 -48.127 289.441
-65.833 -48.131 289.441
-65.850 -48.140 289.441
-65.855 -48.142 289.441
-65.865 -48.148 289.441
-65.879 -48.156 289.441
-65.885 -48.159 289.441
-65.892 -48.162 289.441
-65.898 -48.165 289.441
-65.904 -48.169 289.441
-65.911 -48.173 289.441
-65.921 -48.180 289.441
-65.936 -48.188 289.441
-65.943 -48.190 289.441
-65.958 -48.200 289.441
-65.982 -48.216 289.441
-65.988 -48.219 289.441
-65.991 -48.221 289.441
-65.995 -48.224 289.441
-66.021 -48.244 289.441
-66.030 -48.250 289.441
-66.040 -48.258 289.441
-66.052 -48.268 289.441
-66.063 -48.277 289.441
-66.093 -48.303 289.441
-66.107 -48.314 289.441
-66.116 -48.320 289.441
-66.141 -48.341 289.441
-66.157 -48.359 289.441
-66.160 -48.362 289.441
-66.163 -48.367 289.441
-66.167 -48.371 289.441
-66.173 -48.375 289.441
-66.188 -48.389 289.441
-66.204 -48.398 289.441
-66.215 -48.402 289.441
-66.225 -48.407 289.441
-66.251 -48.419 289.441
-66.271 -48.430 289.441
-66.273 -48.433 289.441
-66.279 -48.437 289.441
-66.291 -48.445 289.441
-66.303 -48.455 289.441
-66.307 -48.458 289.441
-66.316 -48.464 289.441
-66.319 -48.466 289.441
-66.322 -48.468 289.441
-66.328 -48.472 289.441
-66.338 -48.480 289.441
-66.349 -48.489 289.441
-66.374 -48.507 289.441
-66.385 -48.515 289.441
-66.399 -48.526 289.441
-66.407 -48.532 289.441
-66.417 -48.543 289.441
-66.425 -48.550 289.441
-66.430 -48.557 289.441
-66.443 -48.570 289.441
-66.449 -48.577 289.441
-66.456 -48.585 289.441
-66.459 -48.588 289.441
-66.471 -48.598 289.441
-66.472 -48.602 289.441
-66.483 -48.611 289.441
-66.486 -48.616 289.441
-66.493 -48.621 289.441
-66.498 -48.627 289.441
-66.501 -48.629 289.441
-66.507 -48.633 289.441
-66.514 -48.639 289.441
-66.517 -48.642 289.441
-66.530 -48.651 289.441
-66.550 -48.664 289.441
-66.570 -48.677 289.441
-66.602 -48.699 289.441
-66.609 -48.704 289.441
-66.625 -48.712 289.441
-66.635 -48.716 289.441
-66.654 -48.724 289.441
-66.673 -48.733 289.441
-66.679 -48.735 289.441
-66.694 -48.742 289.441
-66.710 -48.749 289.441
-66.719 -48.753 289.441
-66.745 -48.764 289.441
-66.761 -48.774 289.441
-66.769 -48.779 289.441
-66.773 -48.782 289.441
-66.778 -48.787 289.441
-66.788 -48.793 289.441
-66.792 -48.796 289.441
-66.798 -48.801 289.441
-66.810 -48.807 289.441
-66.845 -48.824 289.441
-66.858 -48.830 289.441
-66.863 -48.832 289.441
-66.881 -48.840 289.441
-66.898 -48.848 289.441
-66.936 -48.866 289.441
-66.955 -48.875 289.441
-66.989 -48.892 289.441
-66.993 -48.894 289.441
-67.007 -48.901 289.441
-67.047 -48.922 289.441
-67.054 -48.926 289.441
-67.058 -48.923 289.441
-67.279 -48.926 289.441
