-62.340 -34.662 284.079
-62.312 -34.662 284.079
-62.287 -34.662 284.079
-62.245 -34.661 284.079
-62.233 -34.645 284.079
-62.211 -34.626 284.079
-62.207 -34.622 284.079
-62.196 -34.611 284.079
-62.162 -34.587 284.079
-62.149 -34.568 284.079
-62.147 -34.559 284.079
-62.137 -34.550 284.079
-62.125 -34.530 284.079
-62.116 -34.518 284.079
-62.108 -34.507 284.079
-62.100 -34.498 284.079
-62.097 -34.492 284.079
-62.094 -34.484 284.079
-62.088 -34.477 284.079
-62.066 -34.440 284.079
-62.057 -34.427 284.079
-62.050 -34.422 284.079
-62.045 -34.421 284.079
-62.039 -34.414 284.079
-62.034 -34.412 284.079
-62.026 -34.408 284.079
-62.022 -34.404 284.079
-62.017 -34.405 284.079
-62.013 -34.403 284.079
-62.007 -34.404 284.079
-62.000 -34.403 284.079
-61.992 -34.395 284.079
-61.987 -34.397 284.079
-61.984 -34.400 284.079
-61.972 -34.397 284.079
-61.969 -34.400 284.079
-61.965 -34.401 284.079
-61.960 -34.403 284.079
-61.954 -34.402 284.079
-61.948 -34.405 284.079
-61.942 -34.403 284.079
-61.937 -34.406 284.079
-61.933 -34.407 284.079
-61.929 -34.409 284.079
-61.925 -34.412 284.079
-61.919 -34.415 284.079
-61.914 -34.416 284.079
-61.909 -34.418 284.079
-61.904 -34.419 284.079
-61.898 -34.421 284.079
-61.894 -34.422 284.079
-61.890 -34.424 284.079
-61.885 -34.427 284.079
-61.881 -34.430 284.079
-61.877 -34.433 284.079
-61.872 -34.436 284.079
-61.868 -34.439 284.079
-61.863 -34.442 284.079
-61.858 -34.445 284.079
-61.852 -34.449 284.079
-61.847 -34.453 284.079
-61.842 -34.456 284.079
-61.838 -34.458 284.079
-61.833 -34.462 284.079
-61.829 -34.464 284.079
-61.826 -34.467 284.079
-61.822 -34.469 284.079
-61.817 -34.473 284.079
-61.813 -34.475 284.079
-61.808 -34.477 284.079
-61.804 -34.480 284.079
-61.801 -34.483 284.079
-61.796 -34.486 284.079
-61.791 -34.490 284.079
-61.786 -34.493 284.079
-61.782 -34.496 284.079
-61.778 -34.498 284.079
-61.774 -34.500 284.079
-61.769 -34.501 284.079
-61.765 -34.502 284.079
-61.758 -34.504 284.079
-61.754 -34.506 284.079
-61.749 -34.508 284.079
-61.743 -34.510 284.079
-61.737 -34.512 284.079
-61.730 -34.512 284.079
-61.726 -34.514 284.079
-61.722 -34.515 284.079
-61.719 -34.518 284.079
-61.713 -34.520 284.079
-61.709 -34.521 284.079
-61.702 -34.522 284.079
-61.698 -34.524 284.079
-61.693 -34.525 284.079
-61.689 -34.526 284.079
-61.683 -34.525 284.079
-61.681 -34.529 284.079
-61.675 -34.530 284.079
-61.669 -34.531 284.079
-61.642 -34.516 284.079
-61.634 -34.511 284.079
-61.625 -34.505 284.079
-61.621 -34.500 284.079
-61.618 -34.495 284.079
-61.616 -34.490 284.079
-61.611 -34.481 284.079
-61.608 -34.476 284.079
-61.605 -34.471 284.079
-61.601 -34.465 284.079
-61.579 -34.433 284.079
-61.575 -34.428 284.079
-61.571 -34.423 284.079
-61.568 -34.419 284.079
-61.565 -34.415 284.079
-61.562 -34.411 284.079
-61.555 -34.402 284.079
-61.547 -34.392 284.079
-61.542 -34.386 284.079
-61.538 -34.381 284.079
-61.533 -34.374 284.079
-61.530 -34.371 284.079
-61.526 -34.366 284.079
-61.522 -34.361 284.079
-61.517 -34.353 284.079
-61.509 -34.336 284.079
-61.507 -34.330 284.079
-61.504 -34.323 284.079
-61.502 -34.317 284.079
-61.498 -34.307 284.079
-61.494 -34.296 284.079
-61.493 -34.292 284.079
-61.491 -34.286 284.079
-61.489 -34.281 284.079
-61.487 -34.273 284.079
-61.482 -34.257 284.079
-61.481 -34.252 284.079
-61.477 -34.243 284.079
-61.472 -34.232 284.079
-61.466 -34.217 284.079
-61.459 -34.201 284.079
-61.454 -34.189 284.079
-61.452 -34.184 284.079
-61.450 -34.179 284.079
-61.444 -34.166 284.079
-61.440 -34.157 284.079
-61.437 -34.150 284.079
-61.435 -34.145 284.079
-61.429 -34.129 284.079
-61.423 -34.116 284.079
-61.420 -34.109 284.079
-61.418 -34.104 284.079
-61.412 -34.090 284.079
-61.410 -34.084 284.079
-61.403 -34.070 284.079
-61.401 -34.066 284.079
-61.397 -34.057 284.079
-61.376 -34.019 284.079
-61.371 -34.010 284.079
-61.368 -34.005 284.079
-61.364 -33.999 284.079
-61.360 -33.987 284.079
-61.356 -33.978 284.079
-61.352 -33.969 284.079
-61.351 -33.965 284.079
-61.348 -33.957 284.079
-61.342 -33.944 284.079
-61.338 -33.935 284.079
-61.336 -33.929 284.079
-61.332 -33.920 284.079
-61.316 -33.886 284.079
-61.300 -33.855 284.079
-61.298 -33.851 284.079
-61.294 -33.843 284.079
-61.291 -33.837 284.079
-61.278 -33.812 284.079
-61.270 -33.794 284.079
-61.266 -33.785 284.079
-61.264 -33.778 284.079
-61.259 -33.766 284.079
-61.258 -33.762 284.079
-61.253 -33.750 284.079
-61.250 -33.742 284.079
-61.245 -33.728 284.079
-61.241 -33.719 284.079
-61.237 -33.708 284.079
-61.234 -33.699 284.079
-61.225 -33.679 284.079
-61.223 -33.674 284.079
-61.217 -33.661 284.079
-61.209 -33.643 284.079
-61.207 -33.638 284.079
-61.203 -33.629 284.079
-61.198 -33.617 284.079
-61.191 -33.601 284.079
-61.186 -33.588 284.079
-61.183 -33.580 284.079
-61.181 -33.574 284.079
-61.179 -33.569 284.079
-61.176 -33.562 284.079
-61.173 -33.554 284.079
-61.169 -33.545 284.079
-61.165 -33.536 284.079
-61.161 -33.526 284.079
-61.157 -33.515 284.079
-61.150 -33.500 284.079
-61.149 -33.496 284.079
-61.146 -33.489 284.079
-61.142 -33.480 284.079
-61.134 -33.461 284.079
-61.130 -33.452 284.079
-61.128 -33.447 284.079
-61.125 -33.439 284.079
-61.121 -33.427 284.079
-61.116 -33.413 284.079
-61.115 -33.408 284.079
-61.111 -33.399 284.079
-61.108 -33.391 284.079
-61.106 -33.382 284.079
-61.104 -33.377 284.079
-61.099 -33.366 284.079
-61.096 -33.355 284.079
-61.095 -33.350 284.079
-61.093 -33.345 284.079
-61.092 -33.340 284.079
-61.085 -33.324 284.079
-61.082 -33.317 284.079
-61.081 -33.313 284.079
-61.079 -33.306 284.079
-61.077 -33.300 284.079
-61.075 -33.294 284.079
-61.073 -33.287 284.079
-61.072 -33.283 284.079
-61.069 -33.274 284.079
-61.067 -33.268 284.079
-61.066 -33.264 284.079
-61.065 -33.260 284.079
-61.063 -33.253 284.079
-61.062 -33.249 284.079
-61.058 -33.238 284.079
-61.057 -33.234 284.079
-61.054 -33.226 284.079
-61.053 -33.222 284.079
-61.051 -33.216 284.079
-61.049 -33.210 284.079
-61.047 -33.205 284.079
-61.041 -33.189 284.079
-61.040 -33.185 284.079
-61.038 -33.180 284.079
-61.036 -33.175 284.079
-61.033 -33.167 284.079
-61.031 -33.162 284.079
-61.030 -33.158 284.079
-61.028 -33.153 284.079
-61.025 -33.145 284.079
-61.022 -33.137 284.079
-61.019 -33.129 284.079
-61.015 -33.119 284.079
-61.011 -33.108 284.079
-61.009 -33.102 284.079
-61.006 -33.094 284.079
-61.003 -33.085 284.079
-61.000 -33.078 284.079
-60.998 -33.072 284.079
-60.995 -33.064 284.079
-60.992 -33.056 284.079
-60.990 -33.050 284.079
-60.986 -33.040 284.079
-60.983 -33.032 284.079
-60.980 -33.024 284.079
-60.978 -33.018 284.079
-60.976 -33.012 284.079
-60.974 -33.007 284.079
-60.970 -32.997 284.079
-60.969 -32.993 284.079
-60.966 -32.985 284.079
-60.963 -32.976 284.079
-60.961 -32.971 284.079
-60.958 -32.964 284.079
-60.956 -32.958 284.079
-60.954 -32.953 284.079
-60.953 -32.949 284.079
-60.952 -32.945 284.079
-60.947 -32.934 284.079
-60.945 -32.928 284.079
-60.943 -32.923 284.079
-60.942 -32.919 284.079
-60.939 -32.912 284.079
-60.938 -32.908 284.079
-60.935 -32.901 284.079
-60.934 -32.897 284.079
-60.932 -32.892 284.079
-60.929 -32.884 284.079
-60.927 -32.878 284.079
-60.926 -32.874 284.079
-60.924 -32.869 284.079
-60.923 -32.864 284.079
-60.921 -32.859 284.079
-60.918 -32.850 284.079
-60.916 -32.842 284.079
-60.914 -32.837 284.079
-60.913 -32.833 284.079
-60.910 -32.825 284.079
-60.909 -32.821 284.079
-60.907 -32.815 284.079
-60.904 -32.806 284.079
-60.902 -32.800 284.079
-60.901 -32.796 284.079
-60.899 -32.789 284.079
-60.896 -32.782 284.079
-60.895 -32.777 284.079
-60.893 -32.771 284.079
-60.892 -32.767 284.079
-60.890 -32.762 284.079
-60.889 -32.758 284.079
-60.884 -32.744 284.079
-60.883 -32.740 284.079
-60.882 -32.736 284.079
-60.878 -32.726 284.079
-60.877 -32.721 284.079
-60.875 -32.715 284.079
-60.873 -32.710 284.079
-60.872 -32.706 284.079
-60.869 -32.698 284.079
-60.868 -32.694 284.079
-60.865 -32.686 284.079
-60.864 -32.682 284.079
-60.863 -32.678 284.079
-60.860 -32.670 284.079
-60.858 -32.664 284.079
-60.855 -32.655 284.079
-60.853 -32.648 284.079
-60.851 -32.643 284.079
-60.850 -32.639 284.079
-60.849 -32.635 284.079
-60.848 -32.631 284.079
-60.847 -32.627 284.079
-60.844 -32.620 284.079
-60.843 -32.615 284.079
-60.841 -32.609 284.079
-60.840 -32.605 284.079
-60.838 -32.600 284.079
-60.837 -32.595 284.079
-60.835 -32.588 284.079
-60.834 -32.584 284.079
-60.831 -32.576 284.079
-60.830 -32.572 284.079
-60.829 -32.568 284.079
-60.827 -32.563 284.079
-60.824 -32.554 284.079
-60.823 -32.550 284.079
-60.822 -32.546 284.079
-60.812 -32.524 284.079
-60.804 -32.506 284.079
-60.800 -32.496 284.079
-60.798 -32.491 284.079
-60.796 -32.486 284.079
-60.793 -32.478 284.079
-60.789 -32.463 284.079
-60.786 -32.449 284.079
-60.785 -32.443 284.079
-60.782 -32.431 284.079
-60.781 -32.424 284.079
-60.780 -32.416 284.079
-60.779 -32.410 284.079
-60.776 -32.402 284.079
-60.775 -32.397 284.079
-60.773 -32.388 284.079
-60.772 -32.382 284.079
-60.769 -32.373 284.079
-60.769 -32.367 284.079
-60.768 -32.362 284.079
-60.767 -32.356 284.079
-60.767 -32.350 284.079
-60.765 -32.342 284.079
-60.764 -32.330 284.079
-60.757 -32.314 284.079
-60.753 -32.302 284.079
-60.751 -32.295 284.079
-60.751 -32.290 284.079
-60.746 -32.275 284.079
-60.739 -32.258 284.079
-60.733 -32.242 284.079
-60.728 -32.224 284.079
-60.722 -32.208 284.079
-60.721 -32.204 284.079
-60.716 -32.189 284.079
-60.715 -32.184 284.079
-60.711 -32.174 284.079
-60.704 -32.152 284.079
-60.694 -32.126 284.079
-60.687 -32.109 284.079
-60.685 -32.103 284.079
-60.683 -32.097 284.079
-60.681 -32.092 284.079
-60.680 -32.088 284.079
-60.672 -32.071 284.079
-60.671 -32.066 284.079
-60.665 -32.053 284.079
-60.657 -32.033 284.079
-60.653 -32.020 284.079
-60.649 -32.011 284.079
-60.646 -32.003 284.079
-60.645 -31.999 284.079
-60.639 -31.983 284.079
-60.637 -31.973 284.079
-60.635 -31.962 284.079
-60.632 -31.953 284.079
-60.628 -31.936 284.079
-60.626 -31.929 284.079
-60.626 -31.924 284.079
-60.624 -31.917 284.079
-60.623 -31.908 284.079
-60.620 -31.901 284.079
-60.619 -31.895 284.079
-60.618 -31.887 284.079
-60.615 -31.876 284.079
-60.612 -31.867 284.079
-60.613 -31.863 284.079
-60.611 -31.859 284.079
-60.609 -31.855 284.079
-60.604 -31.838 284.079
-60.603 -31.834 284.079
-60.603 -31.826 284.079
-60.602 -31.819 284.079
-60.599 -31.813 284.079
-60.591 -31.794 284.079
-60.589 -31.790 284.079
-60.586 -31.781 284.079
-60.584 -31.776 284.079
-60.585 -31.772 284.079
-60.580 -31.762 284.079
-60.575 -31.751 284.079
-60.573 -31.745 284.079
-60.571 -31.737 284.079
-60.568 -31.727 284.079
-60.566 -31.722 284.079
-60.565 -31.716 284.079
-60.561 -31.708 284.079
-60.559 -31.703 284.079
-60.558 -31.695 284.079
-60.554 -31.675 284.079
-60.550 -31.664 284.079
-60.542 -31.643 284.079
-60.527 -31.619 284.079
-60.526 -31.615 284.079
-60.511 -31.585 284.079
-60.503 -31.568 284.079
-60.492 -31.542 284.079
-60.486 -31.530 284.079
-60.485 -31.526 284.079
-60.481 -31.517 284.079
-60.476 -31.503 284.079
-60.467 -31.484 284.079
-60.467 -31.469 284.079
-60.467 -31.463 284.079
-60.459 -31.444 284.079
-60.458 -31.437 284.079
-60.455 -31.424 284.079
-60.449 -31.410 284.079
-60.447 -31.404 284.079
-60.447 -31.398 284.079
-60.440 -31.377 284.079
-60.441 -31.373 284.079
-60.437 -31.359 284.079
-60.432 -31.346 284.079
-60.430 -31.337 284.079
-60.429 -31.323 284.079
-60.427 -31.314 284.079
-60.429 -31.308 284.079
-60.429 -31.301 284.079
-60.428 -31.293 284.079
-60.429 -31.289 284.079
-60.428 -31.284 284.079
-60.426 -31.274 284.079
-60.425 -31.262 284.079
-60.425 -31.256 284.079
-60.427 -31.246 284.079
-60.424 -31.236 284.079
-60.426 -31.231 284.079
-60.427 -31.227 284.079
-60.421 -31.213 284.079
-60.418 -31.203 284.079
-60.417 -31.198 284.079
-60.417 -31.193 284.079
-60.418 -31.189 284.079
-60.416 -31.184 284.079
-60.417 -31.178 284.079
-60.410 -31.164 284.079
-60.408 -31.154 284.079
-60.409 -31.150 284.079
-60.407 -31.146 284.079
-60.406 -31.142 284.079
-60.405 -31.138 284.079
-60.403 -31.133 284.079
-60.402 -31.129 284.079
-60.401 -31.125 284.079
-60.399 -31.121 284.079
-60.398 -31.116 284.079
-60.396 -31.111 284.079
-60.394 -31.105 284.079
-60.393 -31.099 284.079
-60.391 -31.093 284.079
-60.390 -31.088 284.079
-60.389 -31.084 284.079
-60.388 -31.079 284.079
-60.387 -31.074 284.079
-60.386 -31.069 284.079
-60.385 -31.065 284.079
-60.384 -31.060 284.079
-60.382 -31.055 284.079
-60.378 -31.046 284.079
-60.375 -31.038 284.079
-60.365 -31.015 284.079
-60.364 -31.010 284.079
-60.358 -30.997 284.079
-60.356 -30.991 284.079
-60.356 -30.984 284.079
-60.357 -30.980 284.079
-60.358 -30.974 284.079
-60.356 -30.969 284.079
-60.354 -30.961 284.079
-60.357 -30.956 284.079
-60.358 -30.952 284.079
-60.357 -30.948 284.079
-60.358 -30.944 284.079
-60.360 -30.940 284.079
-60.356 -30.928 284.079
-60.359 -30.918 284.079
-60.358 -30.914 284.079
-60.357 -30.905 284.079
-60.357 -30.899 284.079
-60.354 -30.893 284.079
-60.356 -30.887 284.079
-60.354 -30.883 284.079
-60.352 -30.877 284.079
-60.349 -30.863 284.079
-60.351 -30.858 284.079
-60.349 -30.854 284.079
-60.346 -30.841 284.079
-60.345 -30.832 284.079
-60.344 -30.827 284.079
-60.342 -30.822 284.079
-60.341 -30.817 284.079
-60.341 -30.812 284.079
-60.336 -30.801 284.079
-60.336 -30.795 284.079
-60.337 -30.789 284.079
-60.337 -30.784 284.079
-60.336 -30.780 284.079
-60.337 -30.776 284.079
-60.337 -30.771 284.079
-60.337 -30.766 284.079
-60.338 -30.761 284.079
-60.337 -30.756 284.079
-60.337 -30.746 284.079
-60.339 -30.742 284.079
-60.337 -30.734 284.079
-60.336 -30.728 284.079
-60.338 -30.720 284.079
-60.336 -30.716 284.079
-60.335 -30.708 284.079
-60.330 -30.692 284.079
-60.328 -30.688 284.079
-60.326 -30.680 284.079
-60.323 -30.668 284.079
-60.321 -30.663 284.079
-60.316 -30.649 284.079
-60.316 -30.639 284.079
-60.314 -30.630 284.079
-60.313 -30.620 284.079
-60.312 -30.615 284.079
-60.313 -30.611 284.079
-60.308 -30.600 284.079
-60.307 -30.595 284.079
-60.301 -30.580 284.079
-60.300 -30.575 284.079
-60.296 -30.565 284.079
-60.293 -30.558 284.079
-60.291 -30.549 284.079
-60.289 -30.545 284.079
-60.287 -30.540 284.079
-60.285 -30.535 284.079
-60.285 -30.530 284.079
-60.283 -30.526 284.079
-60.281 -30.522 284.079
-60.278 -30.515 284.079
-60.276 -30.511 284.079
-60.273 -30.503 284.079
-60.269 -30.490 284.079
-60.266 -30.480 284.079
-60.265 -30.476 284.079
-60.257 -30.460 284.079
-60.231 -30.423 284.079
-60.224 -30.412 284.079
-60.213 -30.397 284.079
-60.201 -30.380 284.079
-60.193 -30.372 284.079
-60.188 -30.365 284.079
-60.172 -30.336 284.079
-60.168 -30.330 284.079
-60.164 -30.325 284.079
-60.158 -30.315 284.079
-60.155 -30.310 284.079
-60.146 -30.293 284.079
-60.146 -30.288 284.079
-60.140 -30.273 284.079
-60.139 -30.268 284.079
-60.137 -30.263 284.079
-60.136 -30.258 284.079
-60.135 -30.254 284.079
-60.134 -30.250 284.079
-60.133 -30.246 284.079
-60.132 -30.242 284.079
-60.131 -30.238 284.079
-60.130 -30.233 284.079
-60.128 -30.229 284.079
-60.126 -30.223 284.079
-60.125 -30.219 284.079
-60.122 -30.212 284.079
-60.119 -30.204 284.079
-60.117 -30.198 284.079
-60.115 -30.192 284.079
-60.113 -30.187 284.079
-60.111 -30.181 284.079
-60.107 -30.170 284.079
-60.106 -30.165 284.079
-60.103 -30.159 284.079
-60.101 -30.153 284.079
-60.101 -30.143 284.079
-60.095 -30.128 284.079
-60.097 -30.121 284.079
-60.092 -30.108 284.079
-60.092 -30.101 284.079
-60.093 -30.094 284.079
-60.091 -30.086 284.079
-60.091 -30.081 284.079
-60.091 -30.074 284.079
-60.091 -30.067 284.079
-60.089 -30.063 284.079
-60.088 -30.058 284.079
-60.086 -30.048 284.079
-60.087 -30.043 284.079
-60.084 -30.032 284.079
-60.082 -30.026 284.079
-60.080 -30.015 284.079
-60.078 -29.999 284.079
-60.075 -29.993 284.079
-60.073 -29.984 284.079
-60.073 -29.979 284.079
-60.069 -29.960 284.079
-60.069 -29.949 284.079
-60.068 -29.941 284.079
-60.069 -29.935 284.079
-60.069 -29.929 284.079
-60.066 -29.923 284.079
-60.070 -29.916 284.079
-60.069 -29.912 284.079
-60.065 -29.903 284.079
-60.065 -29.897 284.079
-60.069 -29.892 284.079
-60.065 -29.885 284.079
-60.066 -29.880 284.079
-60.069 -29.866 284.079
-60.067 -29.858 284.079
-60.071 -29.849 284.079
-60.071 -29.843 284.079
-60.071 -29.838 284.079
-60.072 -29.831 284.079
-60.071 -29.827 284.079
-60.072 -29.822 284.079
-60.072 -29.817 284.079
-60.071 -29.811 284.079
-60.072 -29.806 284.079
-60.074 -29.802 284.079
-60.072 -29.797 284.079
-60.072 -29.790 284.079
-60.070 -29.784 284.079
-60.070 -29.776 284.079
-60.069 -29.770 284.079
-60.069 -29.763 284.079
-60.069 -29.755 284.079
-60.071 -29.750 284.079
-60.067 -29.740 284.079
-60.067 -29.733 284.079
-60.066 -29.729 284.079
-60.066 -29.724 284.079
-60.065 -29.715 284.079
-60.067 -29.711 284.079
-60.065 -29.703 284.079
-60.064 -29.691 284.079
-60.064 -29.686 284.079
-60.063 -29.681 284.079
-60.065 -29.675 284.079
-60.065 -29.668 284.079
-60.064 -29.662 284.079
-60.065 -29.654 284.079
-60.066 -29.647 284.079
-60.067 -29.639 284.079
-60.066 -29.632 284.079
-60.070 -29.627 284.079
-60.067 -29.621 284.079
-60.072 -29.618 284.079
-60.067 -29.606 284.079
-60.068 -29.598 284.079
-60.070 -29.586 284.079
-60.068 -29.578 284.079
-60.070 -29.572 284.079
-60.072 -29.567 284.079
-60.069 -29.561 284.079
-60.070 -29.556 284.079
-60.070 -29.547 284.079
-60.071 -29.542 284.079
-60.070 -29.538 284.079
-60.071 -29.534 284.079
-60.071 -29.527 284.079
-60.072 -29.520 284.079
-60.075 -29.517 284.079
-60.073 -29.513 284.079
-60.073 -29.505 284.079
-60.073 -29.499 284.079
-60.074 -29.494 284.079
-60.075 -29.489 284.079
-60.075 -29.483 284.079
-60.076 -29.478 284.079
-60.077 -29.473 284.079
-60.078 -29.469 284.079
-60.083 -29.465 284.079
-60.083 -29.457 284.079
-60.081 -29.453 284.079
-60.082 -29.445 284.079
-60.083 -29.441 284.079
-60.086 -29.437 284.079
-60.084 -29.432 284.079
-60.087 -29.423 284.079
-60.093 -29.410 284.079
-60.096 -29.403 284.079
-60.102 -29.399 284.079
-60.100 -29.392 284.079
-60.106 -29.388 284.079
-60.109 -29.374 284.079
-60.112 -29.369 284.079
-60.114 -29.363 284.079
-60.119 -29.359 284.079
-60.119 -29.352 284.079
-60.123 -29.339 284.079
-60.124 -29.332 284.079
-60.127 -29.325 284.079
-60.130 -29.319 284.079
-60.129 -29.313 284.079
-60.133 -29.309 284.079
-60.132 -29.304 284.079
-60.133 -29.298 284.079
-60.136 -29.295 284.079
-60.139 -29.289 284.079
-60.140 -29.282 284.079
-60.140 -29.265 284.079
-60.141 -29.259 284.079
-60.145 -29.251 284.079
-60.147 -29.247 284.079
-60.148 -29.239 284.079
-60.151 -29.226 284.079
-60.152 -29.221 284.079
-60.155 -29.210 284.079
-60.157 -29.200 284.079
-60.162 -29.189 284.079
-60.163 -29.183 284.079
-60.164 -29.173 284.079
-60.167 -29.167 284.079
-60.169 -29.161 284.079
-60.182 -29.151 284.079
-60.181 -29.138 284.079
-60.184 -29.127 284.079
-60.189 -29.125 284.079
-60.192 -29.121 284.079
-60.193 -29.116 284.079
-60.196 -29.105 284.079
-60.203 -29.099 284.079
-60.211 -29.095 284.079
-60.210 -29.081 284.079
-60.209 -29.077 284.079
-60.212 -29.073 284.079
-60.222 -29.069 284.079
-60.221 -29.061 284.079
-60.220 -29.056 284.079
-60.223 -29.050 284.079
-60.231 -29.043 284.079
-60.230 -29.022 284.079
-60.230 -29.011 284.079
-60.233 -29.008 284.079
-60.232 -28.997 284.079
-60.238 -28.986 284.079
-60.243 -28.983 284.079
-60.246 -28.980 284.079
-60.243 -28.964 284.079
-60.247 -28.952 284.079
-60.247 -28.942 284.079
-60.253 -28.934 284.079
-60.254 -28.926 284.079
-60.257 -28.921 284.079
-60.258 -28.908 284.079
-60.263 -28.891 284.079
-60.264 -28.887 284.079
-60.267 -28.883 284.079
-60.268 -28.878 284.079
-60.269 -28.874 284.079
-60.271 -28.868 284.079
-60.273 -28.861 284.079
-60.278 -28.857 284.079
-60.277 -28.847 284.079
-60.285 -28.842 284.079
-60.291 -28.837 284.079
-60.291 -28.832 284.079
-60.295 -28.829 284.079
-60.294 -28.823 284.079
-60.292 -28.815 284.079
-60.294 -28.808 284.079
-60.293 -28.803 284.079
-60.294 -28.799 284.079
-60.300 -28.782 284.079
-60.302 -28.774 284.079
-60.306 -28.770 284.079
-60.305 -28.764 284.079
-60.304 -28.753 284.079
-60.306 -28.743 284.079
-60.306 -28.734 284.079
-60.298 -28.689 284.079
-60.294 -28.684 284.079
-60.290 -28.676 284.079
-60.288 -28.670 284.079
-60.287 -28.666 284.079
-60.283 -28.657 284.079
-60.280 -28.654 284.079
-60.278 -28.648 284.079
-60.274 -28.640 284.079
-60.271 -28.637 284.079
-60.266 -28.626 284.079
-60.259 -28.612 284.079
-60.255 -28.605 284.079
-60.252 -28.597 284.079
-60.249 -28.594 284.079
-60.244 -28.585 284.079
-60.239 -28.575 284.079
-60.234 -28.565 284.079
-60.229 -28.556 284.079
-60.222 -28.541 284.079
-60.214 -28.523 284.079
-60.211 -28.520 284.079
-60.201 -28.497 284.079
-60.192 -28.481 284.079
-60.183 -28.466 284.079
-60.176 -28.452 284.079
-60.174 -28.448 284.079
-60.171 -28.443 284.079
-60.159 -28.418 284.079
-60.148 -28.391 284.079
-60.138 -28.367 284.079
-60.134 -28.355 284.079
-60.132 -28.345 284.079
-60.132 -28.339 284.079
-60.132 -28.334 284.079
-60.131 -28.326 284.079
-60.131 -28.310 284.079
-60.130 -28.296 284.079
-60.131 -28.292 284.079
-60.129 -28.277 284.079
-60.130 -28.270 284.079
-60.132 -28.264 284.079
-60.135 -28.261 284.079
-60.136 -28.255 284.079
-60.138 -28.249 284.079
-60.140 -28.244 284.079
-60.143 -28.239 284.079
-60.147 -28.229 284.079
-60.149 -28.223 284.079
-60.150 -28.218 284.079
-60.153 -28.211 284.079
-60.154 -28.207 284.079
-60.158 -28.200 284.079
-60.160 -28.196 284.079
-60.162 -28.189 284.079
-60.165 -28.182 284.079
-60.167 -28.177 284.079
-60.169 -28.173 284.079
-60.170 -28.168 284.079
-60.171 -28.163 284.079
-60.175 -28.161 284.079
-60.179 -28.158 284.079
-60.179 -28.153 284.079
-60.175 -28.140 284.079
-60.176 -28.135 284.079
-60.179 -28.130 284.079
-60.180 -28.119 284.079
-60.179 -28.111 284.079
-60.177 -28.097 284.079
-60.174 -28.087 284.079
-60.172 -28.076 284.079
-60.172 -28.067 284.079
-60.169 -28.062 284.079
-60.165 -28.054 284.079
-60.149 -28.035 284.079
-60.131 -28.020 284.079
-60.115 -28.009 284.079
-60.104 -28.003 284.079
-60.101 -27.998 284.079
-60.095 -27.997 284.079
-60.093 -27.991 284.079
-60.089 -27.989 284.079
-60.086 -27.984 284.079
-60.081 -27.980 284.079
-60.075 -27.970 284.079
-60.067 -27.960 284.079
-60.063 -27.952 284.079
-60.059 -27.948 284.079
-60.055 -27.945 284.079
-60.052 -27.940 284.079
-60.041 -27.922 284.079
-60.038 -27.916 284.079
-60.026 -27.887 284.079
-60.024 -27.878 284.079
-60.022 -27.872 284.079
-60.021 -27.863 284.079
-60.017 -27.850 284.079
-60.012 -27.836 284.079
-60.007 -27.823 284.079
-60.006 -27.819 284.079
-59.999 -27.801 284.079
-59.997 -27.796 284.079
-59.996 -27.792 284.079
-59.993 -27.784 284.079
-59.988 -27.772 284.079
-59.987 -27.768 284.079
-59.984 -27.760 284.079
-59.982 -27.753 284.079
-59.978 -27.744 284.079
-59.976 -27.738 284.079
-59.974 -27.732 284.079
-59.973 -27.728 284.079
-59.970 -27.721 284.079
-59.951 -27.684 284.079
-59.938 -27.662 284.079
-59.933 -27.654 284.079
-59.928 -27.646 284.079
-59.923 -27.637 284.079
-59.920 -27.633 284.079
-59.915 -27.624 284.079
-59.909 -27.608 284.079
-59.904 -27.593 284.079
-59.904 -27.588 284.079
-59.904 -27.580 284.079
-59.903 -27.574 284.079
-59.901 -27.562 284.079
-59.899 -27.549 284.079
-59.898 -27.542 284.079
-59.898 -27.528 284.079
-59.897 -27.522 284.079
-59.899 -27.518 284.079
-59.896 -27.509 284.079
-59.895 -27.495 284.079
-59.895 -27.484 284.079
-59.896 -27.478 284.079
-59.894 -27.472 284.079
-59.894 -27.467 284.079
-59.893 -27.463 284.079
-59.892 -27.456 284.079
-59.891 -27.445 284.079
-59.889 -27.440 284.079
-59.889 -27.432 284.079
-59.888 -27.426 284.079
-59.887 -27.422 284.079
-59.882 -27.410 284.079
-59.877 -27.399 284.079
-59.874 -27.391 284.079
-59.867 -27.374 284.079
-59.866 -27.370 284.079
-59.863 -27.362 284.079
-59.854 -27.349 284.079
-59.827 -27.318 284.079
-59.825 -27.313 284.079
-59.821 -27.312 284.079
-59.818 -27.309 284.079
-59.814 -27.301 284.079
-59.809 -27.299 284.079
-59.805 -27.297 284.079
-59.801 -27.293 284.079
-59.797 -27.290 284.079
-59.794 -27.287 284.079
-59.791 -27.284 284.079
-59.786 -27.278 284.079
-59.782 -27.272 284.079
-59.779 -27.267 284.079
-59.776 -27.263 284.079
-59.771 -27.257 284.079
-59.768 -27.253 284.079
-59.763 -27.247 284.079
-59.760 -27.243 284.079
-59.758 -27.239 284.079
-59.754 -27.236 284.079
-59.748 -27.227 284.079
-59.745 -27.223 284.079
-59.742 -27.219 284.079
-59.737 -27.213 284.079
-59.733 -27.207 284.079
-59.730 -27.203 284.079
-59.727 -27.199 284.079
-59.723 -27.193 284.079
-59.720 -27.189 284.079
-59.716 -27.184 284.079
-59.712 -27.180 284.079
-59.707 -27.174 284.079
-59.704 -27.169 284.079
-59.700 -27.164 284.079
-59.697 -27.160 284.079
-59.693 -27.154 284.079
-59.689 -27.150 284.079
-59.686 -27.145 284.079
-59.683 -27.141 284.079
-59.677 -27.134 284.079
-59.673 -27.128 284.079
-59.667 -27.122 284.079
-59.662 -27.114 284.079
-59.659 -27.110 284.079
-59.656 -27.106 284.079
-59.648 -27.097 284.079
-59.639 -27.082 284.079
-59.636 -27.079 284.079
-59.624 -27.053 284.079
-59.614 -27.032 284.079
-59.608 -27.019 284.079
-59.606 -27.012 284.079
-59.593 -26.983 284.079
-59.590 -26.976 284.079
-59.589 -26.972 284.079
-59.587 -26.966 284.079
-59.583 -26.957 284.079
-59.580 -26.950 284.079
-59.577 -26.942 284.079
-59.574 -26.934 284.079
-59.570 -26.924 284.079
-59.569 -26.920 284.079
-59.566 -26.913 284.079
-59.563 -26.905 284.079
-59.560 -26.897 284.079
-59.558 -26.892 284.079
-59.556 -26.887 284.079
-59.555 -26.883 284.079
-59.553 -26.878 284.079
-59.550 -26.871 284.079
-59.547 -26.863 284.079
-59.545 -26.857 284.079
-59.543 -26.852 284.079
-59.541 -26.847 284.079
-59.540 -26.843 284.079
-59.537 -26.835 284.079
-59.533 -26.826 284.079
-59.530 -26.818 284.079
-59.527 -26.810 284.079
-59.524 -26.802 284.079
-59.521 -26.794 284.079
-59.519 -26.788 284.079
-59.516 -26.781 284.079
-59.512 -26.771 284.079
-59.511 -26.767 284.079
-59.510 -26.761 284.079
-59.506 -26.748 284.079
-59.503 -26.735 284.079
-59.500 -26.724 284.079
-59.497 -26.713 284.079
-59.495 -26.708 284.079
-59.497 -26.704 284.079
-59.492 -26.693 284.079
-59.491 -26.687 284.079
-59.489 -26.681 284.079
-59.488 -26.676 284.079
-59.486 -26.671 284.079
-59.485 -26.665 284.079
-59.485 -26.660 284.079
-59.483 -26.654 284.079
-59.479 -26.640 284.079
-59.477 -26.633 284.079
-59.478 -26.629 284.079
-59.477 -26.625 284.079
-59.476 -26.620 284.079
-59.475 -26.611 284.079
-59.471 -26.601 284.079
-59.471 -26.596 284.079
-59.470 -26.592 284.079
-59.472 -26.588 284.079
-59.470 -26.579 284.079
-59.471 -26.572 284.079
-59.469 -26.562 284.079
-59.470 -26.558 284.079
-59.471 -26.551 284.079
-59.467 -26.539 284.079
-59.474 -26.534 284.079
-59.471 -26.528 284.079
-59.472 -26.524 284.079
-59.472 -26.510 284.079
-59.471 -26.506 284.079
-59.471 -26.500 284.079
-59.472 -26.496 284.079
-59.464 -26.483 284.079
-59.463 -26.475 284.079
-59.460 -26.469 284.079
-59.459 -26.465 284.079
-59.459 -26.458 284.079
-59.460 -26.452 284.079
-59.457 -26.447 284.079
-59.454 -26.438 284.079
-59.458 -26.435 284.079
-59.454 -26.424 284.079
-59.453 -26.417 284.079
-59.453 -26.410 284.079
-59.453 -26.405 284.079
-59.450 -26.394 284.079
-59.451 -26.389 284.079
-59.446 -26.362 284.079
-59.445 -26.351 284.079
-59.452 -26.344 284.079
-59.448 -26.337 284.079
-59.448 -26.326 284.079
-59.452 -26.323 284.079
-59.450 -26.319 284.079
-59.451 -26.313 284.079
-59.449 -26.309 284.079
-59.448 -26.302 284.079
-59.448 -26.295 284.079
-59.450 -26.291 284.079
-59.446 -26.277 284.079
-59.446 -26.270 284.079
-59.443 -26.258 284.079
-59.446 -26.253 284.079
-59.443 -26.244 284.079
-59.447 -26.240 284.079
-59.451 -26.236 284.079
-59.449 -26.232 284.079
-59.444 -26.226 284.079
-59.445 -26.221 284.079
-59.439 -26.211 284.079
-59.441 -26.207 284.079
-59.439 -26.199 284.079
-59.440 -26.191 284.079
-59.438 -26.184 284.079
-59.435 -26.180 284.079
-59.438 -26.173 284.079
-59.439 -26.169 284.079
-59.435 -26.163 284.079
-59.432 -26.158 284.079
-59.433 -26.153 284.079
-59.434 -26.148 284.079
-59.431 -26.145 284.079
-59.433 -26.140 284.079
-59.432 -26.129 284.079
-59.435 -26.125 284.079
-59.427 -26.117 284.079
-59.425 -26.110 284.079
-59.423 -26.103 284.079
-59.418 -26.099 284.079
-59.411 -26.089 284.079
-59.403 -26.080 284.079
-59.404 -26.076 284.079
-59.401 -26.071 284.079
-59.397 -26.067 284.079
-59.381 -26.054 284.079
-59.369 -26.044 284.079
-59.363 -26.038 284.079
-59.357 -26.034 284.079
-59.337 -26.022 284.079
-59.323 -26.012 284.079
-59.295 -25.999 284.079
-59.289 -25.992 284.079
-59.282 -25.986 284.079
-59.244 -25.970 284.079
-59.233 -25.966 284.079
-59.224 -25.963 284.079
-59.214 -25.962 284.079
-59.191 -25.947 284.079
-59.185 -25.945 284.079
-59.176 -25.944 284.079
-59.158 -25.939 284.079
-59.152 -25.937 284.079
-59.137 -25.928 284.079
-59.130 -25.929 284.079
-59.122 -25.921 284.079
-59.118 -25.922 284.079
-59.103 -25.907 284.079
-59.082 -25.894 284.079
-59.079 -25.889 284.079
-59.065 -25.872 284.079
-59.060 -25.866 284.079
-59.055 -25.867 284.079
-59.049 -25.856 284.079
-59.043 -25.850 284.079
-59.038 -25.849 284.079
-59.026 -25.837 284.079
-59.019 -25.826 284.079
-59.016 -25.818 284.079
-58.998 -25.785 284.079
-58.992 -25.784 284.079
-58.983 -25.768 284.079
-58.977 -25.764 284.079
-58.973 -25.753 284.079
-58.967 -25.755 284.079
-58.959 -25.737 284.079
-58.942 -25.698 284.079
-58.934 -25.688 284.079
-58.930 -25.689 284.079
-58.918 -25.681 284.079
-58.906 -25.669 284.079
-58.901 -25.657 284.079
-58.892 -25.655 284.079
-58.885 -25.651 284.079
-58.881 -25.649 284.079
-58.877 -25.642 284.079
-58.870 -25.638 284.079
-58.857 -25.630 284.079
-58.849 -25.625 284.079
-58.842 -25.615 284.079
-58.834 -25.612 284.079
-58.825 -25.601 284.079
-58.815 -25.597 284.079
-58.811 -25.592 284.079
-58.807 -25.585 284.079
-58.805 -25.581 284.079
-58.798 -25.583 284.079
-58.791 -25.571 284.079
-58.785 -25.573 284.079
-58.783 -25.569 284.079
-58.773 -25.564 284.079
-58.768 -25.554 284.079
-58.761 -25.553 284.079
-58.756 -25.549 284.079
-58.751 -25.545 284.079
-58.746 -25.544 284.079
-58.742 -25.543 284.079
-58.735 -25.540 284.079
-58.729 -25.537 284.079
-58.724 -25.535 284.079
-58.722 -25.531 284.079
-58.718 -25.529 284.079
-58.713 -25.529 284.079
-58.709 -25.524 284.079
-58.706 -25.521 284.079
-58.701 -25.522 284.079
-58.697 -25.518 284.079
-58.690 -25.514 284.079
-58.685 -25.511 284.079
-58.682 -25.507 284.079
-58.679 -25.504 284.079
-58.675 -25.501 284.079
-58.671 -25.498 284.079
-58.668 -25.494 284.079
-58.664 -25.493 284.079
-58.659 -25.489 284.079
-58.652 -25.482 284.079
-58.647 -25.479 284.079
-58.643 -25.474 284.079
-58.638 -25.471 284.079
-58.634 -25.467 284.079
-58.629 -25.462 284.079
-58.625 -25.460 284.079
-58.619 -25.455 284.079
-58.615 -25.452 284.079
-58.610 -25.446 284.079
-58.607 -25.443 284.079
-58.603 -25.442 284.079
-58.599 -25.439 284.079
-58.594 -25.435 284.079
-58.589 -25.430 284.079
-58.585 -25.427 284.079
-58.579 -25.423 284.079
-58.576 -25.417 284.079
-58.573 -25.414 284.079
-58.569 -25.415 284.079
-58.566 -25.410 284.079
-58.562 -25.407 284.079
-58.556 -25.405 284.079
-58.553 -25.402 284.079
-58.550 -25.399 284.079
-58.546 -25.391 284.079
-58.542 -25.389 284.079
-58.538 -25.390 284.079
-58.533 -25.385 284.079
-58.530 -25.382 284.079
-58.526 -25.380 284.079
-58.519 -25.375 284.079
-58.515 -25.372 284.079
-58.511 -25.369 284.079
-58.508 -25.364 284.079
-58.503 -25.361 284.079
-58.495 -25.355 284.079
-58.487 -25.349 284.079
-58.482 -25.345 284.079
-58.478 -25.342 284.079
-58.475 -25.338 284.079
-58.471 -25.331 284.079
-58.466 -25.331 284.079
-58.462 -25.330 284.079
-58.459 -25.325 284.079
-58.456 -25.321 284.079
-58.453 -25.317 284.079
-58.445 -25.316 284.079
-58.442 -25.311 284.079
-58.438 -25.310 284.079
-58.435 -25.307 284.079
-58.429 -25.301 284.079
-58.421 -25.294 284.079
-58.416 -25.288 284.079
-58.411 -25.285 284.079
-58.408 -25.279 284.079
-58.402 -25.276 284.079
-58.397 -25.271 284.079
-58.393 -25.268 284.079
-58.390 -25.265 284.079
-58.386 -25.261 284.079
-58.379 -25.256 284.079
-58.376 -25.251 284.079
-58.374 -25.247 284.079
-58.367 -25.245 284.079
-58.360 -25.238 284.079
-58.357 -25.235 284.079
-58.354 -25.230 284.079
-58.350 -25.228 284.079
-58.346 -25.222 284.079
-58.344 -25.218 284.079
-58.342 -25.214 284.079
-58.337 -25.212 284.079
-58.332 -25.205 284.079
-58.328 -25.202 284.079
-58.324 -25.196 284.079
-58.318 -25.190 284.079
-58.314 -25.183 284.079
-58.310 -25.178 284.079
-58.303 -25.166 284.079
-58.301 -25.162 284.079
-58.298 -25.156 284.079
-58.294 -25.152 284.079
-58.291 -25.149 284.079
-58.286 -25.139 284.079
-58.282 -25.134 284.079
-58.278 -25.128 284.079
-58.272 -25.118 284.079
-58.268 -25.111 284.079
-58.266 -25.107 284.079
-58.261 -25.103 284.079
-58.257 -25.102 284.079
-58.250 -25.088 284.079
-58.245 -25.086 284.079
-58.238 -25.079 284.079
-58.227 -25.069 284.079
-58.218 -25.058 284.079
-58.212 -25.050 284.079
-58.207 -25.044 284.079
-58.203 -25.039 284.079
-58.196 -25.036 284.079
-58.188 -25.024 284.079
-58.185 -25.018 284.079
-58.181 -25.017 284.079
-58.176 -25.012 284.079
-58.169 -25.004 284.079
-58.166 -24.999 284.079
-58.157 -24.982 284.079
-58.151 -24.981 284.079
-58.147 -24.978 284.079
-58.137 -24.967 284.079
-58.132 -24.963 284.079
-58.127 -24.959 284.079
-58.121 -24.955 284.079
-58.112 -24.949 284.079
-58.102 -24.946 284.079
-58.096 -24.941 284.079
-58.085 -24.940 284.079
-58.083 -24.936 284.079
-58.072 -24.935 284.079
-58.066 -24.932 284.079
-58.060 -24.926 284.079
-58.051 -24.923 284.079
-58.041 -24.923 284.079
-58.036 -24.920 284.079
-58.030 -24.917 284.079
-58.022 -24.904 284.079
-58.015 -24.893 284.079
-58.009 -24.891 284.079
-58.004 -24.886 284.079
-57.998 -24.878 284.079
-57.993 -24.874 284.079
-57.989 -24.875 284.079
-57.984 -24.867 284.079
-57.980 -24.866 284.079
-57.976 -24.861 284.079
-57.972 -24.863 284.079
-57.962 -24.857 284.079
-57.956 -24.856 284.079
-57.950 -24.852 284.079
-57.947 -24.847 284.079
-57.943 -24.848 284.079
-57.939 -24.849 284.079
-57.934 -24.842 284.079
-57.930 -24.836 284.079
-57.926 -24.837 284.079
-57.919 -24.840 284.079
-57.910 -24.837 284.079
-57.903 -24.831 284.079
-57.886 -24.826 284.079
-57.880 -24.820 284.079
-57.874 -24.820 284.079
-57.870 -24.817 284.079
-57.863 -24.815 284.079
-57.860 -24.812 284.079
-57.852 -24.811 284.079
-57.839 -24.799 284.079
-57.829 -24.802 284.079
-57.821 -24.791 284.079
-57.816 -24.785 284.079
-57.811 -24.786 284.079
-57.801 -24.787 284.079
-57.792 -24.782 284.079
-57.788 -24.777 284.079
-57.781 -24.775 284.079
-57.773 -24.762 284.079
-57.767 -24.755 284.079
-57.762 -24.748 284.079
-57.748 -24.729 284.079
-57.738 -24.719 284.079
-57.728 -24.711 284.079
-57.719 -24.694 284.079
-57.719 -24.687 284.079
-57.717 -24.683 284.079
-57.719 -24.670 284.079
-57.710 -24.639 284.079
-57.711 -24.634 284.079
-57.705 -24.608 284.079
-57.691 -24.584 284.079
-57.675 -24.566 284.079
-57.667 -24.559 284.079
-57.658 -24.554 284.079
-57.652 -24.547 284.079
-57.638 -24.521 284.079
-57.632 -24.512 284.079
-57.628 -24.506 284.079
-57.600 -24.470 284.079
-57.590 -24.455 284.079
-57.584 -24.445 284.079
-57.582 -24.440 284.079
-57.578 -24.431 284.079
-57.571 -24.418 284.079
-57.565 -24.407 284.079
-57.543 -24.371 284.079
-57.535 -24.355 284.079
-57.514 -24.323 284.079
-57.505 -24.317 284.079
-57.502 -24.312 284.079
-57.496 -24.311 284.079
-57.492 -24.304 284.079
-57.483 -24.295 284.079
-57.476 -24.284 284.079
-57.471 -24.277 284.079
-57.468 -24.274 284.079
-57.456 -24.255 284.079
-57.447 -24.243 284.079
-57.443 -24.238 284.079
-57.429 -24.217 284.079
-57.421 -24.207 284.079
-57.414 -24.199 284.079
-57.410 -24.193 284.079
-57.406 -24.189 284.079
-57.403 -24.186 284.079
-57.400 -24.183 284.079
-57.397 -24.180 284.079
-57.393 -24.177 284.079
-57.390 -24.173 284.079
-57.386 -24.170 284.079
-57.377 -24.162 284.079
-57.365 -24.157 284.079
-57.362 -24.154 284.079
-57.358 -24.153 284.079
-57.353 -24.149 284.079
-57.348 -24.149 284.079
-57.341 -24.146 284.079
-57.336 -24.144 284.079
-57.332 -24.140 284.079
-57.325 -24.136 284.079
-57.320 -24.136 284.079
-57.312 -24.131 284.079
-57.305 -24.119 284.079
-57.301 -24.115 284.079
-57.297 -24.117 284.079
-57.291 -24.113 284.079
-57.285 -24.106 284.079
-57.278 -24.102 284.079
-57.274 -24.099 284.079
-57.270 -24.098 284.079
-57.259 -24.090 284.079
-57.256 -24.086 284.079
-57.248 -24.081 284.079
-57.238 -24.069 284.079
-57.232 -24.064 284.079
-57.226 -24.060 284.079
-57.221 -24.058 284.079
-57.212 -24.050 284.079
-57.204 -24.047 284.079
-57.201 -24.043 284.079
-57.195 -24.042 284.079
-57.189 -24.040 284.079
-57.183 -24.033 284.079
-57.179 -24.032 284.079
-57.175 -24.030 284.079
-57.171 -24.025 284.079
-57.164 -24.023 284.079
-57.158 -24.021 284.079
-57.150 -24.008 284.079
-57.144 -24.008 284.079
-57.140 -24.007 284.079
-57.134 -24.006 284.079
-57.126 -23.998 284.079
-57.122 -24.000 284.079
-57.115 -23.994 284.079
-57.111 -23.992 284.079
-57.105 -23.988 284.079
-57.100 -23.986 284.079
-57.093 -23.978 284.079
-57.089 -23.976 284.079
-57.085 -23.971 284.079
-57.075 -23.959 284.079
-57.072 -23.954 284.079
-57.066 -23.947 284.079
-57.063 -23.943 284.079
-57.058 -23.938 284.079
-57.054 -23.933 284.079
-57.050 -23.928 284.079
-57.047 -23.924 284.079
-57.039 -23.911 284.079
-57.032 -23.905 284.079
-57.028 -23.902 284.079
-57.021 -23.894 284.079
-57.018 -23.889 284.079
-57.014 -23.888 284.079
-57.010 -23.886 284.079
-57.006 -23.883 284.079
-56.999 -23.878 284.079
-56.995 -23.875 284.079
-56.985 -23.862 284.079
-56.976 -23.855 284.079
-56.972 -23.843 284.079
-56.970 -23.839 284.079
-56.965 -23.825 284.079
-56.962 -23.817 284.079
-56.960 -23.813 284.079
-56.945 -23.774 284.079
-56.943 -23.769 284.079
-56.941 -23.765 284.079
-56.936 -23.756 284.079
-56.928 -23.743 284.079
-56.924 -23.737 284.079
-56.918 -23.729 284.079
-56.913 -23.720 284.079
-56.909 -23.718 284.079
-56.903 -23.711 284.079
-56.898 -23.706 284.079
-56.894 -23.700 284.079
-56.888 -23.694 284.079
-56.878 -23.680 284.079
-56.873 -23.676 284.079
-56.869 -23.671 284.079
-56.855 -23.655 284.079
-56.852 -23.646 284.079
-56.848 -23.639 284.079
-56.845 -23.627 284.079
-56.843 -23.623 284.079
-56.842 -23.616 284.079
-56.839 -23.610 284.079
-56.832 -23.592 284.079
-56.812 -23.558 284.079
-56.799 -23.541 284.079
-56.791 -23.532 284.079
-56.783 -23.526 284.079
-56.777 -23.522 284.079
-56.773 -23.520 284.079
-56.766 -23.519 284.079
-56.761 -23.518 284.079
-56.755 -23.517 284.079
-56.747 -23.513 284.079
-56.742 -23.514 284.079
-56.737 -23.511 284.079
-56.732 -23.511 284.079
-56.727 -23.510 284.079
-56.722 -23.508 284.079
-56.717 -23.507 284.079
-56.713 -23.505 284.079
-56.708 -23.504 284.079
-56.703 -23.505 284.079
-56.697 -23.504 284.079
-56.691 -23.501 284.079
-56.684 -23.500 284.079
-56.678 -23.496 284.079
-56.674 -23.497 284.079
-56.669 -23.495 284.079
-56.665 -23.492 284.079
-56.660 -23.492 284.079
-56.656 -23.493 284.079
-56.651 -23.491 284.079
-56.647 -23.489 284.079
-56.640 -23.488 284.079
-56.636 -23.483 284.079
-56.627 -23.486 284.079
-56.622 -23.482 284.079
-56.616 -23.484 284.079
-56.611 -23.479 284.079
-56.605 -23.481 284.079
-56.593 -23.478 284.079
-56.585 -23.477 284.079
-56.579 -23.475 284.079
-56.571 -23.472 284.079
-56.564 -23.470 284.079
-56.559 -23.465 284.079
-56.552 -23.465 284.079
-56.538 -23.467 284.079
-56.527 -23.460 284.079
-56.517 -23.461 284.079
-56.511 -23.460 284.079
-56.505 -23.457 284.079
-56.495 -23.456 284.079
-56.486 -23.456 284.079
-56.481 -23.452 284.079
-56.475 -23.450 284.079
-56.471 -23.451 284.079
-56.464 -23.450 284.079
-56.457 -23.447 284.079
-56.439 -23.446 284.079
-56.433 -23.443 284.079
-56.429 -23.444 284.079
-56.425 -23.442 284.079
-56.421 -23.441 284.079
-56.417 -23.442 284.079
-56.412 -23.439 284.079
-56.408 -23.440 284.079
-56.401 -23.438 284.079
-56.394 -23.432 284.079
-56.385 -23.433 284.079
-56.379 -23.430 284.079
-56.363 -23.424 284.079
-56.375 -23.424 284.079
