-53.905 -23.000 296.718
-53.892 -23.005 296.718
-53.896 -23.010 296.718
-53.893 -23.024 296.718
-53.895 -23.042 296.718
-53.892 -23.072 296.718
-53.891 -23.084 296.718
-53.889 -23.098 296.718
-53.886 -23.107 296.718
-53.882 -23.129 296.718
-53.879 -23.137 296.718
-53.876 -23.143 296.718
-53.873 -23.149 296.718
-53.870 -23.158 296.718
-53.867 -23.162 296.718
-53.865 -23.167 296.718
-53.862 -23.173 296.718
-53.859 -23.179 296.718
-53.857 -23.185 296.718
-53.855 -23.192 296.718
-53.851 -23.199 296.718
-53.849 -23.205 296.718
-53.845 -23.211 296.718
-53.841 -23.221 296.718
-53.836 -23.232 296.718
-53.835 -23.243 296.718
-53.835 -23.248 296.718
-53.834 -23.254 296.718
-53.834 -23.260 296.718
-53.835 -23.266 296.718
-53.834 -23.272 296.718
-53.834 -23.279 296.718
-53.833 -23.286 296.718
-53.834 -23.292 296.718
-53.833 -23.299 296.718
-53.833 -23.304 296.718
-53.833 -23.310 296.718
-53.833 -23.317 296.718
-53.832 -23.324 296.718
-53.830 -23.337 296.718
-53.829 -23.342 296.718
-53.819 -23.378 296.718
-53.815 -23.387 296.718
-53.809 -23.395 296.718
-53.799 -23.413 296.718
-53.789 -23.437 296.718
-53.784 -23.444 296.718
-53.783 -23.451 296.718
-53.781 -23.456 296.718
-53.780 -23.464 296.718
-53.762 -23.504 296.718
-53.753 -23.517 296.718
-53.745 -23.532 296.718
-53.743 -23.539 296.718
-53.739 -23.545 296.718
-53.730 -23.567 296.718
-53.723 -23.583 296.718
-53.713 -23.608 296.718
-53.710 -23.618 296.718
-53.707 -23.626 296.718
-53.696 -23.659 296.718
-53.690 -23.675 296.718
-53.687 -23.681 296.718
-53.685 -23.686 296.718
-53.681 -23.696 296.718
-53.678 -23.702 296.718
-53.674 -23.711 296.718
-53.672 -23.717 296.718
-53.669 -23.723 296.718
-53.667 -23.728 296.718
-53.664 -23.733 296.718
-53.659 -23.745 296.718
-53.657 -23.751 296.718
-53.654 -23.758 296.718
-53.652 -23.764 296.718
-53.649 -23.769 296.718
-53.647 -23.774 296.718
-53.644 -23.779 296.718
-53.641 -23.784 296.718
-53.638 -23.789 296.718
-53.635 -23.794 296.718
-53.632 -23.799 296.718
-53.628 -23.803 296.718
-53.624 -23.814 296.718
-53.617 -23.818 296.718
-53.609 -23.827 296.718
-53.604 -23.835 296.718
-53.600 -23.843 296.718
-53.596 -23.847 296.718
-53.591 -23.850 296.718
-53.586 -23.856 296.718
-53.575 -23.871 296.718
-53.570 -23.879 296.718
-53.566 -23.886 296.718
-53.560 -23.899 296.718
-53.557 -23.904 296.718
-53.552 -23.912 296.718
-53.549 -23.918 296.718
-53.545 -23.928 296.718
-53.543 -23.935 296.718
-53.536 -23.961 296.718
-53.534 -23.979 296.718
-53.532 -23.992 296.718
-53.529 -24.013 296.718
-53.529 -24.018 296.718
-53.526 -24.036 296.718
-53.526 -24.044 296.718
-53.526 -24.051 296.718
-53.527 -24.056 296.718
-53.526 -24.063 296.718
-53.521 -24.091 296.718
-53.514 -24.117 296.718
-53.509 -24.139 296.718
-53.505 -24.155 296.718
-53.504 -24.160 296.718
-53.499 -24.179 296.718
-53.496 -24.197 296.718
-53.489 -24.236 296.718
-53.487 -24.245 296.718
-53.484 -24.268 296.718
-53.492 -24.298 296.718
-53.495 -24.310 296.718
-53.504 -24.349 296.718
-53.506 -24.359 296.718
-53.509 -24.373 296.718
-53.510 -24.379 296.718
-53.511 -24.384 296.718
-53.522 -24.419 296.718
-53.524 -24.429 296.718
-53.526 -24.438 296.718
-53.528 -24.448 296.718
-53.532 -24.469 296.718
-53.538 -24.493 296.718
-53.544 -24.517 296.718
-53.546 -24.522 296.718
-53.548 -24.528 296.718
-53.551 -24.538 296.718
-53.553 -24.545 296.718
-53.558 -24.560 296.718
-53.561 -24.570 296.718
-53.563 -24.577 296.718
-53.568 -24.593 296.718
-53.580 -24.634 296.718
-53.583 -24.646 296.718
-53.587 -24.662 296.718
-53.589 -24.673 296.718
-53.598 -24.707 296.718
-53.600 -24.716 296.718
-53.601 -24.722 296.718
-53.603 -24.731 296.718
-53.608 -24.747 296.718
-53.621 -24.785 296.718
-53.630 -24.811 296.718
-53.639 -24.836 296.718
-53.646 -24.855 296.718
-53.655 -24.880 296.718
-53.661 -24.893 296.718
-53.664 -24.898 296.718
-53.669 -24.905 296.718
-53.676 -24.917 296.718
-53.679 -24.923 296.718
-53.686 -24.932 296.718
-53.689 -24.938 296.718
-53.694 -24.945 296.718
-53.698 -24.950 296.718
-53.702 -24.958 296.718
-53.704 -24.963 296.718
-53.709 -24.972 296.718
-53.716 -24.987 296.718
-53.719 -24.992 296.718
-53.724 -25.003 296.718
-53.727 -25.011 296.718
-53.730 -25.018 296.718
-53.733 -25.024 296.718
-53.738 -25.036 296.718
-53.751 -25.068 296.718
-53.758 -25.085 296.718
-53.761 -25.089 296.718
-53.764 -25.096 296.718
-53.767 -25.105 296.718
-53.770 -25.110 296.718
-53.773 -25.119 296.718
-53.775 -25.126 296.718
-53.777 -25.132 296.718
-53.780 -25.140 296.718
-53.789 -25.174 296.718
-53.794 -25.197 296.718
-53.796 -25.203 296.718
-53.798 -25.209 296.718
-53.798 -25.214 296.718
-53.800 -25.223 296.718
-53.803 -25.230 296.718
-53.806 -25.234 296.718
-53.809 -25.239 296.718
-53.814 -25.249 296.718
-53.819 -25.257 296.718
-53.825 -25.268 296.718
-53.829 -25.274 296.718
-53.832 -25.280 296.718
-53.839 -25.300 296.718
-53.856 -25.336 296.718
-53.861 -25.341 296.718
-53.867 -25.356 296.718
-53.872 -25.367 296.718
-53.886 -25.410 296.718
-53.888 -25.428 296.718
-53.888 -25.435 296.718
-53.888 -25.443 296.718
-53.889 -25.449 296.718
-53.889 -25.459 296.718
-53.890 -25.476 296.718
-53.892 -25.485 296.718
-53.891 -25.491 296.718
-53.892 -25.496 296.718
-53.897 -25.517 296.718
-53.900 -25.525 296.718
-53.909 -25.549 296.718
-53.925 -25.588 296.718
-53.930 -25.600 296.718
-53.940 -25.619 296.718
-53.946 -25.626 296.718
-53.958 -25.648 296.718
-53.964 -25.658 296.718
-53.970 -25.667 296.718
-53.974 -25.674 296.718
-53.978 -25.681 296.718
-53.999 -25.721 296.718
-54.002 -25.731 296.718
-54.005 -25.739 296.718
-54.009 -25.749 296.718
-54.025 -25.780 296.718
-54.038 -25.805 296.718
-54.048 -25.824 296.718
-54.053 -25.832 296.718
-54.058 -25.841 296.718
-54.065 -25.854 296.718
-54.073 -25.869 296.718
-54.077 -25.876 296.718
-54.080 -25.881 296.718
-54.085 -25.889 296.718
-54.090 -25.897 296.718
-54.094 -25.904 296.718
-54.098 -25.909 296.718
-54.101 -25.914 296.718
-54.107 -25.923 296.718
-54.110 -25.928 296.718
-54.113 -25.932 296.718
-54.121 -25.944 296.718
-54.125 -25.949 296.718
-54.128 -25.954 296.718
-54.133 -25.961 296.718
-54.138 -25.968 296.718
-54.142 -25.974 296.718
-54.149 -25.980 296.718
-54.154 -25.987 296.718
-54.158 -25.990 296.718
-54.161 -25.995 296.718
-54.164 -25.999 296.718
-54.168 -26.003 296.718
-54.175 -26.013 296.718
-54.186 -26.027 296.718
-54.190 -26.030 296.718
-54.193 -26.034 296.718
-54.197 -26.040 296.718
-54.205 -26.050 296.718
-54.209 -26.055 296.718
-54.213 -26.058 296.718
-54.219 -26.067 296.718
-54.223 -26.071 296.718
-54.234 -26.090 296.718
-54.241 -26.103 296.718
-54.245 -26.107 296.718
-54.249 -26.113 296.718
-54.254 -26.120 296.718
-54.264 -26.133 296.718
-54.269 -26.138 296.718
-54.274 -26.144 296.718
-54.278 -26.148 296.718
-54.281 -26.152 296.718
-54.287 -26.159 296.718
-54.292 -26.167 296.718
-54.296 -26.173 296.718
-54.302 -26.178 296.718
-54.305 -26.183 296.718
-54.309 -26.190 296.718
-54.313 -26.195 296.718
-54.321 -26.204 296.718
-54.329 -26.215 296.718
-54.334 -26.220 296.718
-54.338 -26.226 296.718
-54.346 -26.235 296.718
-54.352 -26.245 296.718
-54.357 -26.251 296.718
-54.361 -26.255 296.718
-54.366 -26.262 296.718
-54.371 -26.270 296.718
-54.375 -26.276 296.718
-54.379 -26.282 296.718
-54.397 -26.322 296.718
-54.401 -26.333 296.718
-54.411 -26.355 296.718
-54.414 -26.359 296.718
-54.418 -26.364 296.718
-54.421 -26.368 296.718
-54.437 -26.399 296.718
-54.442 -26.410 296.718
-54.451 -26.428 296.718
-54.454 -26.434 296.718
-54.460 -26.441 296.718
-54.463 -26.445 296.718
-54.467 -26.450 296.718
-54.471 -26.457 296.718
-54.476 -26.464 296.718
-54.479 -26.468 296.718
-54.482 -26.472 296.718
-54.485 -26.476 296.718
-54.491 -26.487 296.718
-54.495 -26.493 296.718
-54.502 -26.504 296.718
-54.507 -26.509 296.718
-54.510 -26.513 296.718
-54.513 -26.517 296.718
-54.516 -26.521 296.718
-54.534 -26.557 296.718
-54.538 -26.565 296.718
-54.545 -26.577 296.718
-54.548 -26.583 296.718
-54.556 -26.594 296.718
-54.560 -26.598 296.718
-54.563 -26.603 296.718
-54.569 -26.613 296.718
-54.573 -26.617 296.718
-54.577 -26.622 296.718
-54.582 -26.630 296.718
-54.587 -26.638 296.718
-54.591 -26.643 296.718
-54.594 -26.648 296.718
-54.599 -26.652 296.718
-54.609 -26.668 296.718
-54.619 -26.683 296.718
-54.622 -26.687 296.718
-54.626 -26.694 296.718
-54.634 -26.704 296.718
-54.639 -26.710 296.718
-54.658 -26.745 296.718
-54.661 -26.751 296.718
-54.663 -26.756 296.718
-54.666 -26.763 296.718
-54.669 -26.770 296.718
-54.672 -26.777 296.718
-54.675 -26.784 296.718
-54.678 -26.791 296.718
-54.681 -26.797 296.718
-54.685 -26.808 296.718
-54.688 -26.815 296.718
-54.693 -26.826 296.718
-54.698 -26.836 296.718
-54.700 -26.842 296.718
-54.705 -26.853 296.718
-54.708 -26.860 296.718
-54.710 -26.865 296.718
-54.710 -26.871 296.718
-54.713 -26.877 296.718
-54.717 -26.884 296.718
-54.723 -26.896 296.718
-54.726 -26.901 296.718
-54.737 -26.920 296.718
-54.753 -26.948 296.718
-54.758 -26.957 296.718
-54.761 -26.962 296.718
-54.771 -26.982 296.718
-54.778 -26.993 296.718
-54.781 -26.997 296.718
-54.789 -27.012 296.718
-54.807 -27.046 296.718
-54.819 -27.069 296.718
-54.835 -27.099 296.718
-54.847 -27.120 296.718
-54.855 -27.134 296.718
-54.860 -27.144 296.718
-54.863 -27.150 296.718
-54.869 -27.161 296.718
-54.872 -27.167 296.718
-54.878 -27.177 296.718
-54.882 -27.183 296.718
-54.886 -27.191 296.718
-54.892 -27.201 296.718
-54.895 -27.206 296.718
-54.900 -27.211 296.718
-54.904 -27.218 296.718
-54.910 -27.224 296.718
-54.915 -27.231 296.718
-54.921 -27.238 296.718
-54.926 -27.244 296.718
-54.936 -27.256 296.718
-54.941 -27.262 296.718
-54.946 -27.267 296.718
-54.951 -27.272 296.718
-54.954 -27.277 296.718
-54.958 -27.280 296.718
-54.961 -27.284 296.718
-54.964 -27.288 296.718
-54.967 -27.292 296.718
-54.974 -27.304 296.718
-54.985 -27.322 296.718
-54.989 -27.328 296.718
-54.994 -27.332 296.718
-54.997 -27.336 296.718
-55.003 -27.348 296.718
-55.008 -27.355 296.718
-55.016 -27.367 296.718
-55.020 -27.372 296.718
-55.027 -27.376 296.718
-55.034 -27.386 296.718
-55.038 -27.390 296.718
-55.044 -27.393 296.718
-55.061 -27.419 296.718
-55.067 -27.430 296.718
-55.080 -27.448 296.718
-55.083 -27.453 296.718
-55.087 -27.456 296.718
-55.094 -27.467 296.718
-55.101 -27.478 296.718
-55.118 -27.501 296.718
-55.126 -27.513 296.718
-55.142 -27.536 296.718
-55.154 -27.553 296.718
-55.158 -27.560 296.718
-55.164 -27.569 296.718
-55.174 -27.579 296.718
-55.179 -27.588 296.718
-55.184 -27.596 296.718
-55.191 -27.605 296.718
-55.202 -27.621 296.718
-55.210 -27.632 296.718
-55.215 -27.637 296.718
-55.226 -27.648 296.718
-55.232 -27.659 296.718
-55.237 -27.665 296.718
-55.241 -27.669 296.718
-55.246 -27.677 296.718
-55.252 -27.681 296.718
-55.256 -27.688 296.718
-55.260 -27.695 296.718
-55.277 -27.728 296.718
-55.287 -27.743 296.718
-55.290 -27.747 296.718
-55.301 -27.765 296.718
-55.306 -27.771 296.718
-55.322 -27.798 296.718
-55.336 -27.820 296.718
-55.341 -27.827 296.718
-55.350 -27.838 296.718
-55.357 -27.847 296.718
-55.367 -27.863 296.718
-55.371 -27.869 296.718
-55.380 -27.883 296.718
-55.393 -27.905 296.718
-55.407 -27.924 296.718
-55.411 -27.931 296.718
-55.419 -27.941 296.718
-55.430 -27.952 296.718
-55.450 -27.986 296.718
-55.457 -28.000 296.718
-55.470 -28.015 296.718
-55.474 -28.019 296.718
-55.480 -28.025 296.718
-55.486 -28.027 296.718
-55.492 -28.029 296.718
-55.498 -28.041 296.718
-55.507 -28.046 296.718
-55.516 -28.043 296.718
-55.521 -28.046 296.718
-55.526 -28.055 296.718
-55.530 -28.058 296.718
-55.534 -28.065 296.718
-55.541 -28.074 296.718
-55.548 -28.074 296.718
-55.553 -28.084 296.718
-55.562 -28.089 296.718
-55.566 -28.095 296.718
-55.572 -28.097 296.718
-55.575 -28.102 296.718
-55.580 -28.103 296.718
-55.586 -28.112 296.718
-55.594 -28.117 296.718
-55.599 -28.120 296.718
-55.604 -28.118 296.718
-55.607 -28.124 296.718
-55.612 -28.129 296.718
-55.617 -28.136 296.718
-55.621 -28.141 296.718
-55.628 -28.145 296.718
-55.636 -28.153 296.718
-55.640 -28.156 296.718
-55.649 -28.159 296.718
-55.655 -28.161 296.718
-55.660 -28.164 296.718
-55.669 -28.165 296.718
-55.672 -28.169 296.718
-55.677 -28.170 296.718
-55.683 -28.171 296.718
-55.686 -28.175 296.718
-55.693 -28.176 296.718
-55.698 -28.179 296.718
-55.707 -28.184 296.718
-55.713 -28.186 296.718
-55.718 -28.189 296.718
-55.723 -28.191 296.718
-55.728 -28.193 296.718
-55.733 -28.195 296.718
-55.738 -28.198 296.718
-55.745 -28.200 296.718
-55.750 -28.202 296.718
-55.755 -28.205 296.718
-55.760 -28.206 296.718
-55.765 -28.207 296.718
-55.770 -28.210 296.718
-55.775 -28.212 296.718
-55.780 -28.214 296.718
-55.785 -28.216 296.718
-55.790 -28.217 296.718
-55.795 -28.220 296.718
-55.800 -28.221 296.718
-55.805 -28.224 296.718
-55.812 -28.224 296.718
-55.817 -28.225 296.718
-55.822 -28.226 296.718
-55.828 -28.227 296.718
-55.833 -28.227 296.718
-55.839 -28.228 296.718
-55.844 -28.229 296.718
-55.849 -28.229 296.718
-55.855 -28.231 296.718
-55.860 -28.231 296.718
-55.865 -28.231 296.718
-55.871 -28.232 296.718
-55.876 -28.232 296.718
-55.881 -28.234 296.718
-55.886 -28.234 296.718
-55.894 -28.235 296.718
-55.899 -28.235 296.718
-55.904 -28.237 296.718
-55.910 -28.237 296.718
-55.915 -28.237 296.718
-55.921 -28.239 296.718
-55.927 -28.239 296.718
-55.932 -28.241 296.718
-55.938 -28.241 296.718
-55.943 -28.241 296.718
-55.948 -28.242 296.718
-55.953 -28.243 296.718
-55.959 -28.244 296.718
-55.965 -28.244 296.718
-55.970 -28.245 296.718
-55.977 -28.245 296.718
-55.982 -28.247 296.718
-55.987 -28.248 296.718
-55.992 -28.248 296.718
-55.998 -28.249 296.718
-56.003 -28.250 296.718
-56.008 -28.250 296.718
-56.013 -28.250 296.718
-56.018 -28.252 296.718
-56.025 -28.252 296.718
-56.031 -28.253 296.718
-56.036 -28.254 296.718
-56.041 -28.254 296.718
-56.047 -28.255 296.718
-56.052 -28.256 296.718
-56.059 -28.257 296.718
-56.067 -28.258 296.718
-56.073 -28.258 296.718
-56.078 -28.259 296.718
-56.085 -28.260 296.718
-56.090 -28.261 296.718
-56.097 -28.262 296.718
-56.102 -28.263 296.718
-56.107 -28.264 296.718
-56.112 -28.265 296.718
-56.117 -28.266 296.718
-56.122 -28.267 296.718
-56.127 -28.267 296.718
-56.135 -28.268 296.718
-56.141 -28.270 296.718
-56.146 -28.269 296.718
-56.150 -28.272 296.718
-56.155 -28.273 296.718
-56.161 -28.273 296.718
-56.172 -28.274 296.718
-56.177 -28.274 296.718
-56.183 -28.274 296.718
-56.189 -28.275 296.718
-56.194 -28.277 296.718
-56.203 -28.278 296.718
-56.208 -28.277 296.718
-56.213 -28.279 296.718
-56.218 -28.279 296.718
-56.228 -28.281 296.718
-56.236 -28.281 296.718
-56.241 -28.280 296.718
-56.250 -28.280 296.718
-56.255 -28.278 296.718
-56.262 -28.281 296.718
-56.268 -28.281 296.718
-56.275 -28.282 296.718
-56.280 -28.282 296.718
-56.285 -28.286 296.718
-56.291 -28.284 296.718
-56.296 -28.287 296.718
-56.301 -28.287 296.718
-56.309 -28.287 296.718
-56.314 -28.289 296.718
-56.321 -28.291 296.718
-56.326 -28.290 296.718
-56.331 -28.288 296.718
-56.334 -28.292 296.718
-56.339 -28.292 296.718
-56.350 -28.295 296.718
-56.358 -28.293 296.718
-56.364 -28.297 296.718
-56.383 -28.299 296.718
-56.393 -28.301 296.718
-56.399 -28.298 296.718
-56.405 -28.299 296.718
-56.413 -28.299 296.718
-56.420 -28.302 296.718
-56.425 -28.303 296.718
-56.434 -28.302 296.718
-56.441 -28.305 296.718
-56.449 -28.305 296.718
-56.455 -28.302 296.718
-56.459 -28.305 296.718
-56.467 -28.309 296.718
-56.472 -28.307 296.718
-56.477 -28.305 296.718
-56.491 -28.313 296.718
-56.504 -28.314 296.718
-56.515 -28.309 296.718
-56.521 -28.316 296.718
-56.528 -28.316 296.718
-56.533 -28.315 296.718
-56.543 -28.315 296.718
-56.549 -28.317 296.718
-56.558 -28.315 296.718
-56.564 -28.321 296.718
-56.576 -28.322 296.718
-56.581 -28.322 296.718
-56.588 -28.323 296.718
-56.593 -28.323 296.718
-56.598 -28.324 296.718
-56.606 -28.324 296.718
-56.612 -28.326 296.718
-56.626 -28.326 296.718
-56.631 -28.328 296.718
-56.637 -28.328 296.718
-56.647 -28.326 296.718
-56.651 -28.329 296.718
-56.657 -28.330 296.718
-56.662 -28.331 296.718
-56.668 -28.333 296.718
-56.681 -28.337 296.718
-56.686 -28.337 296.718
-56.691 -28.339 296.718
-56.696 -28.340 296.718
-56.701 -28.342 296.718
-56.707 -28.345 296.718
-56.714 -28.344 296.718
-56.720 -28.348 296.718
-56.727 -28.350 296.718
-56.732 -28.351 296.718
-56.737 -28.351 296.718
-56.741 -28.354 296.718
-56.746 -28.354 296.718
-56.751 -28.355 296.718
-56.756 -28.358 296.718
-56.762 -28.357 296.718
-56.768 -28.360 296.718
-56.773 -28.360 296.718
-56.779 -28.364 296.718
-56.784 -28.365 296.718
-56.789 -28.366 296.718
-56.796 -28.369 296.718
-56.803 -28.371 296.718
-56.808 -28.372 296.718
-56.815 -28.373 296.718
-56.821 -28.374 296.718
-56.826 -28.373 296.718
-56.830 -28.376 296.718
-56.837 -28.378 296.718
-56.845 -28.380 296.718
-56.855 -28.383 296.718
-56.862 -28.385 296.718
-56.867 -28.386 296.718
-56.874 -28.389 296.718
-56.880 -28.390 296.718
-56.885 -28.392 296.718
-56.890 -28.394 296.718
-56.895 -28.395 296.718
-56.901 -28.396 296.718
-56.908 -28.399 296.718
-56.912 -28.402 296.718
-56.921 -28.407 296.718
-56.926 -28.410 296.718
-56.947 -28.447 296.718
-56.949 -28.457 296.718
-56.949 -28.462 296.718
-56.952 -28.476 296.718
-56.952 -28.483 296.718
-56.954 -28.493 296.718
-56.955 -28.504 296.718
-56.955 -28.511 296.718
-56.957 -28.517 296.718
-56.962 -28.535 296.718
-56.966 -28.549 296.718
-56.969 -28.558 296.718
-56.973 -28.571 296.718
-56.976 -28.580 296.718
-56.978 -28.586 296.718
-56.980 -28.594 296.718
-56.986 -28.608 296.718
-56.994 -28.620 296.718
-56.997 -28.624 296.718
-57.003 -28.631 296.718
-57.007 -28.635 296.718
-57.009 -28.642 296.718
-57.013 -28.646 296.718
-57.023 -28.656 296.718
-57.028 -28.660 296.718
-57.039 -28.670 296.718
-57.044 -28.675 296.718
-57.050 -28.684 296.718
-57.054 -28.689 296.718
-57.058 -28.692 296.718
-57.061 -28.701 296.718
-57.068 -28.704 296.718
-57.072 -28.707 296.718
-57.073 -28.713 296.718
-57.079 -28.731 296.718
-57.085 -28.745 296.718
-57.088 -28.749 296.718
-57.093 -28.755 296.718
-57.095 -28.762 296.718
-57.098 -28.770 296.718
-57.102 -28.774 296.718
-57.108 -28.786 296.718
-57.113 -28.786 296.718
-57.116 -28.790 296.718
-57.121 -28.794 296.718
-57.126 -28.794 296.718
-57.127 -28.807 296.718
-57.131 -28.810 296.718
-57.134 -28.817 296.718
-57.143 -28.828 296.718
-57.151 -28.847 296.718
-57.155 -28.878 296.718
-57.151 -28.882 296.718
-57.149 -28.889 296.718
-57.148 -28.895 296.718
-57.144 -28.904 296.718
-57.139 -28.919 296.718
-57.133 -28.920 296.718
-57.131 -28.925 296.718
-57.128 -28.930 296.718
-57.122 -28.942 296.718
-57.119 -28.948 296.718
-57.115 -28.953 296.718
-57.107 -28.960 296.718
-57.108 -28.968 296.718
-57.102 -28.971 296.718
-57.096 -28.974 296.718
-57.093 -28.982 296.718
-57.091 -28.989 296.718
-57.087 -28.995 296.718
-57.079 -28.997 296.718
-57.076 -29.002 296.718
-57.071 -29.007 296.718
-57.068 -29.013 296.718
-57.067 -29.019 296.718
-57.063 -29.022 296.718
-57.058 -29.026 296.718
-57.054 -29.030 296.718
-57.056 -29.035 296.718
-57.050 -29.039 296.718
-57.046 -29.048 296.718
-57.045 -29.054 296.718
-57.041 -29.058 296.718
-57.039 -29.064 296.718
-57.036 -29.069 296.718
-57.033 -29.079 296.718
-57.029 -29.087 296.718
-57.026 -29.095 296.718
-57.019 -29.104 296.718
-57.018 -29.109 296.718
-57.015 -29.113 296.718
-57.012 -29.119 296.718
-57.009 -29.123 296.718
-57.007 -29.129 296.718
-57.003 -29.134 296.718
-56.998 -29.140 296.718
-56.996 -29.145 296.718
-56.992 -29.149 296.718
-56.989 -29.154 296.718
-56.986 -29.158 296.718
-56.984 -29.163 296.718
-56.978 -29.168 296.718
-56.980 -29.174 296.718
-56.976 -29.177 296.718
-56.968 -29.184 296.718
-56.963 -29.186 296.718
-56.959 -29.194 296.718
-56.957 -29.200 296.718
-56.949 -29.209 296.718
-56.944 -29.216 296.718
-56.936 -29.224 296.718
-56.932 -29.229 296.718
-56.932 -29.235 296.718
-56.925 -29.242 296.718
-56.921 -29.249 296.718
-56.917 -29.252 296.718
-56.918 -29.259 296.718
-56.913 -29.263 296.718
-56.905 -29.268 296.718
-56.904 -29.273 296.718
-56.905 -29.279 296.718
-56.893 -29.287 296.718
-56.888 -29.290 296.718
-56.888 -29.297 296.718
-56.884 -29.302 296.718
-56.875 -29.311 296.718
-56.871 -29.316 296.718
-56.867 -29.323 296.718
-56.862 -29.327 296.718
-56.860 -29.333 296.718
-56.860 -29.339 296.718
-56.858 -29.345 296.718
-56.854 -29.348 296.718
-56.853 -29.353 296.718
-56.851 -29.360 296.718
-56.849 -29.365 296.718
-56.849 -29.370 296.718
-56.847 -29.377 296.718
-56.845 -29.382 296.718
-56.843 -29.387 296.718
-56.842 -29.392 296.718
-56.842 -29.399 296.718
-56.839 -29.405 296.718
-56.836 -29.410 296.718
-56.834 -29.417 296.718
-56.834 -29.423 296.718
-56.834 -29.428 296.718
-56.830 -29.432 296.718
-56.828 -29.438 296.718
-56.827 -29.446 296.718
-56.827 -29.452 296.718
-56.823 -29.455 296.718
-56.822 -29.461 296.718
-56.820 -29.467 296.718
-56.818 -29.473 296.718
-56.817 -29.480 296.718
-56.816 -29.491 296.718
-56.818 -29.496 296.718
-56.816 -29.503 296.718
-56.815 -29.509 296.718
-56.815 -29.515 296.718
-56.810 -29.521 296.718
-56.810 -29.527 296.718
-56.806 -29.532 296.718
-56.806 -29.537 296.718
-56.808 -29.543 296.718
-56.808 -29.549 296.718
-56.802 -29.552 296.718
-56.804 -29.561 296.718
-56.800 -29.564 296.718
-56.801 -29.571 296.718
-56.800 -29.578 296.718
-56.795 -29.581 296.718
-56.794 -29.589 296.718
-56.792 -29.594 296.718
-56.792 -29.606 296.718
-56.789 -29.612 296.718
-56.790 -29.620 296.718
-56.783 -29.626 296.718
-56.782 -29.631 296.718
-56.779 -29.638 296.718
-56.779 -29.645 296.718
-56.775 -29.648 296.718
-56.776 -29.655 296.718
-56.774 -29.667 296.718
-56.768 -29.670 296.718
-56.766 -29.675 296.718
-56.767 -29.685 296.718
-56.762 -29.693 296.718
-56.759 -29.698 296.718
-56.758 -29.709 296.718
-56.757 -29.719 296.718
-56.759 -29.733 296.718
-56.760 -29.739 296.718
-56.761 -29.752 296.718
-56.759 -29.762 296.718
-56.759 -29.771 296.718
-56.759 -29.778 296.718
-56.764 -29.796 296.718
-56.762 -29.805 296.718
-56.759 -29.820 296.718
-56.758 -29.834 296.718
-56.758 -29.845 296.718
-56.757 -29.850 296.718
-56.757 -29.855 296.718
-56.759 -29.864 296.718
-56.757 -29.869 296.718
-56.752 -29.872 296.718
-56.751 -29.883 296.718
-56.753 -29.892 296.718
-56.748 -29.894 296.718
-56.744 -29.897 296.718
-56.742 -29.902 296.718
-56.739 -29.906 296.718
-56.740 -29.914 296.718
-56.734 -29.922 296.718
-56.731 -29.935 296.718
-56.729 -29.944 296.718
-56.727 -29.950 296.718
-56.726 -29.960 296.718
-56.724 -29.965 296.718
-56.724 -29.970 296.718
-56.722 -29.976 296.718
-56.722 -29.981 296.718
-56.721 -29.987 296.718
-56.720 -29.992 296.718
-56.720 -29.997 296.718
-56.717 -30.005 296.718
-56.717 -30.011 296.718
-56.715 -30.019 296.718
-56.715 -30.025 296.718
-56.712 -30.029 296.718
-56.713 -30.035 296.718
-56.712 -30.040 296.718
-56.712 -30.045 296.718
-56.712 -30.050 296.718
-56.707 -30.054 296.718
-56.706 -30.062 296.718
-56.707 -30.068 296.718
-56.709 -30.077 296.718
-56.700 -30.082 296.718
-56.699 -30.088 296.718
-56.698 -30.102 296.718
-56.694 -30.107 296.718
-56.695 -30.119 296.718
-56.690 -30.127 296.718
-56.687 -30.133 296.718
-56.686 -30.139 296.718
-56.687 -30.151 296.718
-56.685 -30.160 296.718
-56.686 -30.172 296.718
-56.682 -30.176 296.718
-56.680 -30.184 296.718
-56.680 -30.190 296.718
-56.674 -30.198 296.718
-56.673 -30.204 296.718
-56.670 -30.214 296.718
-56.669 -30.224 296.718
-56.664 -30.226 296.718
-56.663 -30.232 296.718
-56.664 -30.238 296.718
-56.657 -30.253 296.718
-56.653 -30.258 296.718
-56.652 -30.268 296.718
-56.647 -30.272 296.718
-56.649 -30.288 296.718
-56.640 -30.293 296.718
-56.637 -30.300 296.718
-56.634 -30.308 296.718
-56.631 -30.316 296.718
-56.628 -30.321 296.718
-56.627 -30.326 296.718
-56.629 -30.331 296.718
-56.626 -30.338 296.718
-56.628 -30.343 296.718
-56.625 -30.349 296.718
-56.624 -30.354 296.718
-56.623 -30.359 296.718
-56.624 -30.366 296.718
-56.626 -30.371 296.718
-56.623 -30.378 296.718
-56.626 -30.389 296.718
-56.623 -30.393 296.718
-56.624 -30.400 296.718
-56.623 -30.405 296.718
-56.625 -30.411 296.718
-56.626 -30.419 296.718
-56.626 -30.424 296.718
-56.627 -30.430 296.718
-56.629 -30.437 296.718
-56.629 -30.444 296.718
-56.632 -30.450 296.718
-56.632 -30.455 296.718
-56.632 -30.464 296.718
-56.634 -30.474 296.718
-56.635 -30.481 296.718
-56.638 -30.490 296.718
-56.640 -30.495 296.718
-56.639 -30.501 296.718
-56.638 -30.509 296.718
-56.639 -30.519 296.718
-56.644 -30.538 296.718
-56.645 -30.545 296.718
-56.647 -30.550 296.718
-56.652 -30.563 296.718
-56.658 -30.583 296.718
-56.662 -30.596 296.718
-56.665 -30.604 296.718
-56.669 -30.616 296.718
-56.671 -30.622 296.718
-56.672 -30.634 296.718
-56.673 -30.640 296.718
-56.677 -30.654 296.718
-56.686 -30.678 296.718
-56.687 -30.683 296.718
-56.691 -30.695 296.718
-56.693 -30.704 296.718
-56.696 -30.710 296.718
-56.697 -30.717 296.718
-56.701 -30.726 296.718
-56.699 -30.731 296.718
-56.702 -30.740 296.718
-56.704 -30.748 296.718
-56.706 -30.755 296.718
-56.709 -30.765 296.718
-56.710 -30.771 296.718
-56.712 -30.781 296.718
-56.715 -30.788 296.718
-56.716 -30.794 296.718
-56.719 -30.801 296.718
-56.720 -30.808 296.718
-56.725 -30.824 296.718
-56.727 -30.835 296.718
-56.727 -30.840 296.718
-56.730 -30.852 296.718
-56.735 -30.866 296.718
-56.737 -30.878 296.718
-56.739 -30.883 296.718
-56.747 -30.906 296.718
-56.750 -30.916 296.718
-56.754 -30.932 296.718
-56.756 -30.938 296.718
-56.759 -30.948 296.718
-56.764 -30.961 296.718
-56.767 -30.968 296.718
-56.769 -30.975 296.718
-56.773 -30.985 296.718
-56.775 -30.993 296.718
-56.779 -31.005 296.718
-56.790 -31.028 296.718
-56.794 -31.037 296.718
-56.798 -31.047 296.718
-56.801 -31.054 296.718
-56.800 -31.060 296.718
-56.802 -31.068 296.718
-56.807 -31.079 296.718
-56.815 -31.104 296.718
-56.820 -31.117 296.718
-56.829 -31.142 296.718
-56.838 -31.159 296.718
-56.847 -31.172 296.718
-56.854 -31.182 296.718
-56.860 -31.191 296.718
-56.865 -31.199 296.718
-56.868 -31.203 296.718
-56.882 -31.224 296.718
-56.892 -31.244 296.718
-56.900 -31.261 296.718
-56.904 -31.273 296.718
-56.911 -31.288 296.718
-56.912 -31.293 296.718
-56.926 -31.324 296.718
-56.932 -31.337 296.718
-56.938 -31.349 296.718
-56.945 -31.360 296.718
-56.959 -31.387 296.718
-56.972 -31.417 296.718
-56.984 -31.445 296.718
-56.995 -31.469 296.718
-57.009 -31.498 296.718
-57.024 -31.537 296.718
-57.038 -31.568 296.718
-57.044 -31.582 296.718
-57.049 -31.591 296.718
-57.062 -31.617 296.718
-57.070 -31.634 296.718
-57.086 -31.666 296.718
-57.090 -31.673 296.718
-57.100 -31.694 296.718
-57.106 -31.706 296.718
-57.110 -31.713 296.718
-57.117 -31.725 296.718
-57.120 -31.729 296.718
-57.123 -31.734 296.718
-57.130 -31.745 296.718
-57.134 -31.752 296.718
-57.139 -31.763 296.718
-57.154 -31.792 296.718
-57.160 -31.799 296.718
-57.166 -31.809 296.718
-57.171 -31.818 296.718
-57.179 -31.832 296.718
-57.182 -31.836 296.718
-57.186 -31.841 296.718
-57.189 -31.846 296.718
-57.194 -31.854 296.718
-57.198 -31.858 296.718
-57.203 -31.870 296.718
-57.206 -31.876 296.718
-57.210 -31.881 296.718
-57.216 -31.891 296.718
-57.222 -31.899 296.718
-57.227 -31.910 296.718
-57.238 -31.927 296.718
-57.249 -31.949 296.718
-57.256 -31.963 296.718
-57.264 -31.983 296.718
-57.271 -31.999 296.718
-57.275 -32.009 296.718
-57.287 -32.036 296.718
-57.292 -32.047 296.718
-57.295 -32.051 296.718
-57.301 -32.064 296.718
-57.304 -32.070 296.718
-57.307 -32.078 296.718
-57.310 -32.082 296.718
-57.313 -32.090 296.718
-57.321 -32.106 296.718
-57.329 -32.121 296.718
-57.344 -32.158 296.718
-57.348 -32.169 296.718
-57.349 -32.174 296.718
-57.353 -32.187 296.718
-57.355 -32.194 296.718
-57.357 -32.202 296.718
-57.359 -32.209 296.718
-57.362 -32.225 296.718
-57.365 -32.242 296.718
-57.368 -32.259 296.718
-57.368 -32.264 296.718
-57.369 -32.278 296.718
-57.371 -32.284 296.718
-57.373 -32.291 296.718
-57.373 -32.297 296.718
-57.382 -32.317 296.718
-57.382 -32.322 296.718
-57.385 -32.331 296.718
-57.390 -32.343 296.718
-57.391 -32.348 296.718
-57.402 -32.375 296.718
-57.411 -32.399 296.718
-57.413 -32.404 296.718
-57.423 -32.430 296.718
-57.433 -32.444 296.718
-57.446 -32.471 296.718
-57.452 -32.477 296.718
-57.455 -32.481 296.718
-57.465 -32.490 296.718
-57.469 -32.494 296.718
-57.475 -32.503 296.718
-57.479 -32.507 296.718
-57.483 -32.514 296.718
-57.487 -32.517 296.718
-57.492 -32.525 296.718
-57.497 -32.531 296.718
-57.502 -32.538 296.718
-57.508 -32.545 296.718
-57.513 -32.552 296.718
-57.517 -32.557 296.718
-57.521 -32.562 296.718
-57.524 -32.566 296.718
-57.529 -32.573 296.718
-57.538 -32.582 296.718
-57.541 -32.587 296.718
-57.546 -32.593 296.718
-57.551 -32.596 296.718
-57.556 -32.599 296.718
-57.560 -32.602 296.718
-57.565 -32.605 296.718
-57.569 -32.608 296.718
-57.572 -32.612 296.718
-57.577 -32.616 296.718
-57.583 -32.621 296.718
-57.588 -32.626 296.718
-57.593 -32.630 296.718
-57.599 -32.634 296.718
-57.611 -32.643 296.718
-57.640 -32.673 296.718
-57.643 -32.678 296.718
-57.646 -32.684 296.718
-57.650 -32.691 296.718
-57.650 -32.696 296.718
-57.654 -32.704 296.718
-57.658 -32.714 296.718
-57.662 -32.722 296.718
-57.666 -32.729 296.718
-57.668 -32.734 296.718
-57.671 -32.740 296.718
-57.674 -32.746 296.718
-57.678 -32.754 296.718
-57.682 -32.762 296.718
-57.685 -32.767 296.718
-57.688 -32.773 296.718
-57.692 -32.782 296.718
-57.693 -32.789 296.718
-57.695 -32.794 296.718
-57.697 -32.799 296.718
-57.698 -32.806 296.718
-57.701 -32.815 296.718
-57.704 -32.822 296.718
-57.704 -32.830 296.718
-57.706 -32.835 296.718
-57.707 -32.842 296.718
-57.712 -32.853 296.718
-57.712 -32.858 296.718
-57.716 -32.877 296.718
-57.718 -32.885 296.718
-57.721 -32.895 296.718
-57.730 -32.916 296.718
-57.733 -32.923 296.718
-57.736 -32.938 296.718
-57.740 -32.954 296.718
-57.743 -32.962 296.718
-57.757 -32.999 296.718
-57.766 -33.016 296.718
-57.769 -33.023 296.718
-57.789 -33.061 296.718
-57.804 -33.089 296.718
-57.817 -33.113 296.718
-57.820 -33.120 296.718
-57.827 -33.133 296.718
-57.831 -33.136 296.718
-57.834 -33.140 296.718
-57.839 -33.147 296.718
-57.843 -33.150 296.718
-57.846 -33.155 296.718
-57.850 -33.158 296.718
-57.855 -33.166 296.718
-57.861 -33.171 296.718
-57.870 -33.184 296.718
-57.876 -33.191 296.718
-57.884 -33.201 296.718
-57.892 -33.210 296.718
-57.898 -33.216 296.718
-57.904 -33.224 296.718
-57.909 -33.230 296.718
-57.913 -33.234 296.718
-57.918 -33.239 296.718
-57.927 -33.251 296.718
-57.932 -33.257 296.718
-57.938 -33.265 296.718
-57.942 -33.268 296.718
-57.946 -33.273 296.718
-57.950 -33.279 296.718
-57.954 -33.284 296.718
-57.958 -33.288 296.718
-57.964 -33.294 296.718
-57.968 -33.300 296.718
-57.975 -33.309 296.718
-57.982 -33.318 296.718
-57.990 -33.326 296.718
-57.994 -33.332 296.718
-58.002 -33.342 296.718
-58.006 -33.346 296.718
-58.010 -33.352 296.718
-58.015 -33.357 296.718
-58.023 -33.375 296.718
-58.026 -33.381 296.718
-58.029 -33.388 296.718
-58.032 -33.395 296.718
-58.035 -33.401 296.718
-58.049 -33.440 296.718
-58.055 -33.452 296.718
-58.055 -33.458 296.718
-58.060 -33.474 296.718
-58.064 -33.489 296.718
-58.070 -33.501 296.718
-58.070 -33.506 296.718
-58.072 -33.511 296.718
-58.074 -33.518 296.718
-58.074 -33.523 296.718
-58.075 -33.528 296.718
-58.076 -33.534 296.718
-58.077 -33.540 296.718
-58.081 -33.550 296.718
-58.085 -33.559 296.718
-58.088 -33.571 296.718
-58.092 -33.581 296.718
-58.094 -33.586 296.718
-58.105 -33.611 296.718
-58.112 -33.624 296.718
-58.116 -33.632 296.718
-58.117 -33.638 296.718
-58.125 -33.657 296.718
-58.138 -33.682 296.718
-58.139 -33.688 296.718
-58.145 -33.701 296.718
-58.148 -33.708 296.718
-58.152 -33.717 296.718
-58.157 -33.729 296.718
-58.162 -33.737 296.718
-58.167 -33.743 296.718
-58.176 -33.755 296.718
-58.180 -33.759 296.718
-58.190 -33.776 296.718
-58.199 -33.793 296.718
-58.213 -33.814 296.718
-58.229 -33.841 296.718
-58.233 -33.850 296.718
-58.241 -33.865 296.718
-58.247 -33.878 296.718
-58.255 -33.895 296.718
-58.266 -33.916 296.718
-58.271 -33.926 296.718
-58.276 -33.937 296.718
-58.286 -33.949 296.718
-58.292 -33.960 296.718
-58.306 -33.978 296.718
-58.315 -33.992 296.718
-58.328 -34.008 296.718
-58.335 -34.020 296.718
-58.343 -34.034 296.718
-58.348 -34.034 296.718
-58.351 -34.042 296.718
-58.361 -34.083 296.718
-58.365 -34.096 296.718
-58.368 -34.109 296.718
-58.376 -34.119 296.718
-58.386 -34.154 296.718
-58.405 -34.184 296.718
-58.418 -34.205 296.718
-58.425 -34.217 296.718
-58.439 -34.239 296.718
-58.453 -34.261 296.718
-58.460 -34.271 296.718
-58.471 -34.283 296.718
-58.475 -34.288 296.718
-58.481 -34.296 296.718
-58.489 -34.305 296.718
-58.493 -34.311 296.718
-58.513 -34.334 296.718
-58.530 -34.355 296.718
-58.539 -34.367 296.718
-58.546 -34.377 296.718
-58.564 -34.402 296.718
-58.569 -34.409 296.718
-58.575 -34.417 296.718
-58.578 -34.421 296.718
-58.601 -34.460 296.718
-58.604 -34.466 296.718
-58.610 -34.476 296.718
-58.618 -34.489 296.718
-58.623 -34.496 296.718
-58.632 -34.509 296.718
-58.653 -34.543 296.718
-58.665 -34.562 296.718
-58.680 -34.585 296.718
-58.684 -34.591 296.718
-58.685 -34.596 296.718
-58.687 -34.601 296.718
-58.695 -34.614 296.718
-58.699 -34.621 296.718
-58.717 -34.648 296.718
-58.727 -34.664 296.718
-58.732 -34.672 296.718
-58.739 -34.681 296.718
-58.759 -34.712 296.718
-58.770 -34.736 296.718
-58.771 -34.741 296.718
-58.776 -34.750 296.718
-58.778 -34.756 296.718
-58.781 -34.761 296.718
-58.784 -34.773 296.718
-58.804 -34.800 296.718
-58.817 -34.818 296.718
-58.830 -34.836 296.718
-58.843 -34.858 296.718
-58.848 -34.868 296.718
-58.859 -34.887 296.718
-58.869 -34.906 296.718
-58.877 -34.919 296.718
-58.880 -34.924 296.718
-58.888 -34.941 296.718
-58.893 -34.950 296.718
-58.915 -34.985 296.718
-58.920 -34.993 296.718
-58.932 -35.013 296.718
-58.945 -35.029 296.718
-58.965 -35.051 296.718
-58.982 -35.069 296.718
-59.004 -35.092 296.718
-59.008 -35.095 296.718
-59.017 -35.104 296.718
-59.024 -35.111 296.718
-59.047 -35.131 296.718
-59.060 -35.143 296.718
-59.068 -35.151 296.718
-59.071 -35.155 296.718
-59.076 -35.161 296.718
-59.090 -35.177 296.718
-59.095 -35.183 296.718
-59.104 -35.193 296.718
-59.125 -35.215 296.718
-59.138 -35.229 296.718
-59.156 -35.249 296.718
-59.161 -35.257 296.718
-59.165 -35.264 296.718
-59.168 -35.268 296.718
-59.172 -35.275 296.718
-59.176 -35.282 296.718
-59.182 -35.290 296.718
-59.192 -35.297 296.718
-59.222 -35.329 296.718
-59.241 -35.346 296.718
-59.249 -35.353 296.718
-59.272 -35.371 296.718
-59.287 -35.383 296.718
-59.306 -35.398 296.718
-59.335 -35.423 296.718
-59.348 -35.437 296.718
-59.354 -35.443 296.718
-59.359 -35.448 296.718
-59.365 -35.453 296.718
-59.383 -35.469 296.718
-59.406 -35.491 296.718
-59.418 -35.503 296.718
-59.425 -35.510 296.718
-59.437 -35.521 296.718
-59.441 -35.526 296.718
-59.455 -35.540 296.718
-59.460 -35.545 296.718
-59.486 -35.569 296.718
-59.490 -35.575 296.718
-59.495 -35.580 296.718
-59.501 -35.588 296.718
-59.507 -35.594 296.718
-59.515 -35.603 296.718
-59.531 -35.621 296.718
-59.544 -35.633 296.718
-59.554 -35.642 296.718
-59.564 -35.649 296.718
-59.587 -35.662 296.718
-59.594 -35.665 296.718
-59.600 -35.668 296.718
-59.619 -35.678 296.718
-59.655 -35.699 296.718
-59.661 -35.702 296.718
-59.699 -35.723 296.718
-59.736 -35.741 296.718
-59.752 -35.748 296.718
-59.758 -35.750 296.718
-59.785 -35.760 296.718
-59.826 -35.775 296.718
-59.835 -35.779 296.718
-59.843 -35.783 296.718
-59.852 -35.788 296.718
-59.856 -35.792 296.718
-59.886 -35.807 296.718
-59.897 -35.812 296.718
-59.940 -35.812 296.718
-59.956 -35.812 296.718
-59.978 -35.812 296.718
-60.015 -35.812 296.718
-60.042 -35.812 296.718
