-55.611 -21.053 282.927
-55.594 -21.053 282.927
-55.586 -21.038 282.927
-55.584 -21.032 282.927
-55.581 -21.022 282.927
-55.582 -21.017 282.927
-55.567 -20.990 282.927
-55.563 -20.978 282.927
-55.557 -20.970 282.927
-55.553 -20.959 282.927
-55.549 -20.952 282.927
-55.546 -20.939 282.927
-55.539 -20.928 282.928
-55.533 -20.921 282.928
-55.530 -20.911 282.928
-55.524 -20.903 282.928
-55.522 -20.896 282.928
-55.509 -20.875 282.928
-55.507 -20.866 282.928
-55.504 -20.849 282.928
-55.504 -20.844 282.928
-55.501 -20.824 282.928
-55.496 -20.811 282.928
-55.497 -20.806 282.928
-55.493 -20.797 282.928
-55.494 -20.789 282.928
-55.492 -20.784 282.928
-55.490 -20.776 282.928
-55.484 -20.766 282.928
-55.483 -20.761 282.928
-55.482 -20.755 282.928
-55.479 -20.742 282.928
-55.474 -20.731 282.928
-55.474 -20.724 282.928
-55.480 -20.719 282.928
-55.470 -20.703 282.928
-55.469 -20.698 282.928
-55.467 -20.690 282.928
-55.472 -20.686 282.928
-55.460 -20.667 282.928
-55.458 -20.656 282.928
-55.456 -20.649 282.928
-55.448 -20.635 282.928
-55.454 -20.629 282.928
-55.451 -20.619 282.928
-55.448 -20.614 282.928
-55.443 -20.607 282.928
-55.448 -20.602 282.928
-55.446 -20.596 282.928
-55.439 -20.580 282.928
-55.441 -20.573 282.928
-55.435 -20.564 282.928
-55.438 -20.559 282.928
-55.440 -20.554 282.928
-55.430 -20.545 282.928
-55.426 -20.536 282.928
-55.425 -20.530 282.928
-55.421 -20.524 282.928
-55.419 -20.518 282.928
-55.417 -20.512 282.928
-55.416 -20.507 282.928
-55.413 -20.501 282.928
-55.410 -20.497 282.928
-55.409 -20.492 282.928
-55.405 -20.488 282.928
-55.379 -20.478 282.928
-55.356 -20.466 282.928
-55.314 -20.457 282.928
-55.292 -20.452 282.928
-55.287 -20.447 282.928
-55.283 -20.441 282.928
-55.274 -20.430 282.928
-55.269 -20.425 282.928
-55.262 -20.418 282.928
-55.252 -20.405 282.928
-55.247 -20.405 282.928
-55.243 -20.400 282.928
-55.240 -20.396 282.928
-55.226 -20.381 282.928
-55.220 -20.376 282.928
-55.214 -20.375 282.928
-55.210 -20.369 282.929
-55.205 -20.367 282.929
-55.198 -20.363 282.929
-55.194 -20.360 282.929
-55.190 -20.357 282.929
-55.187 -20.353 282.929
-55.182 -20.352 282.929
-55.177 -20.347 282.929
-55.173 -20.343 282.929
-55.168 -20.343 282.929
-55.164 -20.340 282.929
-55.158 -20.339 282.929
-55.153 -20.338 282.929
-55.144 -20.334 282.929
-55.137 -20.331 282.929
-55.132 -20.330 282.929
-55.127 -20.328 282.929
-55.121 -20.325 282.929
-55.115 -20.323 282.929
-55.109 -20.320 282.929
-55.104 -20.318 282.929
-55.099 -20.316 282.929
-55.094 -20.314 282.929
-55.091 -20.309 282.929
-55.084 -20.296 282.929
-55.081 -20.290 282.929
-55.074 -20.277 282.929
-55.071 -20.265 282.929
-55.068 -20.261 282.929
-55.055 -20.239 282.929
-55.045 -20.224 282.929
-55.032 -20.206 282.929
-55.025 -20.196 282.929
-55.020 -20.185 282.929
-55.017 -20.181 282.929
-55.012 -20.165 282.929
-55.011 -20.160 282.929
-55.011 -20.151 282.929
-55.016 -20.145 282.929
-55.016 -20.140 282.929
-55.025 -20.134 282.929
-55.028 -20.128 282.929
-55.032 -20.124 282.929
-55.031 -20.115 282.929
-55.037 -20.099 282.929
-55.043 -20.089 282.929
-55.048 -20.085 282.929
-55.051 -20.076 282.929
-55.057 -20.072 282.929
-55.058 -20.066 282.929
-55.066 -20.053 282.929
-55.068 -20.047 282.929
-55.075 -20.043 282.929
-55.078 -20.028 282.929
-55.082 -20.023 282.929
-55.087 -20.019 282.929
-55.090 -20.007 282.929
-55.096 -19.995 282.929
-55.102 -19.992 282.929
-55.108 -19.982 282.929
-55.109 -19.977 282.929
-55.113 -19.971 282.929
-55.120 -19.965 282.929
-55.127 -19.949 282.929
-55.129 -19.944 282.929
-55.131 -19.937 282.929
-55.134 -19.933 282.929
-55.135 -19.927 282.929
-55.137 -19.921 282.929
-55.140 -19.915 282.929
-55.145 -19.900 282.929
-55.147 -19.895 282.929
-55.149 -19.890 282.929
-55.150 -19.883 282.929
-55.154 -19.874 282.929
-55.152 -19.847 282.929
-55.156 -19.842 282.929
-55.154 -19.834 282.929
-55.154 -19.828 282.929
-55.155 -19.823 282.929
-55.157 -19.818 282.930
-55.152 -19.800 282.930
-55.151 -19.792 282.930
-55.151 -19.786 282.930
-55.151 -19.781 282.930
-55.151 -19.773 282.930
-55.150 -19.768 282.930
-55.148 -19.757 282.930
-55.155 -19.751 282.930
-55.153 -19.741 282.930
-55.151 -19.723 282.930
-55.150 -19.712 282.930
-55.150 -19.702 282.930
-55.154 -19.695 282.930
-55.159 -19.691 282.930
-55.154 -19.675 282.930
-55.166 -19.668 282.930
-55.164 -19.652 282.930
-55.168 -19.649 282.930
-55.174 -19.642 282.930
-55.176 -19.633 282.930
-55.178 -19.626 282.930
-55.190 -19.615 282.930
-55.194 -19.606 282.930
-55.201 -19.601 282.930
-55.207 -19.598 282.930
-55.216 -19.587 282.930
-55.225 -19.581 282.930
-55.228 -19.569 282.930
-55.233 -19.565 282.930
-55.242 -19.559 282.930
-55.252 -19.543 282.930
-55.256 -19.538 282.930
-55.263 -19.524 282.930
-55.260 -19.518 282.930
-55.265 -19.514 282.930
-55.268 -19.499 282.930
-55.277 -19.492 282.930
-55.279 -19.487 282.930
-55.282 -19.481 282.930
-55.277 -19.471 282.930
-55.289 -19.460 282.930
-55.296 -19.450 282.930
-55.293 -19.442 282.930
-55.294 -19.434 282.930
-55.300 -19.429 282.930
-55.303 -19.421 282.930
-55.305 -19.413 282.930
-55.303 -19.407 282.930
-55.298 -19.397 282.930
-55.301 -19.388 282.930
-55.298 -19.374 282.930
-55.296 -19.361 282.930
-55.298 -19.352 282.930
-55.299 -19.339 282.930
-55.303 -19.325 282.930
-55.307 -19.317 282.930
-55.309 -19.311 282.930
-55.311 -19.306 282.930
-55.312 -19.301 282.930
-55.315 -19.297 282.930
-55.315 -19.291 282.930
-55.314 -19.286 282.930
-55.316 -19.280 282.930
-55.318 -19.275 282.930
-55.321 -19.270 282.930
-55.317 -19.263 282.930
-55.312 -19.251 282.931
-55.311 -19.243 282.931
-55.311 -19.235 282.931
-55.312 -19.230 282.931
-55.312 -19.224 282.931
-55.313 -19.219 282.931
-55.313 -19.213 282.931
-55.314 -19.206 282.931
-55.314 -19.200 282.931
-55.283 -19.168 282.931
-55.270 -19.156 282.931
-55.264 -19.152 282.931
-55.262 -19.147 282.931
-55.253 -19.136 282.931
-55.245 -19.123 282.931
-55.240 -19.116 282.931
-55.237 -19.112 282.931
-55.231 -19.104 282.931
-55.224 -19.095 282.931
-55.222 -19.090 282.931
-55.222 -19.083 282.931
-55.222 -19.078 282.931
-55.209 -19.070 282.931
-55.205 -19.064 282.931
-55.199 -19.060 282.931
-55.193 -19.053 282.931
-55.189 -19.048 282.931
-55.184 -19.045 282.931
-55.180 -19.042 282.931
-55.150 -19.029 282.931
-55.137 -19.026 282.931
-55.121 -19.025 282.931
-55.114 -19.026 282.931
-55.109 -19.028 282.931
-55.104 -19.029 282.931
-55.097 -19.032 282.931
-55.091 -19.032 282.931
-55.086 -19.034 282.931
-55.079 -19.035 282.931
-55.074 -19.037 282.931
-55.067 -19.038 282.931
-55.062 -19.040 282.931
-55.055 -19.045 282.931
-55.050 -19.044 282.931
-55.045 -19.046 282.931
-55.039 -19.051 282.931
-55.033 -19.052 282.931
-55.027 -19.054 282.931
-55.016 -19.059 282.931
-55.004 -19.065 282.931
-54.991 -19.067 282.931
-54.985 -19.069 282.931
-54.976 -19.073 282.931
-54.968 -19.071 282.931
-54.956 -19.074 282.931
-54.945 -19.081 282.931
-54.928 -19.090 282.931
-54.923 -19.091 282.931
-54.918 -19.093 282.931
-54.912 -19.094 282.931
-54.897 -19.095 282.931
-54.893 -19.091 282.931
-54.879 -19.094 282.931
-54.873 -19.093 282.931
-54.867 -19.093 282.931
-54.860 -19.093 282.931
-54.854 -19.093 282.931
-54.847 -19.092 282.931
-54.842 -19.091 282.931
-54.835 -19.091 282.931
-54.829 -19.090 282.931
-54.824 -19.088 282.931
-54.817 -19.087 282.931
-54.811 -19.088 282.931
-54.805 -19.086 282.931
-54.801 -19.083 282.931
-54.795 -19.084 282.931
-54.789 -19.085 282.931
-54.784 -19.084 282.931
-54.778 -19.084 282.931
-54.771 -19.079 282.931
-54.759 -19.074 282.931
-54.749 -19.064 282.931
-54.744 -19.058 282.931
-54.741 -19.054 282.931
-54.735 -19.055 282.931
-54.732 -19.049 282.931
-54.726 -19.044 282.931
-54.722 -19.039 282.931
-54.718 -19.034 282.931
-54.718 -19.023 282.931
-54.717 -19.015 282.931
-54.717 -19.005 282.931
-54.717 -19.000 282.931
-54.719 -18.989 282.931
-54.719 -18.982 282.931
-54.718 -18.974 282.931
-54.719 -18.966 282.931
-54.722 -18.959 282.931
-54.723 -18.954 282.931
-54.726 -18.948 282.931
-54.730 -18.943 282.931
-54.731 -18.938 282.931
-54.737 -18.933 282.931
-54.738 -18.925 282.931
-54.743 -18.919 282.931
-54.743 -18.913 282.931
-54.747 -18.907 282.931
-54.750 -18.901 282.931
-54.754 -18.894 282.931
-54.759 -18.884 282.931
-54.765 -18.873 282.931
-54.766 -18.868 282.931
-54.770 -18.862 282.931
-54.777 -18.846 282.931
-54.772 -18.816 282.931
-54.764 -18.812 282.931
-54.755 -18.805 282.931
-54.750 -18.799 282.931
-54.745 -18.789 282.931
-54.734 -18.786 282.931
-54.726 -18.782 282.931
-54.720 -18.779 282.931
-54.715 -18.779 282.931
-54.706 -18.772 282.931
-54.697 -18.769 282.931
-54.688 -18.761 282.931
-54.683 -18.756 282.931
-54.677 -18.754 282.931
-54.671 -18.754 282.931
-54.662 -18.753 282.931
-54.653 -18.740 282.931
-54.648 -18.743 282.931
-54.642 -18.742 282.931
-54.633 -18.739 282.931
-54.628 -18.740 282.931
-54.624 -18.737 282.931
-54.619 -18.735 282.931
-54.612 -18.734 282.931
-54.608 -18.737 282.931
-54.604 -18.733 282.931
-54.597 -18.732 282.931
-54.591 -18.729 282.931
-54.585 -18.729 282.931
-54.576 -18.725 282.931
-54.567 -18.720 282.931
-54.561 -18.718 282.931
-54.554 -18.713 282.931
-54.541 -18.710 282.931
-54.531 -18.704 282.932
-54.524 -18.700 282.932
-54.521 -18.694 282.932
-54.516 -18.692 282.932
-54.511 -18.692 282.932
-54.505 -18.686 282.932
-54.500 -18.680 282.932
-54.493 -18.679 282.932
-54.488 -18.676 282.932
-54.482 -18.671 282.932
-54.476 -18.663 282.932
-54.470 -18.664 282.932
-54.466 -18.657 282.932
-54.460 -18.657 282.932
-54.458 -18.652 282.932
-54.451 -18.648 282.932
-54.447 -18.645 282.932
-54.442 -18.642 282.932
-54.437 -18.642 282.932
-54.432 -18.640 282.932
-54.425 -18.633 282.932
-54.420 -18.634 282.932
-54.415 -18.633 282.932
-54.407 -18.629 282.932
-54.401 -18.628 282.932
-54.396 -18.625 282.932
-54.390 -18.623 282.932
-54.385 -18.621 282.932
-54.380 -18.612 282.932
-54.370 -18.613 282.932
-54.366 -18.609 282.932
-54.360 -18.610 282.932
-54.357 -18.606 282.932
-54.350 -18.606 282.932
-54.347 -18.601 282.932
-54.342 -18.603 282.932
-54.334 -18.598 282.932
-54.325 -18.596 282.932
-54.317 -18.592 282.932
-54.314 -18.588 282.932
-54.308 -18.588 282.932
-54.301 -18.584 282.932
-54.294 -18.581 282.932
-54.291 -18.576 282.932
-54.284 -18.578 282.932
-54.279 -18.577 282.932
-54.275 -18.572 282.932
-54.271 -18.569 282.932
-54.265 -18.569 282.932
-54.257 -18.567 282.932
-54.253 -18.563 282.932
-54.248 -18.562 282.932
-54.245 -18.556 282.932
-54.238 -18.557 282.932
-54.232 -18.551 282.932
-54.223 -18.551 282.932
-54.219 -18.547 282.932
-54.210 -18.544 282.932
-54.202 -18.541 282.932
-54.197 -18.538 282.932
-54.186 -18.531 282.932
-54.180 -18.529 282.932
-54.175 -18.529 282.932
-54.169 -18.524 282.932
-54.164 -18.523 282.932
-54.159 -18.519 282.932
-54.154 -18.512 282.932
-54.148 -18.512 282.932
-54.140 -18.510 282.932
-54.131 -18.507 282.932
-54.123 -18.498 282.932
-54.116 -18.500 282.932
-54.104 -18.492 282.932
-54.098 -18.490 282.932
-54.091 -18.488 282.932
-54.085 -18.482 282.932
-54.079 -18.482 282.932
-54.073 -18.478 282.932
-54.068 -18.474 282.932
-54.063 -18.472 282.932
-54.058 -18.471 282.932
-54.051 -18.468 282.932
-54.044 -18.464 282.932
-54.039 -18.464 282.932
-54.035 -18.460 282.932
-54.028 -18.459 282.932
-54.023 -18.457 282.932
-54.017 -18.453 282.932
-54.011 -18.453 282.932
-54.004 -18.449 282.932
-53.997 -18.447 282.932
-53.992 -18.445 282.932
-53.986 -18.442 282.932
-53.977 -18.439 282.932
-53.970 -18.434 282.932
-53.964 -18.430 282.932
-53.959 -18.429 282.932
-53.955 -18.424 282.932
-53.950 -18.422 282.932
-53.946 -18.418 282.932
-53.940 -18.417 282.932
-53.935 -18.414 282.932
-53.931 -18.411 282.932
-53.926 -18.405 282.932
-53.921 -18.405 282.932
-53.918 -18.401 282.932
-53.914 -18.398 282.932
-53.909 -18.398 282.932
-53.905 -18.395 282.932
-53.897 -18.390 282.932
-53.892 -18.387 282.932
-53.889 -18.383 282.932
-53.884 -18.383 282.932
-53.879 -18.381 282.932
-53.874 -18.375 282.932
-53.871 -18.371 282.932
-53.865 -18.372 282.932
-53.857 -18.366 282.932
-53.850 -18.364 282.932
-53.846 -18.361 282.932
-53.841 -18.359 282.932
-53.826 -18.350 282.932
-53.821 -18.344 282.932
-53.815 -18.338 282.932
-53.808 -18.340 282.932
-53.804 -18.336 282.932
-53.798 -18.332 282.932
-53.791 -18.329 282.932
-53.786 -18.328 282.932
-53.779 -18.323 282.932
-53.770 -18.317 282.932
-53.762 -18.313 282.932
-53.757 -18.311 282.932
-53.753 -18.308 282.932
-53.744 -18.303 282.932
-53.737 -18.298 282.932
-53.730 -18.293 282.932
-53.722 -18.291 282.932
-53.718 -18.288 282.932
-53.713 -18.285 282.932
-53.705 -18.282 282.932
-53.701 -18.278 282.932
-53.692 -18.277 282.932
-53.681 -18.272 282.932
-53.671 -18.269 282.932
-53.662 -18.261 282.932
-53.654 -18.258 282.932
-53.639 -18.248 282.932
-53.631 -18.250 282.932
-53.626 -18.251 282.932
-53.618 -18.247 282.932
-53.610 -18.245 282.932
-53.600 -18.234 282.932
-53.595 -18.235 282.932
-53.580 -18.232 282.932
-53.573 -18.229 282.932
-53.569 -18.225 282.932
-53.564 -18.223 282.932
-53.558 -18.218 282.932
-53.552 -18.214 282.932
-53.547 -18.214 282.932
-53.542 -18.209 282.932
-53.537 -18.209 282.932
-53.532 -18.205 282.932
-53.528 -18.201 282.932
-53.521 -18.193 282.932
-53.516 -18.187 282.932
-53.502 -18.172 282.932
-53.494 -18.164 282.932
-53.486 -18.159 282.932
-53.477 -18.151 282.933
-53.472 -18.154 282.932
-53.462 -18.148 282.933
-53.456 -18.150 282.933
-53.452 -18.146 282.933
-53.443 -18.143 282.933
-53.433 -18.143 282.933
-53.428 -18.140 282.933
-53.422 -18.138 282.933
-53.404 -18.131 282.933
-53.390 -18.118 282.933
-53.372 -18.101 282.933
-53.368 -18.097 282.933
-53.357 -18.096 282.933
-53.344 -18.087 282.933
-53.338 -18.088 282.933
-53.331 -18.080 282.933
-53.322 -18.080 282.933
-53.316 -18.073 282.933
-53.311 -18.073 282.933
-53.304 -18.069 282.933
-53.300 -18.066 282.933
-53.287 -18.061 282.933
-53.280 -18.054 282.933
-53.273 -18.052 282.933
-53.259 -18.040 282.933
-53.253 -18.043 282.933
-53.248 -18.041 282.933
-53.240 -18.040 282.933
-53.235 -18.040 282.933
-53.226 -18.035 282.933
-53.219 -18.039 282.933
-53.213 -18.033 282.933
-53.206 -18.032 282.933
-53.199 -18.034 282.933
-53.187 -18.032 282.933
-53.180 -18.028 282.933
-53.169 -18.026 282.933
-53.165 -18.023 282.933
-53.158 -18.018 282.933
-53.142 -17.999 282.933
-53.128 -17.982 282.933
-53.125 -17.977 282.933
-53.112 -17.961 282.933
-53.088 -17.935 282.933
-53.084 -17.932 282.933
-53.077 -17.925 282.933
-53.072 -17.923 282.933
-53.067 -17.919 282.933
-53.062 -17.918 282.933
-53.057 -17.916 282.933
-53.049 -17.911 282.933
-53.044 -17.907 282.933
-53.037 -17.903 282.933
-53.032 -17.902 282.933
-53.027 -17.898 282.933
-53.022 -17.896 282.933
-53.017 -17.895 282.933
-53.013 -17.892 282.933
-53.004 -17.891 282.933
-52.996 -17.888 282.933
-52.990 -17.884 282.933
-52.976 -17.879 282.933
-52.971 -17.877 282.933
-52.967 -17.874 282.933
-52.961 -17.867 282.933
-52.954 -17.870 282.933
-52.945 -17.867 282.933
-52.932 -17.862 282.933
-52.923 -17.860 282.933
-52.916 -17.858 282.933
-52.911 -17.856 282.933
-52.907 -17.852 282.933
-52.902 -17.851 282.933
-52.897 -17.848 282.933
-52.890 -17.846 282.933
-52.880 -17.840 282.933
-52.873 -17.838 282.933
-52.867 -17.832 282.933
-52.862 -17.830 282.933
-52.858 -17.827 282.933
-52.846 -17.826 282.933
-52.841 -17.824 282.933
-52.836 -17.823 282.933
-52.827 -17.819 282.933
-52.820 -17.818 282.933
-52.814 -17.815 282.933
-52.804 -17.812 282.933
-52.799 -17.810 282.933
-52.794 -17.807 282.933
-52.789 -17.804 282.933
-52.785 -17.800 282.933
-52.779 -17.801 282.933
-52.771 -17.800 282.933
-52.765 -17.796 282.933
-52.757 -17.794 282.933
-52.752 -17.793 282.933
-52.744 -17.790 282.933
-52.739 -17.788 282.933
-52.733 -17.786 282.933
-52.724 -17.782 282.933
-52.719 -17.779 282.933
-52.712 -17.777 282.933
-52.704 -17.773 282.933
-52.698 -17.773 282.933
-52.694 -17.770 282.933
-52.690 -17.767 282.933
-52.681 -17.764 282.933
-52.675 -17.761 282.933
-52.670 -17.756 282.933
-52.666 -17.759 282.933
-52.659 -17.755 282.933
-52.654 -17.752 282.933
-52.649 -17.750 282.933
-52.641 -17.744 282.933
-52.636 -17.744 282.933
-52.631 -17.740 282.933
-52.626 -17.740 282.933
-52.615 -17.734 282.933
-52.607 -17.731 282.933
-52.603 -17.727 282.933
-52.597 -17.724 282.933
-52.592 -17.723 282.933
-52.583 -17.719 282.933
-52.571 -17.711 282.933
-52.566 -17.709 282.933
-52.561 -17.709 282.933
-52.553 -17.705 282.933
-52.543 -17.696 282.933
-52.538 -17.696 282.933
-52.534 -17.693 282.933
-52.530 -17.690 282.933
-52.522 -17.684 282.933
-52.516 -17.680 282.933
-52.512 -17.677 282.933
-52.507 -17.674 282.933
-52.500 -17.668 282.933
-52.496 -17.665 282.933
-52.492 -17.662 282.933
-52.487 -17.660 282.933
-52.482 -17.658 282.933
-52.475 -17.654 282.933
-52.470 -17.651 282.933
-52.464 -17.645 282.933
-52.457 -17.641 282.933
-52.451 -17.637 282.933
-52.446 -17.633 282.933
-52.440 -17.629 282.933
-52.426 -17.617 282.933
-52.414 -17.608 282.933
-52.408 -17.602 282.933
-52.404 -17.599 282.933
-52.398 -17.596 282.933
-52.393 -17.592 282.934
-52.384 -17.588 282.934
-52.378 -17.587 282.934
-52.372 -17.585 282.934
-52.366 -17.584 282.934
-52.351 -17.579 282.934
-52.343 -17.578 282.934
-52.336 -17.576 282.934
-52.326 -17.571 282.934
-52.321 -17.568 282.934
-52.314 -17.569 282.934
-52.309 -17.567 282.934
-52.303 -17.562 282.934
-52.295 -17.563 282.934
-52.290 -17.559 282.934
-52.281 -17.554 282.934
-52.274 -17.548 282.934
-52.268 -17.547 282.934
-52.261 -17.542 282.934
-52.252 -17.536 282.934
-52.239 -17.528 282.934
-52.231 -17.522 282.934
-52.223 -17.517 282.934
-52.214 -17.511 282.934
-52.209 -17.508 282.934
-52.204 -17.505 282.934
-52.194 -17.496 282.934
-52.189 -17.494 282.934
-52.181 -17.490 282.934
-52.175 -17.486 282.934
-52.164 -17.477 282.934
-52.159 -17.474 282.934
-52.152 -17.472 282.934
-52.139 -17.464 282.934
-52.133 -17.460 282.934
-52.128 -17.458 282.934
-52.121 -17.453 282.934
-52.113 -17.448 282.934
-52.108 -17.445 282.934
-52.086 -17.431 282.934
-52.077 -17.425 282.934
-52.072 -17.423 282.934
-52.064 -17.415 282.934
-52.054 -17.408 282.934
-52.041 -17.396 282.934
-52.035 -17.391 282.934
-52.031 -17.388 282.934
-52.022 -17.382 282.934
-52.014 -17.375 282.934
-52.008 -17.369 282.934
-52.003 -17.366 282.934
-51.997 -17.363 282.934
-51.990 -17.357 282.934
-51.984 -17.352 282.934
-51.978 -17.348 282.934
-51.974 -17.345 282.934
-51.969 -17.343 282.934
-51.965 -17.339 282.934
-51.960 -17.338 282.934
-51.955 -17.336 282.934
-51.951 -17.333 282.934
-51.946 -17.330 282.934
-51.940 -17.327 282.934
-51.934 -17.323 282.934
-51.929 -17.322 282.934
-51.922 -17.319 282.934
-51.915 -17.315 282.934
-51.910 -17.314 282.934
-51.901 -17.311 282.934
-51.897 -17.307 282.934
-51.892 -17.307 282.934
-51.877 -17.298 282.934
-51.870 -17.297 282.934
-51.862 -17.296 282.934
-51.853 -17.291 282.934
-51.848 -17.288 282.934
-51.840 -17.283 282.934
-51.832 -17.280 282.934
-51.828 -17.277 282.934
-51.820 -17.276 282.934
-51.813 -17.271 282.934
-51.809 -17.268 282.934
-51.803 -17.263 282.934
-51.798 -17.262 282.934
-51.788 -17.256 282.934
-51.783 -17.252 282.934
-51.777 -17.249 282.934
-51.771 -17.245 282.934
-51.767 -17.242 282.934
-51.762 -17.241 282.934
-51.751 -17.234 282.934
-51.744 -17.230 282.934
-51.739 -17.227 282.934
-51.735 -17.224 282.934
-51.723 -17.216 282.934
-51.715 -17.212 282.934
-51.709 -17.207 282.934
-51.703 -17.204 282.934
-51.698 -17.200 282.934
-51.689 -17.194 282.934
-51.681 -17.191 282.934
-51.677 -17.188 282.934
-51.670 -17.185 282.934
-51.661 -17.181 282.934
-51.653 -17.176 282.934
-51.648 -17.174 282.934
-51.640 -17.170 282.934
-51.626 -17.162 282.934
-51.619 -17.160 282.934
-51.613 -17.157 282.934
-51.609 -17.154 282.934
-51.600 -17.153 282.934
-51.583 -17.146 282.934
-51.578 -17.145 282.934
-51.571 -17.140 282.934
-51.563 -17.140 282.934
-51.551 -17.136 282.934
-51.544 -17.131 282.934
-51.536 -17.125 282.934
-51.527 -17.119 282.934
-51.516 -17.114 282.934
-51.503 -17.103 282.934
-51.496 -17.100 282.934
-51.487 -17.094 282.934
-51.478 -17.086 282.934
-51.473 -17.085 282.934
-51.463 -17.078 282.934
-51.459 -17.075 282.934
-51.442 -17.060 282.934
-51.435 -17.058 282.934
-51.427 -17.054 282.934
-51.417 -17.050 282.934
-51.412 -17.048 282.934
-51.408 -17.045 282.934
-51.401 -17.044 282.934
-51.394 -17.041 282.934
-51.388 -17.037 282.935
-51.383 -17.037 282.935
-51.374 -17.034 282.935
-51.368 -17.030 282.935
-51.363 -17.029 282.935
-51.358 -17.027 282.935
-51.347 -17.023 282.935
-51.325 -17.010 282.935
-51.316 -17.009 282.935
-51.308 -17.006 282.935
-51.298 -17.002 282.935
-51.290 -16.998 282.935
-51.279 -16.990 282.935
-51.273 -16.986 282.935
-51.266 -16.982 282.935
-51.254 -16.976 282.935
-51.243 -16.969 282.935
-51.232 -16.961 282.935
-51.226 -16.959 282.935
-51.221 -16.955 282.935
-51.215 -16.953 282.935
-51.209 -16.952 282.935
-51.203 -16.949 282.935
-51.194 -16.942 282.935
-51.185 -16.934 282.935
-51.177 -16.927 282.935
-51.170 -16.921 282.935
-51.163 -16.915 282.935
-51.157 -16.911 282.935
-51.148 -16.904 282.935
-51.143 -16.900 282.935
-51.138 -16.897 282.935
-51.132 -16.892 282.935
-51.127 -16.889 282.935
-51.116 -16.881 282.935
-51.108 -16.875 282.935
-51.102 -16.873 282.935
-51.088 -16.862 282.935
-51.079 -16.856 282.935
-51.063 -16.845 282.935
-51.042 -16.815 282.935
-51.033 -16.799 282.935
-51.030 -16.792 282.935
-51.027 -16.785 282.935
-51.018 -16.765 282.935
-51.017 -16.759 282.935
-51.009 -16.743 282.935
-51.007 -16.734 282.935
-51.006 -16.727 282.935
-51.004 -16.721 282.935
-51.001 -16.712 282.935
-51.002 -16.707 282.935
-51.003 -16.701 282.935
-51.001 -16.696 282.935
-50.995 -16.685 282.935
-50.990 -16.673 282.935
-50.977 -16.651 282.935
-50.972 -16.642 282.935
-50.967 -16.631 282.935
-50.960 -16.618 282.935
-50.951 -16.599 282.935
-50.944 -16.586 282.935
-50.933 -16.563 282.935
-50.924 -16.546 282.935
-50.920 -16.540 282.935
-50.909 -16.521 282.935
-50.900 -16.506 282.935
-50.892 -16.493 282.935
-50.885 -16.480 282.936
-50.865 -16.449 282.936
-50.857 -16.438 282.936
-50.853 -16.433 282.936
-50.848 -16.426 282.936
-50.843 -16.420 282.936
-50.817 -16.384 282.936
-50.801 -16.366 282.936
-50.787 -16.345 282.936
-50.782 -16.337 282.936
-50.779 -16.333 282.936
-50.775 -16.328 282.936
-50.771 -16.323 282.936
-50.762 -16.312 282.936
-50.746 -16.284 282.936
-50.737 -16.268 282.936
-50.734 -16.263 282.936
-50.729 -16.254 282.936
-50.724 -16.244 282.936
-50.716 -16.227 282.936
-50.710 -16.214 282.936
-50.703 -16.196 282.936
-50.701 -16.190 282.936
-50.689 -16.149 282.936
-50.692 -16.144 282.936
-50.693 -16.136 282.936
-50.697 -16.127 282.936
-50.702 -16.116 282.936
-50.703 -16.111 282.936
-50.705 -16.106 282.936
-50.710 -16.099 282.936
-50.710 -16.094 282.936
-50.714 -16.086 282.936
-50.715 -16.081 282.936
-50.719 -16.077 282.936
-50.720 -16.071 282.936
-50.722 -16.066 282.936
-50.726 -16.062 282.936
-50.727 -16.056 282.936
-50.729 -16.050 282.936
-50.732 -16.046 282.936
-50.734 -16.039 282.936
-50.740 -16.034 282.936
-50.742 -16.029 282.936
-50.742 -16.023 282.936
-50.745 -16.019 282.936
-50.748 -16.015 282.936
-50.747 -16.007 282.936
-50.752 -16.004 282.936
-50.752 -15.996 282.936
-50.755 -15.985 282.936
-50.758 -15.981 282.936
-50.760 -15.971 282.936
-50.764 -15.964 282.936
-50.766 -15.959 282.936
-50.769 -15.955 282.936
-50.769 -15.946 282.936
-50.772 -15.939 282.936
-50.777 -15.936 282.936
-50.777 -15.928 282.936
-50.779 -15.923 282.937
-50.783 -15.916 282.937
-50.784 -15.910 282.937
-50.785 -15.902 282.937
-50.787 -15.895 282.937
-50.792 -15.893 282.937
-50.793 -15.886 282.937
-50.794 -15.879 282.937
-50.792 -15.868 282.937
-50.792 -15.858 282.937
-50.791 -15.845 282.937
-50.790 -15.832 282.937
-50.790 -15.827 282.937
-50.790 -15.820 282.937
-50.788 -15.807 282.937
-50.790 -15.802 282.937
-50.787 -15.788 282.937
-50.787 -15.783 282.937
-50.786 -15.772 282.937
-50.784 -15.757 282.937
-50.786 -15.750 282.937
-50.779 -15.723 282.937
-50.776 -15.707 282.937
-50.777 -15.699 282.937
-50.774 -15.688 282.937
-50.772 -15.678 282.937
-50.770 -15.666 282.937
-50.770 -15.661 282.937
-50.767 -15.649 282.937
-50.766 -15.641 282.937
-50.767 -15.635 282.937
-50.763 -15.616 282.937
-50.763 -15.604 282.937
-50.764 -15.594 282.937
-50.765 -15.586 282.937
-50.765 -15.578 282.937
-50.765 -15.571 282.937
-50.759 -15.539 282.937
-50.753 -15.511 282.937
-50.749 -15.489 282.937
-50.748 -15.481 282.937
-50.746 -15.467 282.937
-50.745 -15.457 282.937
-50.745 -15.445 282.937
-50.743 -15.429 282.937
-50.739 -15.415 282.937
-50.738 -15.406 282.937
-50.737 -15.395 282.937
-50.735 -15.380 282.937
-50.732 -15.365 282.938
-50.729 -15.354 282.938
-50.730 -15.348 282.938
-50.730 -15.331 282.938
-50.732 -15.325 282.938
-50.734 -15.315 282.938
-50.735 -15.310 282.938
-50.734 -15.302 282.938
-50.736 -15.297 282.938
-50.735 -15.289 282.938
-50.737 -15.283 282.938
-50.737 -15.273 282.938
-50.741 -15.266 282.938
-50.742 -15.257 282.938
-50.742 -15.252 282.938
-50.745 -15.247 282.938
-50.745 -15.241 282.938
-50.748 -15.229 282.938
-50.752 -15.217 282.938
-50.752 -15.210 282.938
-50.755 -15.204 282.938
-50.754 -15.195 282.938
-50.759 -15.191 282.938
-50.760 -15.185 282.938
-50.762 -15.180 282.938
-50.763 -15.169 282.938
-50.761 -15.159 282.938
-50.763 -15.152 282.938
-50.764 -15.147 282.938
-50.769 -15.143 282.938
-50.769 -15.122 282.938
-50.768 -15.103 282.938
-50.769 -15.095 282.938
-50.768 -15.088 282.938
-50.770 -15.082 282.938
-50.771 -15.069 282.938
-50.775 -15.062 282.938
-50.775 -15.052 282.938
-50.780 -15.047 282.938
-50.778 -15.034 282.938
-50.788 -15.031 282.938
-50.785 -15.016 282.938
-50.786 -15.006 282.938
-50.799 -15.001 282.938
-50.797 -14.994 282.938
-50.795 -14.982 282.938
-50.798 -14.975 282.938
-50.800 -14.970 282.938
-50.803 -14.947 282.938
-50.808 -14.939 282.938
-50.811 -14.931 282.938
-50.811 -14.925 282.938
-50.809 -14.915 282.938
-50.815 -14.910 282.938
-50.813 -14.895 282.938
-50.814 -14.884 282.938
-50.813 -14.870 282.938
-50.815 -14.858 282.938
-50.812 -14.831 282.938
-50.815 -14.825 282.938
-50.812 -14.815 282.938
-50.811 -14.808 282.939
-50.804 -14.779 282.939
-50.801 -14.764 282.939
-50.806 -14.761 282.939
-50.806 -14.755 282.939
-50.803 -14.742 282.939
-50.806 -14.738 282.939
-50.806 -14.727 282.939
-50.804 -14.717 282.939
-50.802 -14.708 282.939
-50.799 -14.692 282.939
-50.797 -14.682 282.939
-50.787 -14.641 282.939
-50.783 -14.632 282.939
-50.779 -14.616 282.939
-50.777 -14.609 282.939
-50.773 -14.596 282.939
-50.767 -14.576 282.939
-50.767 -14.570 282.939
-50.765 -14.561 282.939
-50.764 -14.556 282.939
-50.762 -14.542 282.939
-50.761 -14.537 282.939
-50.759 -14.524 282.939
-50.757 -14.510 282.939
-50.755 -14.501 282.939
-50.754 -14.495 282.939
-50.753 -14.487 282.939
-50.751 -14.480 282.939
-50.746 -14.458 282.939
-50.744 -14.450 282.939
-50.743 -14.444 282.939
-50.740 -14.433 282.939
-50.737 -14.422 282.939
-50.732 -14.403 282.939
-50.729 -14.390 282.939
-50.727 -14.382 282.939
-50.726 -14.376 282.939
-50.723 -14.366 282.939
-50.720 -14.352 282.939
-50.717 -14.342 282.939
-50.717 -14.331 282.939
-50.717 -14.324 282.939
-50.716 -14.318 282.939
-50.717 -14.313 282.939
-50.716 -14.308 282.939
-50.716 -14.301 282.939
-50.716 -14.294 282.939
-50.715 -14.286 282.939
-50.715 -14.278 282.939
-50.715 -14.273 282.939
-50.714 -14.267 282.939
-50.712 -14.259 282.939
-50.711 -14.252 282.940
-50.707 -14.239 282.940
-50.706 -14.234 282.940
-50.704 -14.226 282.940
-50.701 -14.216 282.940
-50.699 -14.208 282.940
-50.698 -14.203 282.940
-50.695 -14.190 282.940
-50.691 -14.176 282.940
-50.688 -14.166 282.940
-50.686 -14.159 282.940
-50.685 -14.154 282.940
-50.684 -14.145 282.940
-50.687 -14.138 282.940
-50.687 -14.125 282.940
-50.687 -14.119 282.940
-50.688 -14.111 282.940
-50.689 -14.103 282.940
-50.690 -14.097 282.940
-50.691 -14.086 282.940
-50.692 -14.078 282.940
-50.693 -14.072 282.940
-50.692 -14.065 282.940
-50.690 -14.058 282.940
-50.687 -14.044 282.940
-50.686 -14.039 282.940
-50.686 -14.032 282.940
-50.685 -14.026 282.940
-50.681 -14.011 282.940
-50.682 -14.006 282.940
-50.679 -13.996 282.940
-50.675 -13.980 282.940
-50.672 -13.967 282.940
-50.668 -13.954 282.940
-50.664 -13.941 282.940
-50.662 -13.933 282.940
-50.660 -13.925 282.940
-50.659 -13.920 282.940
-50.655 -13.905 282.940
-50.654 -13.900 282.940
-50.653 -13.895 282.940
-50.650 -13.883 282.940
-50.650 -13.878 282.940
-50.648 -13.871 282.940
-50.646 -13.864 282.940
-50.645 -13.858 282.940
-50.644 -13.853 282.940
-50.643 -13.847 282.940
-50.640 -13.833 282.940
-50.639 -13.826 282.940
-50.638 -13.820 282.940
-50.637 -13.815 282.940
-50.636 -13.810 282.940
-50.635 -13.805 282.940
-50.633 -13.798 282.940
-50.632 -13.792 282.940
-50.631 -13.787 282.940
-50.629 -13.777 282.940
-50.628 -13.770 282.940
-50.624 -13.754 282.940
-50.622 -13.746 282.940
-50.620 -13.740 282.940
-50.618 -13.734 282.940
-50.615 -13.725 282.940
-50.613 -13.716 282.940
-50.609 -13.704 282.940
-50.605 -13.691 282.941
-50.601 -13.678 282.941
-50.599 -13.669 282.941
-50.596 -13.660 282.941
-50.594 -13.652 282.941
-50.591 -13.643 282.941
-50.590 -13.638 282.941
-50.588 -13.632 282.941
-50.586 -13.625 282.941
-50.584 -13.619 282.941
-50.579 -13.602 282.941
-50.576 -13.591 282.941
-50.572 -13.577 282.941
-50.570 -13.571 282.941
-50.567 -13.561 282.941
-50.565 -13.551 282.941
-50.562 -13.539 282.941
-50.559 -13.530 282.941
-50.557 -13.521 282.941
-50.553 -13.509 282.941
-50.551 -13.502 282.941
-50.550 -13.496 282.941
-50.548 -13.490 282.941
-50.546 -13.482 282.941
-50.544 -13.474 282.941
-50.542 -13.465 282.941
-50.538 -13.453 282.941
-50.537 -13.447 282.941
-50.534 -13.436 282.941
-50.533 -13.431 282.941
-50.532 -13.426 282.941
-50.530 -13.419 282.941
-50.515 -13.376 282.941
-50.512 -13.368 282.941
-50.506 -13.353 282.941
-50.505 -13.341 282.941
-50.499 -13.323 282.941
-50.496 -13.311 282.941
-50.495 -13.300 282.941
-50.493 -13.293 282.941
-50.479 -13.256 282.941
-50.480 -13.251 282.941
-50.473 -13.231 282.941
-50.471 -13.222 282.941
-50.469 -13.216 282.941
-50.464 -13.195 282.941
-50.462 -13.188 282.941
-50.457 -13.175 282.941
-50.452 -13.161 282.941
-50.451 -13.152 282.941
-50.446 -13.136 282.942
-50.444 -13.125 282.942
-50.446 -13.117 282.942
-50.448 -13.112 282.942
-50.445 -13.105 282.942
-50.447 -13.097 282.942
-50.451 -13.090 282.942
-50.449 -13.084 282.942
-50.447 -13.079 282.942
-50.448 -13.066 282.942
-50.452 -13.060 282.942
-50.449 -13.050 282.942
-50.451 -13.043 282.942
-50.451 -13.037 282.942
-50.450 -13.028 282.942
-50.452 -13.020 282.942
-50.455 -13.011 282.942
-50.459 -13.003 282.942
-50.463 -12.993 282.942
-50.465 -12.985 282.942
-50.464 -12.979 282.942
-50.474 -12.959 282.942
-50.478 -12.954 282.942
-50.476 -12.946 282.942
-50.477 -12.937 282.942
-50.478 -12.931 282.942
-50.482 -12.927 282.942
-50.486 -12.919 282.942
-50.487 -12.906 282.942
-50.478 -12.892 282.942
-50.465 -12.875 282.942
-50.444 -12.860 282.942
-50.442 -12.854 282.942
-50.433 -12.844 282.942
-50.428 -12.842 282.942
-50.426 -12.837 282.942
-50.417 -12.818 282.942
-50.413 -12.813 282.942
-50.404 -12.810 282.942
-50.401 -12.803 282.942
-50.395 -12.804 282.942
-50.389 -12.800 282.942
-50.386 -12.793 282.942
-50.382 -12.783 282.942
-50.376 -12.780 282.942
-50.366 -12.763 282.942
-50.357 -12.745 282.942
-50.350 -12.744 282.942
-50.344 -12.737 282.942
-50.325 -12.711 282.942
-50.317 -12.703 282.942
-50.309 -12.701 282.942
-50.299 -12.692 282.942
-50.289 -12.685 282.942
-50.276 -12.671 282.942
-50.269 -12.665 282.942
-50.264 -12.662 282.942
-50.256 -12.649 282.942
-50.252 -12.645 282.942
-50.227 -12.610 282.942
-50.223 -12.604 282.942
-50.221 -12.599 282.942
-50.220 -12.581 282.943
-50.221 -12.568 282.943
-50.211 -12.535 282.943
-50.203 -12.516 282.943
-50.199 -12.481 282.943
-50.192 -12.467 282.943
-50.183 -12.460 282.943
-50.176 -12.453 282.943
-50.170 -12.448 282.943
-50.163 -12.441 282.943
-50.160 -12.434 282.943
-50.162 -12.423 282.943
-50.166 -12.398 282.943
-50.166 -12.386 282.943
-50.168 -12.381 282.943
-50.170 -12.369 282.943
-50.170 -12.364 282.943
-50.170 -12.357 282.943
-50.179 -12.342 282.943
-50.175 -12.318 282.943
-50.174 -12.308 282.943
-50.178 -12.303 282.943
-50.177 -12.293 282.943
-50.185 -12.275 282.943
-50.189 -12.272 282.943
-50.193 -12.257 282.943
-50.195 -12.249 282.943
-50.196 -12.244 282.943
-50.201 -12.240 282.943
-50.201 -12.234 282.943
-50.200 -12.226 282.943
-50.206 -12.204 282.943
-50.206 -12.191 282.943
-50.208 -12.178 282.943
-50.213 -12.173 282.943
-50.214 -12.165 282.943
-50.215 -12.156 282.943
-50.217 -12.150 282.943
-50.216 -12.145 282.943
-50.216 -12.134 282.943
-50.223 -12.112 282.943
-50.225 -12.097 282.943
-50.237 -12.089 282.943
-50.232 -12.066 282.943
-50.237 -12.064 282.943
-50.240 -12.051 282.943
-50.241 -12.040 282.943
-50.240 -12.028 282.944
-50.243 -12.013 282.944
-50.248 -12.008 282.944
-50.250 -12.002 282.944
-50.252 -11.982 282.944
-50.254 -11.974 282.944
-50.254 -11.968 282.944
-50.259 -11.966 282.944
-50.257 -11.952 282.944
-50.262 -11.948 282.944
-50.263 -11.931 282.944
-50.266 -11.919 282.944
-50.273 -11.903 282.944
-50.274 -11.896 282.944
-50.276 -11.885 282.944
-50.273 -11.878 282.944
-50.275 -11.871 282.944
-50.281 -11.862 282.944
-50.279 -11.854 282.944
-50.283 -11.850 282.944
-50.280 -11.840 282.944
-50.286 -11.823 282.944
-50.288 -11.817 282.944
-50.294 -11.810 282.944
-50.290 -11.802 282.944
-50.294 -11.789 282.944
-50.296 -11.780 282.944
-50.296 -11.775 282.944
-50.305 -11.760 282.944
-50.310 -11.745 282.944
-50.310 -11.726 282.944
-50.311 -11.704 282.944
-50.308 -11.689 282.944
-50.306 -11.673 282.944
-50.307 -11.661 282.944
-50.303 -11.648 282.944
-50.307 -11.628 282.944
-50.306 -11.614 282.944
-50.303 -11.610 282.944
-50.314 -11.591 282.944
-50.306 -11.581 282.944
-50.306 -11.574 282.944
-50.309 -11.560 282.944
-50.309 -11.552 282.944
-50.312 -11.540 282.944
-50.316 -11.530 282.944
-50.317 -11.525 282.944
-50.316 -11.520 282.944
-50.321 -11.505 282.944
-50.318 -11.501 282.944
-50.319 -11.494 282.944
-50.321 -11.482 282.944
-50.319 -11.476 282.945
-50.315 -11.470 282.945
-50.315 -11.465 282.945
-50.313 -11.450 282.945
-50.315 -11.439 282.945
-50.309 -11.436 282.945
-50.305 -11.432 282.945
-50.302 -11.425 282.945
-50.296 -11.423 282.945
-50.294 -11.418 282.945
-50.289 -11.413 282.945
-50.283 -11.411 282.945
-50.240 -11.409 282.945
-50.214 -11.407 282.945
-50.199 -11.401 282.945
-50.192 -11.397 282.945
-50.171 -11.393 282.945
-50.164 -11.392 282.945
-50.155 -11.392 282.945
-50.146 -11.391 282.945
-50.134 -11.390 282.945
-50.122 -11.386 282.945
-50.080 -11.404 282.945
-50.075 -11.402 282.945
-50.068 -11.404 282.945
-50.054 -11.410 282.945
-50.037 -11.408 282.945
-50.032 -11.409 282.945
-50.021 -11.412 282.945
-50.010 -11.413 282.945
-50.003 -11.411 282.945
-49.993 -11.401 282.945
-49.983 -11.394 282.945
-49.976 -11.381 282.945
-49.960 -11.369 282.945
-49.950 -11.351 282.945
-49.944 -11.345 282.945
-49.940 -11.342 282.945
-49.933 -11.331 282.945
-49.927 -11.328 282.945
-49.925 -11.323 282.945
-49.918 -11.319 282.945
-49.911 -11.313 282.945
-49.906 -11.305 282.945
-49.894 -11.286 282.945
-49.891 -11.277 282.945
-49.887 -11.265 282.945
-49.878 -11.258 282.945
-49.872 -11.251 282.945
-49.866 -11.242 282.945
-49.863 -11.235 282.945
-49.857 -11.222 282.945
-49.851 -11.212 282.945
-49.851 -11.206 282.945
-49.849 -11.195 282.945
-49.847 -11.185 282.945
-49.843 -11.173 282.945
-49.843 -11.167 282.945
-49.840 -11.152 282.945
-49.844 -11.149 282.945
-49.843 -11.139 282.945
-49.842 -11.133 282.945
-49.841 -11.125 282.945
-49.840 -11.119 282.945
-49.840 -11.114 282.945
-49.839 -11.105 282.945
-49.840 -11.098 282.945
-49.838 -11.083 282.945
-49.839 -11.078 282.945
-49.837 -11.069 282.945
-49.836 -11.064 282.945
-49.835 -11.059 282.945
-49.834 -11.052 282.945
-49.838 -11.048 282.945
-49.841 -11.043 282.945
-49.840 -11.035 282.945
-49.843 -11.027 282.945
-49.842 -11.013 282.945
-49.851 -11.006 282.945
-49.851 -10.990 282.945
-49.852 -10.984 282.945
-49.856 -10.977 282.945
-49.857 -10.968 282.945
-49.861 -10.963 282.945
-49.863 -10.958 282.945
-49.860 -10.944 282.945
-49.861 -10.928 282.945
-49.861 -10.923 282.945
-49.850 -10.888 282.946
-49.848 -10.878 282.946
-49.841 -10.857 282.946
-49.838 -10.847 282.946
-49.836 -10.840 282.946
-49.835 -10.835 282.946
-49.835 -10.830 282.946
-49.833 -10.825 282.946
-49.833 -10.820 282.946
-49.830 -10.808 282.946
-49.829 -10.801 282.946
-49.830 -10.796 282.946
-49.832 -10.787 282.946
-49.835 -10.781 282.946
-49.838 -10.777 282.946
-49.842 -10.773 282.946
-49.843 -10.766 282.946
-49.847 -10.763 282.946
-49.850 -10.753 282.946
-49.855 -10.749 282.946
-49.856 -10.742 282.946
-49.860 -10.735 282.946
-49.862 -10.730 282.946
-49.864 -10.725 282.946
-49.867 -10.721 282.946
-49.870 -10.717 282.946
-49.871 -10.711 282.946
-49.872 -10.705 282.946
-49.877 -10.693 282.946
-49.880 -10.687 282.946
-49.881 -10.681 282.946
-49.887 -10.672 282.946
-49.887 -10.666 282.946
-49.890 -10.662 282.946
-49.894 -10.651 282.946
-49.897 -10.647 282.946
-49.897 -10.639 282.946
-49.899 -10.634 282.946
-49.901 -10.629 282.946
-49.903 -10.624 282.946
-49.906 -10.619 282.946
-49.911 -10.616 282.946
-49.908 -10.609 282.946
-49.911 -10.599 282.946
-49.912 -10.594 282.946
-49.912 -10.588 282.946
-49.917 -10.585 282.946
-49.918 -10.580 282.946
-49.920 -10.575 282.946
-49.919 -10.570 282.946
-49.920 -10.562 282.946
-49.921 -10.556 282.946
-49.924 -10.552 282.946
-49.925 -10.545 282.946
-49.928 -10.540 282.946
-49.928 -10.532 282.946
-49.931 -10.524 282.946
-49.933 -10.517 282.946
-49.936 -10.510 282.946
-49.938 -10.505 282.946
-49.940 -10.497 282.946
-49.943 -10.492 282.946
-49.950 -10.480 282.946
-49.950 -10.471 282.946
-49.953 -10.466 282.946
-49.953 -10.458 282.946
-49.958 -10.450 282.946
-49.961 -10.446 282.946
-49.960 -10.440 282.946
-49.962 -10.435 282.946
-49.966 -10.430 282.946
-49.969 -10.424 282.946
-49.969 -10.416 282.946
-49.970 -10.411 282.946
-49.974 -10.403 282.946
-49.978 -10.396 282.946
-49.976 -10.391 282.946
-49.984 -10.374 282.946
-49.987 -10.370 282.946
-49.987 -10.365 282.947
-49.990 -10.358 282.947
-49.993 -10.353 282.947
-49.992 -10.347 282.947
-49.994 -10.339 282.947
-49.995 -10.334 282.947
-49.998 -10.326 282.947
-50.000 -10.321 282.947
-50.000 -10.308 282.947
-50.002 -10.303 282.947
-50.005 -10.298 282.947
-50.005 -10.292 282.947
-50.006 -10.283 282.947
-50.009 -10.272 282.947
-50.011 -10.263 282.947
-50.012 -10.258 282.947
-50.014 -10.251 282.947
-50.016 -10.246 282.947
-50.016 -10.237 282.947
-50.019 -10.232 282.947
-50.019 -10.227 282.947
-50.021 -10.220 282.947
-50.022 -10.213 282.947
-50.023 -10.207 282.947
-50.025 -10.202 282.947
-50.025 -10.195 282.947
-50.026 -10.190 282.947
-50.026 -10.185 282.947
-50.028 -10.180 282.947
-50.030 -10.175 282.947
-50.030 -10.167 282.947
-50.031 -10.162 282.947
-50.033 -10.154 282.947
-50.034 -10.148 282.947
-50.035 -10.142 282.947
-50.037 -10.137 282.947
-50.038 -10.132 282.947
-50.039 -10.126 282.947
-50.041 -10.115 282.947
-50.045 -10.112 282.947
-50.046 -10.107 282.947
-50.049 -10.098 282.947
-50.054 -10.096 282.947
-50.053 -10.091 282.947
-50.060 -10.083 282.947
-50.064 -10.079 282.947
-50.067 -10.066 282.947
-50.072 -10.060 282.947
-50.073 -10.054 282.947
-50.074 -10.049 282.947
-50.080 -10.044 282.947
-50.080 -10.039 282.947
-50.081 -10.027 282.947
-50.083 -10.022 282.947
-50.084 -10.015 282.947
-50.085 -10.008 282.947
-50.090 -10.004 282.947
-50.088 -9.999 282.947
-50.089 -9.993 282.947
-50.090 -9.988 282.947
-50.092 -9.982 282.947
-50.094 -9.977 282.947
-50.098 -9.974 282.947
-50.096 -9.963 282.947
-50.100 -9.960 282.947
-50.099 -9.954 282.947
-50.103 -9.949 282.947
-50.101 -9.942 282.947
-50.104 -9.936 282.947
-50.105 -9.931 282.947
-50.107 -9.924 282.947
-50.108 -9.918 282.947
-50.112 -9.908 282.947
-50.113 -9.902 282.947
-50.116 -9.897 282.947
-50.117 -9.890 282.947
-50.122 -9.887 282.947
-50.125 -9.883 282.947
-50.123 -9.874 282.947
-50.122 -9.868 282.947
-50.126 -9.862 282.947
-50.126 -9.856 282.947
-50.130 -9.853 282.947
-50.129 -9.846 282.947
-50.132 -9.840 282.947
-50.133 -9.834 282.947
-50.133 -9.829 282.947
-50.134 -9.824 282.947
-50.137 -9.817 282.947
-50.141 -9.810 282.948
-50.142 -9.805 282.948
-50.145 -9.796 282.948
-50.147 -9.791 282.948
-50.151 -9.783 282.948
-50.155 -9.780 282.948
-50.156 -9.775 282.948
-50.158 -9.770 282.948
-50.162 -9.764 282.948
-50.165 -9.757 282.948
-50.168 -9.752 282.948
-50.172 -9.747 282.948
-50.172 -9.739 282.948
-50.179 -9.731 282.948
-50.182 -9.727 282.948
-50.182 -9.722 282.948
-50.185 -9.715 282.948
-50.189 -9.706 282.948
-50.192 -9.700 282.948
-50.196 -9.696 282.948
-50.199 -9.690 282.948
-50.201 -9.685 282.948
-50.203 -9.678 282.948
-50.207 -9.671 282.948
-50.210 -9.667 282.948
-50.214 -9.663 282.948
-50.215 -9.658 282.948
-50.216 -9.653 282.948
-50.218 -9.648 282.948
-50.221 -9.644 282.948
-50.225 -9.640 282.948
-50.225 -9.635 282.948
-50.227 -9.629 282.948
-50.228 -9.621 282.948
-50.229 -9.616 282.948
-50.230 -9.609 282.948
-50.231 -9.603 282.948
-50.231 -9.595 282.948
-50.231 -9.589 282.948
-50.231 -9.582 282.948
-50.231 -9.576 282.948
-50.231 -9.571 282.948
-50.232 -9.566 282.948
-50.233 -9.558 282.948
-50.234 -9.553 282.948
-50.233 -9.546 282.948
-50.235 -9.540 282.948
-50.235 -9.535 282.948
-50.234 -9.529 282.948
-50.236 -9.524 282.948
-50.234 -9.519 282.948
-50.234 -9.513 282.948
-50.235 -9.507 282.948
-50.233 -9.496 282.948
-50.231 -9.491 282.948
-50.234 -9.486 282.948
-50.231 -9.480 282.948
-50.231 -9.472 282.948
-50.229 -9.465 282.948
-50.227 -9.457 282.948
-50.228 -9.451 282.948
-50.229 -9.446 282.948
-50.224 -9.440 282.948
-50.219 -9.432 282.948
-50.211 -9.424 282.948
-50.207 -9.416 282.948
-50.204 -9.409 282.948
-50.196 -9.403 282.948
-50.161 -9.385 282.948
-50.155 -9.382 282.948
-50.138 -9.374 282.948
-50.134 -9.370 282.948
-50.128 -9.365 282.948
-50.120 -9.364 282.948
-50.110 -9.360 282.948
-50.097 -9.353 282.948
-50.083 -9.348 282.948
-50.073 -9.342 282.948
-50.064 -9.338 282.948
-50.055 -9.336 282.948
-50.042 -9.327 282.948
-50.037 -9.330 282.948
-50.033 -9.326 282.948
-50.027 -9.327 282.948
-50.021 -9.323 282.948
-50.014 -9.321 282.948
-49.996 -9.310 282.948
-49.982 -9.303 282.948
-49.975 -9.300 282.948
-49.966 -9.294 282.948
-49.960 -9.294 282.948
-49.950 -9.290 282.948
-49.945 -9.287 282.948
-49.935 -9.279 282.948
-49.930 -9.278 282.948
-49.920 -9.274 282.948
-49.911 -9.266 282.948
-49.898 -9.262 282.948
-49.890 -9.260 282.948
-49.885 -9.255 282.949
-49.880 -9.255 282.949
-49.872 -9.251 282.949
-49.867 -9.247 282.949
-49.858 -9.245 282.949
-49.853 -9.244 282.949
-49.847 -9.239 282.949
-49.839 -9.235 282.949
-49.825 -9.230 282.949
-49.809 -9.223 282.949
-49.791 -9.207 282.949
-49.785 -9.208 282.949
-49.780 -9.206 282.949
-49.763 -9.201 282.949
-49.759 -9.196 282.949
-49.752 -9.196 282.949
-49.748 -9.193 282.949
-49.742 -9.186 282.949
-49.735 -9.188 282.949
-49.730 -9.184 282.949
-49.726 -9.181 282.949
-49.723 -9.175 282.949
-49.717 -9.176 282.949
-49.712 -9.178 282.949
-49.703 -9.175 282.949
-49.698 -9.172 282.949
-49.692 -9.169 282.949
-49.683 -9.163 282.949
-49.677 -9.163 282.949
-49.671 -9.159 282.949
-49.666 -9.160 282.949
-49.660 -9.158 282.949
-49.655 -9.155 282.949
-49.650 -9.148 282.949
-49.644 -9.147 282.949
-49.639 -9.145 282.949
-49.631 -9.145 282.949
-49.628 -9.141 282.949
-49.622 -9.141 282.949
-49.616 -9.139 282.949
-49.611 -9.134 282.949
-49.606 -9.134 282.949
-49.602 -9.128 282.949
-49.594 -9.129 282.949
-49.591 -9.120 282.949
-49.581 -9.123 282.949
-49.574 -9.118 282.949
-49.568 -9.116 282.949
-49.563 -9.116 282.949
-49.557 -9.114 282.949
-49.546 -9.106 282.949
-49.540 -9.104 282.949
-49.533 -9.098 282.949
-49.528 -9.099 282.949
-49.520 -9.096 282.949
-49.511 -9.090 282.949
-49.505 -9.089 282.949
-49.501 -9.085 282.949
-49.495 -9.080 282.949
-49.490 -9.081 282.949
-49.485 -9.081 282.949
-49.478 -9.076 282.949
-49.473 -9.075 282.949
-49.466 -9.069 282.949
-49.461 -9.070 282.949
-49.453 -9.065 282.949
-49.445 -9.064 282.949
-49.439 -9.062 282.949
-49.425 -9.055 282.949
-49.412 -9.042 282.949
-49.408 -9.038 282.949
-49.400 -9.024 282.949
-49.390 -9.025 282.949
-49.386 -9.016 282.949
-49.381 -9.015 282.949
-49.377 -9.011 282.949
-49.366 -8.998 282.949
-49.359 -8.983 282.949
-49.353 -8.985 282.949
-49.347 -8.981 282.949
-49.341 -8.972 282.949
-49.333 -8.966 282.949
-49.327 -8.957 282.949
-49.318 -8.947 282.949
-49.307 -8.936 282.949
-49.296 -8.917 282.949
-49.292 -8.905 282.949
-49.271 -8.877 282.949
-49.259 -8.854 282.949
-49.251 -8.848 282.949
-49.233 -8.839 282.949
-49.218 -8.841 282.949
-49.210 -8.837 282.949
-49.202 -8.836 282.949
-49.193 -8.838 282.949
-49.178 -8.829 282.949
-49.165 -8.831 282.949
-49.149 -8.828 282.949
-49.142 -8.823 282.949
-49.133 -8.819 282.949
-49.129 -8.814 282.949
-49.114 -8.813 282.949
-49.102 -8.810 282.949
-49.093 -8.809 282.949
-49.086 -8.807 282.949
-49.078 -8.805 282.949
-49.061 -8.799 282.949
-49.050 -8.803 282.949
-49.040 -8.801 282.949
-49.032 -8.798 282.949
-49.027 -8.797 282.949
-49.017 -8.795 282.949
-49.010 -8.797 282.949
-48.999 -8.794 282.949
-48.982 -8.792 282.949
-48.973 -8.782 282.949
-48.967 -8.779 282.949
-48.961 -8.779 282.949
-48.951 -8.766 282.949
-48.940 -8.750 282.949
-48.934 -8.743 282.949
-48.929 -8.738 282.949
-48.925 -8.730 282.949
-48.919 -8.718 282.949
-48.914 -8.710 282.949
-48.910 -8.704 282.949
-48.896 -8.665 282.950
-48.894 -8.659 282.950
-48.890 -8.654 282.950
-48.880 -8.623 282.950
-48.868 -8.586 282.950
-48.865 -8.581 282.950
-48.858 -8.566 282.950
-48.853 -8.559 282.950
-48.851 -8.553 282.950
-48.845 -8.538 282.950
-48.840 -8.526 282.950
-48.823 -8.494 282.950
-48.815 -8.469 282.950
-48.809 -8.455 282.950
-48.799 -8.422 282.950
-48.797 -8.417 282.950
-48.791 -8.408 282.950
-48.785 -8.390 282.950
-48.778 -8.376 282.950
-48.771 -8.353 282.950
-48.759 -8.340 282.950
-48.753 -8.325 282.950
-48.746 -8.304 282.950
-48.735 -8.288 282.950
-48.732 -8.283 282.950
-48.724 -8.269 282.950
-48.715 -8.250 282.950
-48.705 -8.230 282.950
-48.695 -8.206 282.950
-48.686 -8.189 282.950
-48.681 -8.179 282.950
-48.673 -8.164 282.950
-48.671 -8.152 282.950
-48.652 -8.121 282.951
-48.648 -8.107 282.951
-48.645 -8.101 282.951
-48.641 -8.096 282.951
-48.636 -8.078 282.951
-48.631 -8.068 282.951
-48.625 -8.052 282.951
-48.618 -8.029 282.951
-48.614 -8.018 282.951
-48.610 -8.006 282.951
-48.604 -7.992 282.951
-48.600 -7.980 282.951
-48.597 -7.971 282.951
-48.591 -7.954 282.951
-48.589 -7.948 282.951
-48.585 -7.937 282.951
-48.582 -7.931 282.951
-48.579 -7.921 282.951
-48.573 -7.905 282.951
-48.569 -7.895 282.951
-48.563 -7.885 282.951
-48.554 -7.859 282.951
-48.550 -7.850 282.951
-48.544 -7.842 282.951
-48.539 -7.828 282.951
-48.536 -7.823 282.951
-48.533 -7.813 282.951
-48.525 -7.794 282.951
-48.523 -7.788 282.951
-48.521 -7.781 282.951
-48.519 -7.775 282.951
-48.515 -7.764 282.951
-48.510 -7.747 282.951
-48.505 -7.732 282.951
-48.503 -7.725 282.951
-48.499 -7.714 282.951
-48.495 -7.700 282.951
-48.490 -7.686 282.951
-48.486 -7.673 282.951
-48.483 -7.663 282.951
-48.472 -7.623 282.951
-48.470 -7.617 282.951
-48.463 -7.592 282.951
-48.458 -7.578 282.952
-48.456 -7.568 282.952
-48.448 -7.527 282.952
-48.446 -7.518 282.952
-48.443 -7.502 282.952
-48.438 -7.475 282.952
-48.435 -7.439 282.952
-48.432 -7.427 282.952
-48.430 -7.419 282.952
-48.429 -7.414 282.952
-48.428 -7.409 282.952
-48.426 -7.401 282.952
-48.424 -7.391 282.952
-48.423 -7.386 282.952
-48.421 -7.377 282.952
-48.419 -7.363 282.952
-48.419 -7.356 282.952
-48.419 -7.349 282.952
-48.418 -7.338 282.952
-48.414 -7.318 282.952
-48.406 -7.286 282.952
-48.402 -7.261 282.952
-48.400 -7.246 282.952
-48.403 -7.236 282.952
