-45.958 -7.335 293.018
-45.953 -7.345 293.018
-45.947 -7.363 293.018
-45.945 -7.369 293.018
-45.938 -7.391 293.018
-45.930 -7.414 293.018
-45.928 -7.422 293.018
-45.926 -7.430 293.018
-45.924 -7.437 293.018
-45.924 -7.442 293.018
-45.921 -7.451 293.018
-45.920 -7.459 293.018
-45.916 -7.472 293.018
-45.915 -7.480 293.018
-45.914 -7.486 293.018
-45.912 -7.492 293.018
-45.910 -7.500 293.018
-45.896 -7.541 293.018
-45.893 -7.547 293.018
-45.889 -7.554 293.018
-45.886 -7.559 293.018
-45.884 -7.564 293.018
-45.881 -7.568 293.018
-45.876 -7.578 293.018
-45.873 -7.584 293.018
-45.868 -7.594 293.018
-45.861 -7.607 293.018
-45.858 -7.613 293.018
-45.855 -7.619 293.018
-45.853 -7.624 293.018
-45.850 -7.629 293.018
-45.842 -7.649 293.018
-45.831 -7.679 293.018
-45.831 -7.686 293.018
-45.829 -7.698 293.018
-45.829 -7.708 293.018
-45.823 -7.730 293.018
-45.822 -7.746 293.018
-45.822 -7.753 293.018
-45.821 -7.758 293.018
-45.821 -7.768 293.018
-45.821 -7.783 293.018
-45.821 -7.791 293.018
-45.820 -7.798 293.018
-45.816 -7.814 293.018
-45.816 -7.821 293.018
-45.815 -7.828 293.018
-45.814 -7.834 293.018
-45.812 -7.845 293.018
-45.813 -7.850 293.018
-45.810 -7.864 293.018
-45.811 -7.870 293.018
-45.808 -7.882 293.018
-45.808 -7.888 293.018
-45.806 -7.911 293.018
-45.805 -7.918 293.018
-45.801 -7.935 293.018
-45.800 -7.948 293.018
-45.800 -7.956 293.018
-45.800 -7.961 293.018
-45.799 -7.969 293.018
-45.793 -8.012 293.018
-45.792 -8.017 293.018
-45.789 -8.025 293.018
-45.787 -8.031 293.018
-45.783 -8.045 293.018
-45.780 -8.054 293.018
-45.778 -8.059 293.018
-45.775 -8.070 293.018
-45.773 -8.075 293.018
-45.761 -8.113 293.018
-45.758 -8.126 293.018
-45.755 -8.139 293.018
-45.753 -8.149 293.018
-45.750 -8.162 293.018
-45.749 -8.170 293.018
-45.747 -8.183 293.018
-45.747 -8.189 293.018
-45.746 -8.194 293.018
-45.745 -8.203 293.018
-45.745 -8.208 293.018
-45.744 -8.214 293.018
-45.743 -8.219 293.018
-45.743 -8.225 293.018
-45.742 -8.231 293.018
-45.741 -8.237 293.018
-45.737 -8.262 293.018
-45.729 -8.291 293.018
-45.722 -8.311 293.018
-45.720 -8.317 293.018
-45.718 -8.323 293.018
-45.714 -8.334 293.018
-45.710 -8.343 293.018
-45.706 -8.358 293.018
-45.704 -8.369 293.018
-45.699 -8.387 293.018
-45.695 -8.401 293.018
-45.684 -8.441 293.018
-45.679 -8.458 293.018
-45.677 -8.467 293.018
-45.674 -8.477 293.018
-45.661 -8.518 293.018
-45.650 -8.545 293.018
-45.647 -8.556 293.018
-45.644 -8.561 293.018
-45.641 -8.573 293.018
-45.637 -8.577 293.018
-45.639 -8.583 293.018
-45.635 -8.604 293.018
-45.636 -8.611 293.018
-45.635 -8.617 293.018
-45.627 -8.654 293.018
-45.620 -8.689 293.018
-45.618 -8.696 293.018
-45.616 -8.703 293.018
-45.601 -8.744 293.018
-45.596 -8.760 293.018
-45.590 -8.773 293.018
-45.586 -8.781 293.018
-45.580 -8.795 293.018
-45.575 -8.808 293.018
-45.572 -8.815 293.018
-45.568 -8.821 293.018
-45.566 -8.827 293.018
-45.561 -8.837 293.018
-45.555 -8.852 293.018
-45.553 -8.857 293.018
-45.550 -8.863 293.018
-45.547 -8.872 293.018
-45.543 -8.877 293.018
-45.539 -8.889 293.018
-45.536 -8.898 293.018
-45.530 -8.907 293.018
-45.525 -8.920 293.018
-45.522 -8.928 293.018
-45.518 -8.936 293.018
-45.515 -8.945 293.018
-45.507 -8.959 293.018
-45.500 -8.979 293.018
-45.494 -8.992 293.018
-45.491 -8.997 293.018
-45.485 -9.014 293.018
-45.481 -9.027 293.018
-45.476 -9.042 293.018
-45.472 -9.056 293.018
-45.467 -9.069 293.018
-45.463 -9.076 293.018
-45.453 -9.105 293.018
-45.448 -9.117 293.018
-45.444 -9.126 293.018
-45.436 -9.149 293.018
-45.432 -9.153 293.018
-45.428 -9.163 293.018
-45.424 -9.171 293.018
-45.421 -9.176 293.018
-45.417 -9.187 293.018
-45.409 -9.202 293.018
-45.405 -9.214 293.018
-45.401 -9.220 293.018
-45.398 -9.225 293.018
-45.396 -9.230 293.018
-45.393 -9.234 293.018
-45.388 -9.244 293.018
-45.385 -9.251 293.018
-45.380 -9.259 293.018
-45.375 -9.270 293.018
-45.371 -9.279 293.018
-45.365 -9.293 293.018
-45.360 -9.303 293.018
-45.355 -9.310 293.018
-45.350 -9.324 293.018
-45.345 -9.329 293.018
-45.336 -9.348 293.018
-45.332 -9.356 293.018
-45.329 -9.360 293.018
-45.323 -9.375 293.018
-45.318 -9.385 293.018
-45.312 -9.401 293.018
-45.308 -9.411 293.018
-45.302 -9.425 293.018
-45.298 -9.436 293.018
-45.296 -9.441 293.018
-45.291 -9.451 293.018
-45.285 -9.465 293.018
-45.280 -9.471 293.018
-45.275 -9.478 293.018
-45.272 -9.485 293.018
-45.269 -9.492 293.018
-45.266 -9.497 293.018
-45.263 -9.503 293.018
-45.261 -9.508 293.018
-45.258 -9.513 293.018
-45.256 -9.519 293.018
-45.253 -9.525 293.018
-45.250 -9.531 293.018
-45.245 -9.542 293.018
-45.241 -9.549 293.018
-45.237 -9.558 293.018
-45.233 -9.568 293.018
-45.228 -9.578 293.018
-45.225 -9.583 293.018
-45.219 -9.599 293.018
-45.210 -9.625 293.018
-45.208 -9.631 293.018
-45.204 -9.639 293.018
-45.194 -9.667 293.018
-45.189 -9.680 293.018
-45.187 -9.685 293.018
-45.186 -9.691 293.018
-45.186 -9.700 293.018
-45.176 -9.741 293.018
-45.174 -9.760 293.018
-45.174 -9.788 293.018
-45.175 -9.831 293.018
-45.175 -9.848 293.018
-45.176 -9.868 293.018
-45.179 -9.913 293.018
-45.179 -9.919 293.018
-45.179 -9.928 293.018
-45.181 -9.944 293.018
-45.185 -9.986 293.018
-45.188 -10.006 293.018
-45.194 -10.043 293.018
-45.198 -10.067 293.018
-45.205 -10.107 293.018
-45.214 -10.151 293.018
-45.223 -10.181 293.018
-45.233 -10.218 293.018
-45.240 -10.241 293.018
-45.252 -10.285 293.018
-45.266 -10.320 293.018
-45.276 -10.351 293.018
-45.278 -10.359 293.018
-45.295 -10.400 293.018
-45.304 -10.428 293.018
-45.310 -10.449 293.018
-45.322 -10.482 293.018
-45.326 -10.491 293.018
-45.330 -10.501 293.018
-45.343 -10.538 293.018
-45.355 -10.567 293.018
-45.361 -10.587 293.018
-45.368 -10.606 293.018
-45.385 -10.647 293.018
-45.388 -10.657 293.018
-45.402 -10.699 293.018
-45.405 -10.715 293.018
-45.406 -10.723 293.018
-45.419 -10.755 293.018
-45.424 -10.764 293.018
-45.429 -10.772 293.018
-45.432 -10.776 293.018
-45.439 -10.788 293.018
-45.452 -10.820 293.018
-45.456 -10.829 293.018
-45.462 -10.842 293.018
-45.485 -10.879 293.018
-45.488 -10.887 293.018
-45.504 -10.921 293.018
-45.506 -10.927 293.018
-45.515 -10.946 293.018
-45.522 -10.963 293.018
-45.536 -10.987 293.018
-45.555 -11.015 293.018
-45.559 -11.021 293.018
-45.566 -11.032 293.018
-45.579 -11.046 293.018
-45.592 -11.063 293.018
-45.598 -11.073 293.018
-45.619 -11.113 293.018
-45.626 -11.125 293.018
-45.627 -11.130 293.018
-45.638 -11.146 293.018
-45.641 -11.150 293.018
-45.648 -11.159 293.018
-45.664 -11.182 293.018
-45.668 -11.185 293.018
-45.682 -11.204 293.018
-45.688 -11.212 293.018
-45.697 -11.225 293.018
-45.705 -11.235 293.018
-45.712 -11.241 293.018
-45.720 -11.244 293.018
-45.725 -11.249 293.018
-45.739 -11.272 293.018
-45.749 -11.281 293.018
-45.754 -11.281 293.018
-45.763 -11.294 293.018
-45.767 -11.300 293.018
-45.785 -11.321 293.018
-45.795 -11.333 293.018
-45.810 -11.348 293.018
-45.817 -11.353 293.018
-45.829 -11.368 293.018
-45.833 -11.373 293.018
-45.843 -11.378 293.018
-45.849 -11.385 293.018
-45.856 -11.384 293.018
-45.861 -11.390 293.018
-45.866 -11.393 293.018
-45.871 -11.400 293.018
-45.877 -11.398 293.018
-45.885 -11.406 293.018
-45.891 -11.410 293.018
-45.898 -11.417 293.018
-45.907 -11.423 293.018
-45.912 -11.429 293.018
-45.923 -11.433 293.018
-45.930 -11.440 293.018
-45.957 -11.477 293.018
-45.968 -11.487 293.018
-45.987 -11.522 293.018
-46.001 -11.537 293.018
-46.007 -11.537 293.018
-46.013 -11.546 293.018
-46.025 -11.580 293.018
-46.036 -11.587 293.018
-46.051 -11.602 293.018
-46.058 -11.606 293.018
-46.063 -11.608 293.018
-46.075 -11.625 293.018
-46.093 -11.651 293.018
-46.100 -11.669 293.018
-46.104 -11.674 293.018
-46.133 -11.709 293.018
-46.139 -11.717 293.018
-46.149 -11.733 293.018
-46.149 -11.739 293.018
-46.152 -11.746 293.018
-46.149 -11.751 293.018
-46.159 -11.769 293.018
-46.166 -11.784 293.018
-46.169 -11.791 293.018
-46.168 -11.797 293.018
-46.174 -11.816 293.018
-46.178 -11.825 293.018
-46.180 -11.831 293.018
-46.182 -11.837 293.018
-46.186 -11.846 293.018
-46.190 -11.855 293.018
-46.188 -11.862 293.018
-46.192 -11.871 293.018
-46.195 -11.877 293.018
-46.201 -11.891 293.018
-46.197 -11.894 293.018
-46.201 -11.903 293.018
-46.207 -11.917 293.018
-46.207 -11.924 293.018
-46.217 -11.947 293.018
-46.238 -11.983 293.018
-46.241 -11.992 293.018
-46.252 -12.011 293.018
-46.265 -12.034 293.018
-46.267 -12.039 293.018
-46.268 -12.047 293.018
-46.273 -12.059 293.018
-46.282 -12.063 293.018
-46.289 -12.075 293.018
-46.295 -12.084 293.018
-46.298 -12.088 293.018
-46.310 -12.102 293.018
-46.314 -12.106 293.018
-46.320 -12.105 293.018
-46.326 -12.106 293.018
-46.338 -12.127 293.018
-46.344 -12.128 293.018
-46.350 -12.133 293.018
-46.359 -12.142 293.018
-46.364 -12.148 293.018
-46.369 -12.145 293.018
-46.378 -12.157 293.018
-46.384 -12.163 293.018
-46.398 -12.175 293.018
-46.402 -12.180 293.018
-46.417 -12.192 293.018
-46.421 -12.195 293.018
-46.429 -12.202 293.018
-46.434 -12.206 293.018
-46.441 -12.211 293.018
-46.454 -12.225 293.018
-46.459 -12.228 293.018
-46.466 -12.233 293.018
-46.491 -12.270 293.018
-46.498 -12.278 293.018
-46.511 -12.293 293.018
-46.519 -12.300 293.018
-46.524 -12.307 293.018
-46.532 -12.310 293.018
-46.536 -12.313 293.018
-46.547 -12.326 293.018
-46.557 -12.334 293.018
-46.589 -12.366 293.018
-46.589 -12.372 293.018
-46.602 -12.390 293.018
-46.605 -12.395 293.018
-46.612 -12.408 293.018
-46.616 -12.414 293.018
-46.619 -12.421 293.018
-46.623 -12.436 293.018
-46.639 -12.461 293.018
-46.640 -12.469 293.018
-46.642 -12.480 293.018
-46.648 -12.495 293.018
-46.655 -12.511 293.018
-46.660 -12.527 293.018
-46.663 -12.535 293.018
-46.674 -12.559 293.018
-46.681 -12.573 293.018
-46.686 -12.589 293.018
-46.700 -12.615 293.018
-46.703 -12.625 293.018
-46.704 -12.631 293.018
-46.713 -12.651 293.018
-46.720 -12.670 293.018
-46.726 -12.684 293.018
-46.736 -12.701 293.018
-46.745 -12.721 293.018
-46.757 -12.743 293.018
-46.765 -12.762 293.018
-46.768 -12.767 293.018
-46.775 -12.781 293.018
-46.789 -12.810 293.018
-46.798 -12.831 293.018
-46.805 -12.844 293.018
-46.802 -12.851 293.018
-46.805 -12.860 293.018
-46.808 -12.866 293.018
-46.822 -12.896 293.018
-46.821 -12.903 293.018
-46.832 -12.922 293.018
-46.834 -12.934 293.018
-46.842 -12.952 293.018
-46.851 -12.969 293.018
-46.849 -12.974 293.018
-46.851 -12.979 293.018
-46.857 -12.994 293.018
-46.866 -13.012 293.018
-46.866 -13.020 293.018
-46.884 -13.055 293.018
-46.887 -13.066 293.018
-46.890 -13.077 293.018
-46.903 -13.106 293.018
-46.922 -13.140 293.018
-46.943 -13.167 293.018
-46.957 -13.190 293.018
-46.962 -13.200 293.018
-46.965 -13.207 293.018
-46.975 -13.231 293.018
-46.986 -13.253 293.018
-46.998 -13.274 293.018
-47.020 -13.300 293.018
-47.028 -13.317 293.018
-47.032 -13.328 293.018
-47.034 -13.335 293.018
-47.044 -13.353 293.018
-47.047 -13.362 293.018
-47.056 -13.382 293.018
-47.059 -13.388 293.018
-47.062 -13.394 293.018
-47.067 -13.405 293.018
-47.072 -13.415 293.018
-47.078 -13.432 293.018
-47.082 -13.444 293.018
-47.091 -13.458 293.018
-47.103 -13.476 293.018
-47.107 -13.483 293.018
-47.131 -13.521 293.018
-47.140 -13.538 293.018
-47.147 -13.555 293.018
-47.161 -13.587 293.018
-47.163 -13.592 293.018
-47.171 -13.615 293.018
-47.174 -13.621 293.018
-47.178 -13.627 293.018
-47.183 -13.634 293.018
-47.190 -13.649 293.018
-47.203 -13.681 293.018
-47.211 -13.697 293.018
-47.220 -13.715 293.018
-47.230 -13.735 293.018
-47.237 -13.749 293.018
-47.253 -13.784 293.018
-47.265 -13.812 293.018
-47.265 -13.818 293.018
-47.274 -13.847 293.018
-47.280 -13.860 293.018
-47.276 -13.863 293.018
-47.277 -13.877 293.018
-47.278 -13.886 293.018
-47.284 -13.898 293.018
-47.287 -13.907 293.018
-47.290 -13.913 293.018
-47.297 -13.927 293.018
-47.299 -13.936 293.018
-47.320 -13.971 293.018
-47.319 -13.979 293.018
-47.334 -14.011 293.018
-47.346 -14.032 293.018
-47.350 -14.041 293.018
-47.360 -14.059 293.018
-47.367 -14.065 293.018
-47.377 -14.078 293.018
-47.389 -14.095 293.018
-47.401 -14.114 293.018
-47.406 -14.118 293.018
-47.418 -14.138 293.018
-47.432 -14.153 293.018
-47.449 -14.185 293.018
-47.463 -14.206 293.018
-47.472 -14.233 293.018
-47.484 -14.254 293.018
-47.491 -14.267 293.018
-47.496 -14.277 293.018
-47.501 -14.287 293.018
-47.504 -14.292 293.018
-47.507 -14.297 293.018
-47.515 -14.310 293.018
-47.520 -14.319 293.018
-47.531 -14.340 293.018
-47.539 -14.356 293.018
-47.557 -14.389 293.018
-47.570 -14.412 293.018
-47.575 -14.425 293.018
-47.597 -14.461 293.018
-47.599 -14.466 293.018
-47.599 -14.471 293.018
-47.601 -14.477 293.018
-47.607 -14.486 293.018
-47.625 -14.522 293.018
-47.629 -14.531 293.018
-47.644 -14.560 293.018
-47.657 -14.586 293.018
-47.664 -14.599 293.018
-47.672 -14.608 293.018
-47.694 -14.638 293.018
-47.697 -14.642 293.018
-47.713 -14.665 293.018
-47.728 -14.682 293.018
-47.734 -14.689 293.018
-47.747 -14.707 293.018
-47.756 -14.720 293.018
-47.769 -14.739 293.018
-47.786 -14.758 293.018
-47.803 -14.783 293.018
-47.807 -14.791 293.018
-47.816 -14.804 293.018
-47.820 -14.810 293.018
-47.826 -14.820 293.018
-47.828 -14.825 293.018
-47.831 -14.835 293.018
-47.842 -14.854 293.018
-47.853 -14.871 293.018
-47.860 -14.885 293.018
-47.862 -14.890 293.018
-47.865 -14.896 293.018
-47.869 -14.905 293.018
-47.881 -14.924 293.018
-47.885 -14.933 293.018
-47.905 -14.965 293.018
-47.927 -14.995 293.018
-47.945 -15.022 293.018
-47.950 -15.028 293.018
-47.961 -15.044 293.018
-47.967 -15.053 293.018
-47.973 -15.062 293.018
-47.990 -15.086 293.018
-48.001 -15.099 293.018
-48.021 -15.128 293.018
-48.031 -15.148 293.018
-48.043 -15.169 293.018
-48.046 -15.173 293.018
-48.052 -15.180 293.018
-48.061 -15.192 293.018
-48.074 -15.210 293.018
-48.077 -15.214 293.018
-48.103 -15.248 293.018
-48.116 -15.270 293.018
-48.131 -15.293 293.018
-48.141 -15.307 293.018
-48.155 -15.331 293.018
-48.167 -15.357 293.018
-48.175 -15.373 293.018
-48.181 -15.384 293.018
-48.185 -15.397 293.018
-48.198 -15.419 293.018
-48.205 -15.428 293.018
-48.213 -15.438 293.018
-48.227 -15.451 293.018
-48.234 -15.456 293.018
-48.239 -15.462 293.018
-48.265 -15.480 293.018
-48.273 -15.487 293.018
-48.282 -15.497 293.018
-48.293 -15.506 293.018
-48.307 -15.521 293.018
-48.320 -15.534 293.018
-48.328 -15.539 293.018
-48.333 -15.546 293.018
-48.339 -15.548 293.018
-48.357 -15.575 293.018
-48.362 -15.593 293.018
-48.368 -15.600 293.018
-48.372 -15.605 293.018
-48.377 -15.616 293.018
-48.394 -15.638 293.018
-48.399 -15.644 293.018
-48.402 -15.648 293.018
-48.416 -15.673 293.018
-48.438 -15.702 293.018
-48.445 -15.711 293.018
-48.450 -15.721 293.018
-48.457 -15.731 293.018
-48.465 -15.742 293.018
-48.475 -15.755 293.018
-48.482 -15.765 293.018
-48.485 -15.771 293.018
-48.502 -15.793 293.018
-48.504 -15.798 293.018
-48.506 -15.807 293.018
-48.514 -15.818 293.018
-48.524 -15.839 293.018
-48.532 -15.849 293.018
-48.547 -15.879 293.018
-48.557 -15.894 293.018
-48.563 -15.910 293.018
-48.574 -15.926 293.018
-48.579 -15.933 293.018
-48.593 -15.952 293.018
-48.599 -15.958 293.018
-48.605 -15.965 293.018
-48.616 -15.978 293.018
-48.623 -15.984 293.018
-48.633 -15.998 293.018
-48.649 -16.021 293.018
-48.662 -16.037 293.018
-48.671 -16.049 293.018
-48.697 -16.081 293.018
-48.707 -16.095 293.018
-48.717 -16.108 293.018
-48.720 -16.112 293.018
-48.725 -16.118 293.018
-48.738 -16.138 293.018
-48.747 -16.151 293.018
-48.764 -16.173 293.018
-48.779 -16.200 293.018
-48.786 -16.207 293.018
-48.797 -16.226 293.018
-48.807 -16.240 293.018
-48.821 -16.273 293.018
-48.826 -16.281 293.018
-48.829 -16.287 293.018
-48.844 -16.302 293.018
-48.855 -16.329 293.018
-48.860 -16.337 293.018
-48.865 -16.344 293.018
-48.887 -16.374 293.018
-48.904 -16.397 293.018
-48.920 -16.420 293.018
-48.932 -16.438 293.018
-48.947 -16.460 293.018
-48.970 -16.495 293.018
-48.996 -16.529 293.018
-49.004 -16.543 293.018
-49.011 -16.559 293.018
-49.019 -16.571 293.018
-49.027 -16.589 293.018
-49.032 -16.597 293.018
-49.052 -16.626 293.018
-49.056 -16.639 293.018
-49.060 -16.650 293.018
-49.076 -16.674 293.018
-49.094 -16.700 293.018
-49.120 -16.736 293.018
-49.127 -16.748 293.018
-49.148 -16.773 293.018
-49.156 -16.781 293.018
-49.165 -16.792 293.018
-49.172 -16.797 293.018
-49.194 -16.828 293.018
-49.202 -16.845 293.018
-49.212 -16.863 293.018
-49.213 -16.869 293.018
-49.212 -16.874 293.018
-49.224 -16.895 293.018
-49.225 -16.900 293.018
-49.232 -16.909 293.018
-49.257 -16.945 293.018
-49.266 -16.959 293.018
-49.281 -16.980 293.018
-49.295 -17.014 293.018
-49.307 -17.032 293.018
-49.314 -17.049 293.018
-49.325 -17.067 293.018
-49.328 -17.072 293.018
-49.334 -17.086 293.018
-49.339 -17.092 293.018
-49.361 -17.126 293.018
-49.376 -17.147 293.018
-49.395 -17.175 293.018
-49.405 -17.189 293.018
-49.410 -17.196 293.018
-49.433 -17.231 293.018
-49.456 -17.263 293.018
-49.462 -17.274 293.018
-49.475 -17.291 293.018
-49.488 -17.310 293.018
-49.497 -17.318 293.018
-49.504 -17.328 293.018
-49.523 -17.355 293.018
-49.543 -17.384 293.018
-49.555 -17.403 293.018
-49.577 -17.427 293.018
-49.584 -17.432 293.018
-49.590 -17.433 293.018
-49.601 -17.445 293.018
-49.612 -17.456 293.018
-49.627 -17.474 293.018
-49.651 -17.501 293.018
-49.655 -17.504 293.018
-49.659 -17.508 293.018
-49.675 -17.531 293.018
-49.690 -17.555 293.018
-49.696 -17.568 293.018
-49.699 -17.574 293.018
-49.707 -17.591 293.018
-49.723 -17.617 293.018
-49.726 -17.622 293.018
-49.730 -17.631 293.018
-49.736 -17.647 293.018
-49.738 -17.652 293.018
-49.741 -17.658 293.018
-49.748 -17.669 293.018
-49.753 -17.680 293.018
-49.753 -17.685 293.018
-49.778 -17.721 293.018
-49.787 -17.730 293.018
-49.808 -17.762 293.018
-49.819 -17.781 293.018
-49.827 -17.797 293.018
-49.832 -17.804 293.018
-49.857 -17.840 293.018
-49.860 -17.846 293.018
-49.869 -17.862 293.018
-49.879 -17.877 293.018
-49.887 -17.889 293.018
-49.888 -17.894 293.018
-49.891 -17.902 293.018
-49.899 -17.917 293.018
-49.910 -17.940 293.018
-49.914 -17.946 293.018
-49.917 -17.953 293.018
-49.930 -17.974 293.018
-49.934 -17.982 293.018
-49.940 -17.995 293.018
-49.942 -18.000 293.018
-49.945 -18.008 293.018
-49.967 -18.040 293.018
-49.993 -18.068 293.018
-50.011 -18.089 293.018
-50.037 -18.117 293.018
-50.052 -18.133 293.018
-50.069 -18.151 293.018
-50.087 -18.168 293.018
-50.096 -18.176 293.018
-50.125 -18.208 293.018
-50.140 -18.227 293.018
-50.150 -18.236 293.018
-50.187 -18.261 293.018
-50.189 -18.266 293.018
-50.203 -18.282 293.018
-50.214 -18.296 293.018
-50.221 -18.303 293.018
-50.228 -18.312 293.018
-50.236 -18.326 293.018
-50.255 -18.348 293.018
-50.284 -18.379 293.018
-50.301 -18.396 293.018
-50.309 -18.404 293.018
-50.322 -18.415 293.018
-50.331 -18.424 293.018
-50.351 -18.440 293.018
-50.356 -18.445 293.018
-50.360 -18.449 293.018
-50.384 -18.469 293.018
-50.396 -18.486 293.018
-50.422 -18.521 293.018
-50.433 -18.533 293.018
-50.442 -18.541 293.018
-50.446 -18.544 293.018
-50.451 -18.546 293.018
-50.460 -18.551 293.018
-50.470 -18.561 293.018
-50.474 -18.565 293.018
-50.482 -18.570 293.018
-50.491 -18.577 293.018
-50.495 -18.581 293.018
-50.504 -18.587 293.018
-50.509 -18.591 293.018
-50.515 -18.593 293.018
-50.522 -18.600 293.018
-50.530 -18.605 293.018
-50.543 -18.611 293.018
-50.555 -18.615 293.018
-50.563 -18.615 293.018
-50.568 -18.618 293.018
-50.581 -18.619 293.018
-50.590 -18.625 293.018
-50.605 -18.629 293.018
-50.617 -18.633 293.018
-50.636 -18.638 293.018
-50.643 -18.641 293.018
-50.650 -18.644 293.018
-50.656 -18.645 293.018
-50.665 -18.650 293.018
-50.670 -18.651 293.018
-50.681 -18.653 293.018
-50.714 -18.661 293.018
-50.728 -18.663 293.018
-50.737 -18.664 293.018
-50.742 -18.664 293.018
-50.756 -18.668 293.018
-50.764 -18.668 293.018
-50.772 -18.664 293.018
-50.780 -18.667 293.018
-50.787 -18.665 293.018
-50.793 -18.668 293.018
-50.803 -18.669 293.018
-50.811 -18.668 293.018
-50.821 -18.669 293.018
-50.841 -18.669 293.018
-50.885 -18.679 293.018
-50.907 -18.685 293.018
-50.920 -18.688 293.018
-50.926 -18.690 293.018
-50.935 -18.692 293.018
-50.941 -18.695 293.018
-50.952 -18.699 293.018
-50.962 -18.705 293.018
-50.967 -18.707 293.018
-50.977 -18.710 293.018
-50.986 -18.717 293.018
-50.985 -18.722 293.018
-50.996 -18.728 293.018
-50.999 -18.732 293.018
-51.001 -18.737 293.018
-51.016 -18.744 293.018
-51.020 -18.752 293.018
-51.033 -18.758 293.018
-51.036 -18.763 293.018
-51.036 -18.771 293.018
-51.043 -18.776 293.018
-51.055 -18.790 293.018
-51.064 -18.797 293.018
-51.071 -18.802 293.018
-51.084 -18.816 293.018
-51.087 -18.820 293.018
-51.098 -18.830 293.018
-51.106 -18.835 293.018
-51.112 -18.842 293.018
-51.120 -18.855 293.018
-51.124 -18.862 293.018
-51.127 -18.868 293.018
-51.135 -18.872 293.018
-51.137 -18.879 293.018
-51.144 -18.883 293.018
-51.149 -18.892 293.018
-51.158 -18.898 293.018
-51.163 -18.906 293.018
-51.162 -18.911 293.018
-51.167 -18.924 293.018
-51.170 -18.930 293.018
-51.177 -18.939 293.018
-51.182 -18.949 293.018
-51.188 -18.958 293.018
-51.196 -18.967 293.018
-51.196 -18.973 293.018
-51.206 -18.982 293.018
-51.209 -18.986 293.018
-51.212 -18.990 293.018
-51.212 -18.995 293.018
-51.221 -19.010 293.018
-51.228 -19.019 293.018
-51.235 -19.030 293.018
-51.236 -19.035 293.018
-51.239 -19.041 293.018
-51.249 -19.051 293.018
-51.256 -19.061 293.018
-51.257 -19.070 293.018
-51.258 -19.075 293.018
-51.265 -19.085 293.018
-51.268 -19.095 293.018
-51.270 -19.102 293.018
-51.272 -19.115 293.018
-51.276 -19.127 293.018
-51.276 -19.132 293.018
-51.280 -19.143 293.018
-51.278 -19.151 293.018
-51.282 -19.159 293.018
-51.274 -19.170 293.018
-51.272 -19.185 293.018
-51.273 -19.191 293.018
-51.276 -19.196 293.018
-51.273 -19.200 293.018
-51.275 -19.205 293.018
-51.272 -19.210 293.018
-51.269 -19.214 293.018
-51.271 -19.224 293.018
-51.266 -19.238 293.018
-51.266 -19.249 293.018
-51.282 -19.270 293.018
-51.288 -19.284 293.018
-51.295 -19.292 293.018
-51.305 -19.310 293.018
-51.316 -19.321 293.018
-51.322 -19.332 293.018
-51.329 -19.339 293.018
-51.332 -19.343 293.018
-51.335 -19.348 293.018
-51.338 -19.355 293.018
-51.343 -19.366 293.018
-51.349 -19.380 293.018
-51.358 -19.400 293.018
-51.364 -19.411 293.018
-51.365 -19.418 293.018
-51.374 -19.431 293.018
-51.371 -19.435 293.018
-51.381 -19.455 293.018
-51.390 -19.467 293.018
-51.406 -19.485 293.018
-51.420 -19.500 293.018
-51.435 -19.518 293.018
-51.451 -19.537 293.018
-51.456 -19.544 293.018
-51.474 -19.563 293.018
-51.490 -19.579 293.018
-51.506 -19.598 293.018
-51.522 -19.615 293.018
-51.525 -19.620 293.018
-51.555 -19.651 293.018
-51.557 -19.659 293.018
-51.569 -19.678 293.018
-51.576 -19.688 293.018
-51.573 -19.692 293.018
-51.573 -19.697 293.018
-51.578 -19.707 293.018
-51.581 -19.713 293.018
-51.580 -19.723 293.018
-51.587 -19.737 293.018
-51.607 -19.759 293.018
-51.610 -19.765 293.018
-51.621 -19.778 293.018
-51.642 -19.799 293.018
-51.662 -19.824 293.018
-51.681 -19.846 293.018
-51.686 -19.852 293.018
-51.692 -19.861 293.018
-51.697 -19.869 293.018
-51.714 -19.891 293.018
-51.726 -19.908 293.018
-51.751 -19.938 293.018
-51.757 -19.946 293.018
-51.774 -19.966 293.018
-51.793 -19.982 293.018
-51.803 -19.990 293.018
-51.813 -19.998 293.018
-51.830 -20.014 293.018
-51.849 -20.027 293.018
-51.875 -20.053 293.018
-51.882 -20.066 293.018
-51.891 -20.079 293.018
-51.899 -20.090 293.018
-51.906 -20.099 293.018
-51.910 -20.106 293.018
-51.918 -20.113 293.018
-51.936 -20.130 293.018
-51.955 -20.149 293.018
-51.970 -20.162 293.018
-52.003 -20.189 293.018
-52.034 -20.213 293.018
-52.042 -20.223 293.018
-52.052 -20.233 293.018
-52.078 -20.259 293.018
-52.089 -20.269 293.018
-52.096 -20.275 293.018
-52.124 -20.301 293.018
-52.131 -20.307 293.018
-52.140 -20.310 293.018
-52.165 -20.338 293.018
-52.168 -20.342 293.018
-52.194 -20.368 293.018
-52.214 -20.391 293.018
-52.235 -20.411 293.018
-52.258 -20.432 293.018
-52.287 -20.457 293.018
-52.300 -20.470 293.018
-52.323 -20.490 293.018
-52.347 -20.515 293.018
-52.358 -20.528 293.018
-52.362 -20.531 293.018
