-45.925 -3.269 284.079
-45.922 -3.264 284.079
-45.921 -3.260 284.079
-45.918 -3.253 284.079
-45.915 -3.246 284.079
-45.913 -3.241 284.079
-45.910 -3.235 284.079
-45.907 -3.229 284.079
-45.903 -3.220 284.079
-45.902 -3.216 284.079
-45.901 -3.211 284.079
-45.898 -3.207 284.079
-45.896 -3.203 284.079
-45.894 -3.198 284.079
-45.892 -3.194 284.079
-45.889 -3.187 284.079
-45.885 -3.178 284.079
-45.882 -3.170 284.079
-45.879 -3.163 284.079
-45.877 -3.158 284.079
-45.874 -3.152 284.079
-45.866 -3.141 284.079
-45.852 -3.117 284.079
-45.847 -3.107 284.079
-45.846 -3.102 284.079
-45.842 -3.097 284.079
-45.841 -3.093 284.079
-45.840 -3.087 284.079
-45.835 -3.079 284.079
-45.828 -3.070 284.079
-45.825 -3.061 284.079
-45.826 -3.055 284.079
-45.814 -3.039 284.079
-45.798 -3.015 284.079
-45.787 -2.996 284.079
-45.789 -2.990 284.079
-45.780 -2.975 284.079
-45.762 -2.948 284.079
-45.755 -2.935 284.079
-45.751 -2.926 284.079
-45.744 -2.911 284.079
-45.732 -2.892 284.079
-45.706 -2.857 284.079
-45.702 -2.853 284.079
-45.698 -2.849 284.079
-45.693 -2.841 284.079
-45.685 -2.831 284.079
-45.680 -2.824 284.079
-45.678 -2.817 284.079
-45.675 -2.812 284.079
-45.671 -2.804 284.079
-45.669 -2.797 284.079
-45.668 -2.792 284.079
-45.663 -2.785 284.079
-45.656 -2.774 284.079
-45.654 -2.770 284.079
-45.647 -2.759 284.079
-45.642 -2.751 284.079
-45.635 -2.739 284.079
-45.631 -2.730 284.079
-45.629 -2.726 284.079
-45.626 -2.721 284.079
-45.624 -2.717 284.079
-45.621 -2.711 284.079
-45.620 -2.707 284.079
-45.617 -2.701 284.079
-45.614 -2.695 284.079
-45.612 -2.690 284.079
-45.610 -2.686 284.079
-45.608 -2.681 284.079
-45.606 -2.677 284.079
-45.604 -2.673 284.079
-45.601 -2.666 284.079
-45.599 -2.661 284.079
-45.597 -2.657 284.079
-45.595 -2.652 284.079
-45.592 -2.646 284.079
-45.590 -2.642 284.079
-45.587 -2.636 284.079
-45.586 -2.632 284.079
-45.581 -2.625 284.079
-45.578 -2.619 284.079
-45.577 -2.613 284.079
-45.572 -2.606 284.079
-45.566 -2.597 284.079
-45.564 -2.592 284.079
-45.563 -2.588 284.079
-45.561 -2.581 284.079
-45.556 -2.572 284.079
-45.554 -2.567 284.079
-45.553 -2.562 284.079
-45.551 -2.558 284.079
-45.550 -2.552 284.079
-45.548 -2.548 284.079
-45.545 -2.537 284.079
-45.542 -2.529 284.079
-45.540 -2.524 284.079
-45.539 -2.519 284.079
-45.537 -2.514 284.079
-45.535 -2.510 284.079
-45.533 -2.503 284.079
-45.530 -2.498 284.079
-45.529 -2.493 284.079
-45.527 -2.488 284.079
-45.525 -2.483 284.079
-45.523 -2.478 284.079
-45.521 -2.473 284.079
-45.519 -2.467 284.079
-45.518 -2.463 284.079
-45.515 -2.456 284.079
-45.514 -2.451 284.079
-45.511 -2.446 284.079
-45.510 -2.441 284.079
-45.508 -2.437 284.079
-45.505 -2.429 284.079
-45.502 -2.421 284.079
-45.500 -2.417 284.079
-45.499 -2.412 284.079
-45.496 -2.406 284.079
-45.495 -2.401 284.079
-45.494 -2.397 284.079
-45.492 -2.393 284.079
-45.490 -2.388 284.079
-45.488 -2.384 284.079
-45.487 -2.379 284.079
-45.484 -2.374 284.079
-45.483 -2.369 284.079
-45.481 -2.365 284.079
-45.479 -2.358 284.079
-45.476 -2.352 284.079
-45.474 -2.347 284.079
-45.473 -2.343 284.079
-45.472 -2.339 284.079
-45.469 -2.331 284.079
-45.467 -2.326 284.079
-45.465 -2.322 284.079
-45.464 -2.318 284.079
-45.463 -2.314 284.079
-45.462 -2.310 284.079
-45.460 -2.306 284.079
-45.459 -2.301 284.079
-45.457 -2.297 284.079
-45.455 -2.292 284.079
-45.453 -2.287 284.079
-45.452 -2.282 284.079
-45.451 -2.278 284.079
-45.450 -2.273 284.079
-45.448 -2.265 284.079
-45.447 -2.259 284.079
-45.446 -2.255 284.079
-45.443 -2.249 284.079
-45.442 -2.243 284.079
-45.441 -2.237 284.079
-45.438 -2.231 284.079
-45.438 -2.225 284.079
-45.434 -2.219 284.079
-45.434 -2.214 284.079
-45.430 -2.203 284.079
-45.428 -2.198 284.079
-45.425 -2.188 284.079
-45.419 -2.180 284.079
-45.416 -2.173 284.079
-45.415 -2.164 284.079
-45.410 -2.156 284.079
-45.410 -2.151 284.079
-45.409 -2.147 284.079
-45.407 -2.143 284.079
-45.401 -2.136 284.079
-45.404 -2.133 284.079
-45.399 -2.127 284.079
-45.398 -2.122 284.079
-45.394 -2.114 284.079
-45.388 -2.105 284.079
-45.386 -2.097 284.079
-45.382 -2.089 284.079
-45.379 -2.082 284.079
-45.378 -2.078 284.079
-45.374 -2.072 284.079
-45.359 -2.051 284.079
-45.362 -2.048 284.079
-45.353 -2.029 284.079
-45.351 -2.022 284.079
-45.340 -2.009 284.079
-45.337 -2.001 284.079
-45.331 -1.987 284.079
-45.328 -1.981 284.079
-45.324 -1.974 284.079
-45.327 -1.971 284.079
-45.316 -1.957 284.079
-45.314 -1.950 284.079
-45.312 -1.946 284.079
-45.306 -1.936 284.079
-45.305 -1.932 284.079
-45.300 -1.925 284.079
-45.301 -1.920 284.079
-45.297 -1.914 284.079
-45.293 -1.905 284.079
-45.287 -1.894 284.079
-45.284 -1.882 284.079
-45.281 -1.878 284.079
-45.279 -1.872 284.079
-45.277 -1.868 284.079
-45.277 -1.862 284.079
-45.272 -1.856 284.079
-45.270 -1.849 284.079
-45.268 -1.841 284.079
-45.262 -1.834 284.079
-45.259 -1.827 284.079
-45.258 -1.821 284.079
-45.255 -1.817 284.079
-45.251 -1.809 284.079
-45.249 -1.803 284.079
-45.246 -1.799 284.079
-45.240 -1.789 284.079
-45.238 -1.785 284.079
-45.235 -1.780 284.079
-45.231 -1.774 284.079
-45.230 -1.770 284.079
-45.227 -1.765 284.079
-45.224 -1.760 284.079
-45.221 -1.754 284.079
-45.218 -1.748 284.079
-45.209 -1.737 284.079
-45.199 -1.722 284.079
-45.193 -1.712 284.079
-45.189 -1.706 284.079
-45.185 -1.700 284.079
-45.181 -1.694 284.079
-45.178 -1.688 284.079
-45.176 -1.681 284.079
-45.172 -1.676 284.079
-45.169 -1.671 284.079
-45.164 -1.662 284.079
-45.161 -1.655 284.079
-45.159 -1.650 284.079
-45.153 -1.639 284.079
-45.151 -1.634 284.079
-45.150 -1.630 284.079
-45.145 -1.624 284.079
-45.143 -1.620 284.079
-45.140 -1.611 284.079
-45.134 -1.603 284.079
-45.133 -1.599 284.079
-45.130 -1.592 284.079
-45.128 -1.587 284.079
-45.125 -1.581 284.079
-45.121 -1.574 284.079
-45.119 -1.567 284.079
-45.113 -1.560 284.079
-45.111 -1.552 284.079
-45.105 -1.544 284.079
-45.101 -1.538 284.079
-45.095 -1.529 284.079
-45.090 -1.520 284.079
-45.087 -1.514 284.079
-45.077 -1.498 284.079
-45.074 -1.492 284.079
-45.069 -1.486 284.079
-45.061 -1.474 284.079
-45.057 -1.468 284.079
-45.048 -1.454 284.079
-45.041 -1.445 284.079
-45.034 -1.434 284.079
-45.026 -1.422 284.079
-45.021 -1.413 284.079
-45.017 -1.408 284.079
-45.011 -1.399 284.079
-45.007 -1.393 284.079
-45.002 -1.385 284.079
-44.995 -1.374 284.079
-44.993 -1.370 284.079
-44.990 -1.366 284.079
-44.987 -1.363 284.079
-44.984 -1.359 284.079
-44.983 -1.355 284.079
-44.978 -1.350 284.079
-44.972 -1.339 284.079
-44.971 -1.335 284.079
-44.968 -1.331 284.079
-44.963 -1.324 284.079
-44.957 -1.318 284.079
-44.956 -1.313 284.079
-44.952 -1.309 284.079
-44.946 -1.301 284.079
-44.943 -1.294 284.079
-44.929 -1.279 284.079
-44.924 -1.272 284.079
-44.906 -1.255 284.079
-44.899 -1.246 284.079
-44.889 -1.235 284.079
-44.884 -1.229 284.079
-44.873 -1.217 284.079
-44.870 -1.213 284.079
-44.862 -1.203 284.079
-44.850 -1.190 284.079
-44.841 -1.181 284.079
-44.835 -1.175 284.079
-44.829 -1.168 284.079
-44.823 -1.162 284.079
-44.817 -1.155 284.079
-44.788 -1.126 284.079
-44.777 -1.116 284.079
-44.764 -1.105 284.079
-44.751 -1.093 284.079
-44.739 -1.082 284.079
-44.735 -1.079 284.079
-44.724 -1.070 284.079
-44.707 -1.055 284.079
-44.689 -1.040 284.079
-44.668 -1.020 284.079
-44.653 -1.005 284.079
-44.642 -0.994 284.079
-44.632 -0.983 284.079
-44.615 -0.968 284.079
-44.612 -0.963 284.079
-44.606 -0.957 284.079
-44.572 -0.927 284.079
-44.570 -0.923 284.079
-44.564 -0.918 284.079
-44.531 -0.890 284.079
-44.525 -0.885 284.079
-44.522 -0.882 284.079
-44.508 -0.869 284.079
-44.487 -0.852 284.079
-44.480 -0.845 284.079
-44.463 -0.830 284.079
-44.457 -0.824 284.079
-44.441 -0.812 284.079
-44.432 -0.805 284.079
-44.422 -0.796 284.079
-44.385 -0.772 284.079
-44.374 -0.763 284.079
-44.363 -0.756 284.079
-44.354 -0.750 284.079
-44.348 -0.744 284.079
-44.341 -0.742 284.079
-44.330 -0.735 284.079
-44.324 -0.730 284.079
-44.314 -0.724 284.079
-44.300 -0.714 284.079
-44.298 -0.710 284.079
-44.294 -0.704 284.079
-44.290 -0.698 284.079
-44.285 -0.691 284.079
-44.276 -0.679 284.079
-44.270 -0.670 284.079
-44.265 -0.664 284.079
-44.262 -0.659 284.079
-44.232 -0.627 284.079
-44.229 -0.624 284.079
-44.223 -0.619 284.079
-44.215 -0.612 284.079
-44.196 -0.593 284.079
-44.186 -0.584 284.079
-44.176 -0.575 284.079
-44.170 -0.571 284.079
-44.157 -0.558 284.079
-44.153 -0.556 284.079
-44.142 -0.546 284.079
-44.132 -0.537 284.079
-44.127 -0.534 284.079
-44.119 -0.527 284.079
-44.108 -0.516 284.079
-44.102 -0.512 284.079
-44.093 -0.503 284.079
-44.081 -0.490 284.079
-44.069 -0.478 284.079
-44.062 -0.471 284.079
-44.046 -0.456 284.079
-44.019 -0.427 284.079
-44.006 -0.415 284.079
-43.979 -0.387 284.079
-43.964 -0.372 284.079
-43.960 -0.368 284.079
-43.952 -0.360 284.079
-43.948 -0.357 284.079
-43.940 -0.347 284.079
-43.933 -0.338 284.079
-43.928 -0.332 284.079
-43.925 -0.328 284.079
-43.921 -0.323 284.079
-43.916 -0.316 284.079
-43.904 -0.302 284.079
-43.900 -0.296 284.079
-43.895 -0.289 284.079
-43.888 -0.280 284.079
-43.881 -0.270 284.079
-43.878 -0.266 284.079
-43.873 -0.259 284.079
-43.869 -0.253 284.079
-43.864 -0.246 284.079
-43.860 -0.241 284.079
-43.855 -0.233 284.079
-43.849 -0.225 284.079
-43.844 -0.218 284.079
-43.840 -0.213 284.079
-43.831 -0.201 284.079
-43.825 -0.191 284.079
-43.823 -0.187 284.079
-43.818 -0.181 284.079
-43.813 -0.174 284.079
-43.808 -0.167 284.079
-43.801 -0.157 284.079
-43.797 -0.150 284.079
-43.793 -0.144 284.079
-43.789 -0.138 284.079
-43.782 -0.129 284.079
-43.776 -0.120 284.079
-43.773 -0.115 284.079
-43.764 -0.102 284.079
-43.760 -0.096 284.079
-43.755 -0.087 284.079
-43.750 -0.077 284.079
-43.745 -0.070 284.079
-43.745 -0.066 284.079
-43.741 -0.061 284.079
-43.739 -0.053 284.079
-43.732 -0.045 284.079
-43.733 -0.041 284.079
-43.730 -0.037 284.079
-43.727 -0.031 284.079
-43.722 -0.024 284.079
-43.717 -0.017 284.079
-43.711 -0.010 284.079
-43.704 0.002 284.079
-43.699 0.009 284.079
-43.698 0.015 284.079
-43.694 0.020 284.079
-43.680 0.037 284.079
-43.678 0.044 284.079
-43.667 0.056 284.079
-43.660 0.064 284.079
-43.651 0.078 284.079
-43.641 0.090 284.079
-43.638 0.094 284.079
-43.632 0.101 284.079
-43.627 0.108 284.079
-43.626 0.112 284.079
-43.614 0.126 284.079
-43.603 0.142 284.079
-43.598 0.148 284.079
-43.595 0.152 284.079
-43.587 0.162 284.079
-43.579 0.172 284.079
-43.577 0.177 284.079
-43.568 0.190 284.079
-43.564 0.196 284.079
-43.557 0.204 284.079
-43.549 0.213 284.079
-43.546 0.218 284.079
-43.541 0.225 284.079
-43.535 0.232 284.079
-43.526 0.243 284.079
-43.519 0.254 284.079
-43.516 0.259 284.079
-43.500 0.279 284.079
-43.494 0.288 284.079
-43.482 0.303 284.079
-43.470 0.319 284.079
-43.467 0.326 284.079
-43.451 0.344 284.079
-43.448 0.348 284.079
-43.442 0.356 284.079
-43.433 0.367 284.079
-43.430 0.373 284.079
-43.423 0.381 284.079
-43.412 0.395 284.079
-43.388 0.424 284.079
-43.375 0.440 284.079
-43.371 0.446 284.079
-43.357 0.461 284.079
-43.341 0.478 284.079
-43.338 0.483 284.079
-43.328 0.494 284.079
-43.320 0.504 284.079
-43.313 0.512 284.079
-43.295 0.532 284.079
-43.295 0.537 284.079
-43.284 0.553 284.079
-43.277 0.564 284.079
-43.275 0.573 284.079
-43.274 0.578 284.079
-43.263 0.594 284.079
-43.260 0.605 284.079
-43.256 0.615 284.079
-43.252 0.623 284.079
-43.250 0.629 284.079
-43.249 0.634 284.079
-43.246 0.644 284.079
-43.242 0.652 284.079
-43.243 0.657 284.079
-43.239 0.663 284.079
-43.236 0.667 284.079
-43.233 0.677 284.079
-43.232 0.681 284.079
-43.229 0.685 284.079
-43.226 0.690 284.079
-43.226 0.698 284.079
-43.218 0.712 284.079
-43.215 0.716 284.079
-43.209 0.726 284.079
-43.205 0.733 284.079
-43.203 0.737 284.079
-43.199 0.744 284.079
-43.196 0.751 284.079
-43.192 0.760 284.079
-43.186 0.768 284.079
-43.182 0.773 284.079
-43.178 0.780 284.079
-43.175 0.785 284.079
-43.166 0.796 284.079
-43.165 0.800 284.079
-43.164 0.804 284.079
-43.157 0.814 284.079
-43.156 0.818 284.079
-43.154 0.824 284.079
-43.149 0.831 284.079
-43.144 0.836 284.079
-43.141 0.841 284.079
-43.136 0.849 284.079
-43.134 0.855 284.079
-43.130 0.861 284.079
-43.123 0.868 284.079
-43.121 0.872 284.079
-43.118 0.875 284.079
-43.111 0.882 284.079
-43.107 0.887 284.079
-43.103 0.892 284.079
-43.100 0.896 284.079
-43.095 0.902 284.079
-43.093 0.906 284.079
-43.085 0.916 284.079
-43.081 0.921 284.079
-43.078 0.925 284.079
-43.076 0.929 284.079
-43.073 0.932 284.079
-43.068 0.937 284.079
-43.057 0.950 284.079
-43.055 0.954 284.079
-43.052 0.957 284.079
-43.049 0.961 284.079
-43.044 0.967 284.079
-43.038 0.975 284.079
-43.035 0.979 284.079
-43.032 0.983 284.079
-43.030 0.987 284.079
-43.024 0.993 284.079
-43.022 0.997 284.079
-43.019 1.001 284.079
-43.016 1.004 284.079
-43.013 1.007 284.079
-43.009 1.012 284.079
-43.007 1.016 284.079
-43.002 1.021 284.079
-42.994 1.031 284.079
-42.990 1.036 284.079
-42.988 1.041 284.079
-42.984 1.045 284.079
-42.979 1.051 284.079
-42.975 1.056 284.079
-42.972 1.060 284.079
-42.968 1.065 284.079
-42.965 1.069 284.079
-42.960 1.075 284.079
-42.957 1.078 284.079
-42.949 1.088 284.079
-42.947 1.092 284.079
-42.944 1.095 284.079
-42.942 1.099 284.079
-42.936 1.105 284.079
-42.932 1.111 284.079
-42.926 1.118 284.079
-42.923 1.123 284.079
-42.920 1.126 284.079
-42.915 1.133 284.079
-42.912 1.137 284.079
-42.909 1.141 284.079
-42.906 1.144 284.079
-42.903 1.148 284.079
-42.900 1.151 284.079
-42.898 1.155 284.079
-42.894 1.161 284.079
-42.890 1.166 284.079
-42.885 1.171 284.079
-42.880 1.177 284.079
-42.877 1.181 284.079
-42.874 1.185 284.079
-42.869 1.191 284.079
-42.865 1.195 284.079
-42.862 1.200 284.079
-42.859 1.204 284.079
-42.856 1.208 284.079
-42.850 1.214 284.079
-42.847 1.217 284.079
-42.843 1.221 284.079
-42.840 1.225 284.079
-42.837 1.228 284.079
-42.834 1.231 284.079
-42.831 1.235 284.079
-42.828 1.239 284.079
-42.821 1.248 284.079
-42.816 1.254 284.079
-42.813 1.258 284.079
-42.808 1.264 284.079
-42.805 1.269 284.079
-42.802 1.273 284.079
-42.798 1.279 284.079
-42.795 1.283 284.079
-42.763 1.314 284.079
-42.741 1.336 284.079
-42.728 1.348 284.079
-42.715 1.361 284.079
-42.701 1.375 284.079
-42.682 1.393 284.079
-42.662 1.412 284.079
-42.637 1.437 284.079
-42.630 1.444 284.079
-42.627 1.447 284.079
-42.618 1.456 284.079
-42.611 1.463 284.079
-42.604 1.470 284.079
-42.601 1.473 284.079
-42.568 1.503 284.079
-42.560 1.511 284.079
-42.550 1.522 284.079
-42.544 1.529 284.079
-42.541 1.532 284.079
-42.532 1.542 284.079
-42.527 1.547 284.079
-42.513 1.561 284.079
-42.498 1.577 284.079
-42.479 1.596 284.079
-42.467 1.609 284.079
-42.459 1.617 284.079
-42.454 1.622 284.079
-42.447 1.630 284.079
-42.444 1.633 284.079
-42.440 1.637 284.079
-42.424 1.654 284.079
-42.403 1.676 284.079
-42.394 1.686 284.079
-42.383 1.697 284.079
-42.376 1.705 284.079
-42.373 1.708 284.079
-42.370 1.711 284.079
-42.363 1.718 284.079
-42.347 1.735 284.079
-42.341 1.741 284.079
-42.325 1.757 284.079
-42.318 1.765 284.079
-42.304 1.780 284.079
-42.295 1.789 284.079
-42.292 1.793 284.079
-42.284 1.803 284.079
-42.280 1.807 284.079
-42.275 1.813 284.079
-42.267 1.823 284.079
-42.261 1.831 284.079
-42.254 1.839 284.079
-42.252 1.844 284.079
-42.249 1.848 284.079
-42.246 1.852 284.079
-42.241 1.857 284.079
-42.234 1.866 284.079
-42.230 1.873 284.079
-42.221 1.883 284.079
-42.219 1.887 284.079
-42.216 1.890 284.079
-42.215 1.894 284.079
-42.205 1.904 284.079
-42.202 1.909 284.079
-42.199 1.912 284.079
-42.196 1.917 284.079
-42.189 1.925 284.079
-42.186 1.930 284.079
-42.177 1.942 284.079
-42.175 1.947 284.079
-42.166 1.956 284.079
-42.163 1.959 284.079
-42.159 1.965 284.079
-42.154 1.972 284.079
-42.145 1.981 284.079
-42.141 1.986 284.079
-42.139 1.990 284.079
-42.134 1.995 284.079
-42.128 2.002 284.079
-42.125 2.007 284.079
-42.117 2.015 284.079
-42.112 2.021 284.079
-42.107 2.026 284.079
-42.092 2.042 284.079
-42.085 2.050 284.079
-42.081 2.055 284.079
-42.073 2.064 284.079
-42.071 2.068 284.079
-42.064 2.076 284.079
-42.060 2.080 284.079
-42.055 2.087 284.079
-42.046 2.096 284.079
-42.043 2.100 284.079
-42.031 2.115 284.079
-42.020 2.126 284.079
-42.015 2.132 284.079
-42.010 2.137 284.079
-42.002 2.147 284.079
-41.999 2.152 284.079
-41.995 2.156 284.079
-41.991 2.160 284.079
-41.986 2.166 284.079
-41.983 2.171 284.079
-41.979 2.175 284.079
-41.972 2.184 284.079
-41.959 2.197 284.079
-41.955 2.202 284.079
-41.951 2.206 284.079
-41.942 2.218 284.079
-41.937 2.224 284.079
-41.934 2.227 284.079
-41.920 2.243 284.079
-41.915 2.248 284.079
-41.912 2.254 284.079
-41.906 2.260 284.079
-41.904 2.264 284.079
-41.901 2.267 284.079
-41.894 2.275 284.079
-41.890 2.279 284.079
-41.888 2.284 284.079
-41.885 2.288 284.079
-41.879 2.295 284.079
-41.873 2.301 284.079
-41.867 2.308 284.079
-41.863 2.314 284.079
-41.860 2.319 284.079
-41.857 2.322 284.079
-41.851 2.330 284.079
-41.843 2.337 284.079
-41.839 2.343 284.079
-41.835 2.348 284.079
-41.831 2.355 284.079
-41.827 2.359 284.079
-41.824 2.362 284.079
-41.814 2.374 284.079
-41.808 2.382 284.079
-41.800 2.390 284.079
-41.790 2.399 284.079
-41.787 2.402 284.079
-41.784 2.405 284.079
-41.779 2.410 284.079
-41.771 2.418 284.079
-41.768 2.422 284.079
-41.763 2.427 284.079
-41.760 2.430 284.079
-41.757 2.433 284.079
-41.751 2.439 284.079
-41.747 2.443 284.079
-41.740 2.451 284.079
-41.731 2.460 284.079
-41.721 2.469 284.079
-41.717 2.474 284.079
-41.714 2.478 284.079
-41.708 2.484 284.079
-41.705 2.487 284.079
-41.701 2.491 284.079
-41.698 2.494 284.079
-41.689 2.503 284.079
-41.684 2.508 284.079
-41.675 2.517 284.079
-41.667 2.525 284.079
-41.664 2.529 284.079
-41.661 2.533 284.079
-41.653 2.540 284.079
-41.647 2.546 284.079
-41.639 2.555 284.079
-41.632 2.561 284.079
-41.626 2.568 284.079
-41.621 2.573 284.079
-41.618 2.577 284.079
-41.609 2.585 284.079
-41.607 2.589 284.079
-41.602 2.594 284.079
-41.596 2.599 284.079
-41.593 2.602 284.079
-41.586 2.609 284.079
-41.583 2.613 284.079
-41.580 2.616 284.079
-41.571 2.624 284.079
-41.567 2.629 284.079
-41.562 2.634 284.079
-41.558 2.639 284.079
-41.555 2.642 284.079
-41.552 2.645 284.079
-41.549 2.648 284.079
-41.543 2.654 284.079
-41.538 2.660 284.079
-41.535 2.663 284.079
-41.531 2.669 284.079
-41.526 2.674 284.079
-41.521 2.679 284.079
-41.517 2.683 284.079
-41.513 2.688 284.079
-41.510 2.692 284.079
-41.507 2.695 284.079
-41.503 2.700 284.079
-41.499 2.704 284.079
-41.494 2.710 284.079
-41.488 2.716 284.079
-41.485 2.719 284.079
-41.482 2.723 284.079
-41.478 2.727 284.079
-41.474 2.732 284.079
-41.470 2.736 284.079
-41.467 2.739 284.079
-41.464 2.743 284.079
-41.461 2.746 284.079
-41.458 2.750 284.079
-41.454 2.754 284.079
-41.450 2.759 284.079
-41.447 2.762 284.079
-41.444 2.765 284.079
-41.441 2.769 284.079
-41.438 2.772 284.079
-41.433 2.778 284.079
-41.430 2.781 284.079
-41.426 2.785 284.079
-41.421 2.791 284.079
-41.417 2.796 284.079
-41.412 2.801 284.079
-41.409 2.805 284.079
-41.406 2.808 284.079
-41.399 2.816 284.079
-41.396 2.819 284.079
-41.392 2.824 284.079
-41.388 2.828 284.079
-41.385 2.831 284.079
-41.378 2.839 284.079
-41.375 2.842 284.079
-41.366 2.851 284.079
-41.363 2.855 284.079
-41.359 2.859 284.079
-41.356 2.862 284.079
-41.350 2.868 284.079
-41.345 2.874 284.079
-41.342 2.877 284.079
-41.339 2.881 284.079
-41.333 2.886 284.079
-41.330 2.890 284.079
-41.327 2.893 284.079
-41.324 2.896 284.079
-41.320 2.900 284.079
-41.314 2.907 284.079
-41.311 2.910 284.079
-41.306 2.915 284.079
-41.299 2.923 284.079
-41.295 2.927 284.079
-41.292 2.931 284.079
-41.289 2.934 284.079
-41.286 2.937 284.079
-41.277 2.947 284.079
-41.274 2.950 284.079
-41.270 2.954 284.079
-41.264 2.960 284.079
-41.260 2.964 284.079
-41.257 2.967 284.079
-41.250 2.974 284.079
-41.247 2.977 284.079
-41.243 2.981 284.079
-41.238 2.985 284.079
-41.234 2.989 284.079
-41.230 2.993 284.079
-41.223 2.999 284.079
-41.220 3.003 284.079
-41.213 3.009 284.079
-41.209 3.013 284.079
-41.201 3.020 284.079
-41.195 3.026 284.079
-41.191 3.030 284.079
-41.187 3.034 284.079
-41.184 3.037 284.079
-41.180 3.042 284.079
-41.175 3.046 284.079
-41.170 3.051 284.079
-41.165 3.056 284.079
-41.162 3.060 284.079
-41.158 3.064 284.079
-41.155 3.068 284.079
-41.149 3.073 284.079
-41.146 3.076 284.079
-41.143 3.079 284.079
-41.140 3.083 284.079
-41.137 3.087 284.079
-41.133 3.090 284.079
-41.128 3.095 284.079
-41.125 3.099 284.079
-41.121 3.103 284.079
-41.086 3.126 284.079
-41.082 3.129 284.079
-41.072 3.136 284.079
-41.061 3.145 284.079
-41.044 3.157 284.079
-41.037 3.163 284.079
-41.027 3.170 284.079
-41.020 3.175 284.079
-41.015 3.179 284.079
-41.009 3.183 284.079
-40.994 3.195 284.079
-40.981 3.205 284.079
-40.973 3.211 284.079
-40.963 3.219 284.079
-40.956 3.224 284.079
-40.950 3.229 284.079
-40.947 3.232 284.079
-40.939 3.238 284.079
-40.930 3.245 284.079
-40.924 3.250 284.079
-40.916 3.255 284.079
-40.912 3.258 284.079
-40.894 3.272 284.079
-40.875 3.286 284.079
-40.870 3.289 284.079
-40.866 3.291 284.079
-40.862 3.293 284.079
-40.858 3.295 284.079
-40.854 3.296 284.079
-40.844 3.301 284.079
-40.839 3.303 284.079
-40.825 3.310 284.079
-40.819 3.313 284.079
-40.814 3.315 284.079
-40.809 3.318 284.079
-40.804 3.320 284.079
-40.799 3.322 284.079
-40.795 3.324 284.079
-40.787 3.328 284.079
-40.782 3.330 284.079
-40.778 3.332 284.079
-40.770 3.336 284.079
-40.763 3.339 284.079
-40.753 3.344 284.079
-40.747 3.347 284.079
-40.742 3.349 284.079
-40.738 3.351 284.079
-40.728 3.356 284.079
-40.716 3.361 284.079
-40.710 3.364 284.079
-40.706 3.366 284.079
-40.701 3.369 284.079
-40.693 3.375 284.079
-40.683 3.383 284.079
-40.679 3.387 284.079
-40.669 3.395 284.079
-40.666 3.399 284.079
-40.662 3.405 284.079
-40.659 3.408 284.079
-40.650 3.415 284.079
-40.648 3.419 284.079
-40.640 3.427 284.079
-40.631 3.437 284.079
-40.629 3.441 284.079
-40.622 3.448 284.079
-40.615 3.455 284.079
-40.612 3.460 284.079
-40.608 3.464 284.079
-40.604 3.468 284.079
-40.601 3.473 284.079
-40.598 3.477 284.079
-40.595 3.480 284.079
-40.594 3.484 284.079
-40.588 3.489 284.079
-40.580 3.498 284.079
-40.551 3.522 284.079
-40.536 3.531 284.079
-40.521 3.541 284.079
-40.513 3.550 284.079
-40.507 3.555 284.079
-40.494 3.565 284.079
-40.491 3.568 284.079
-40.486 3.574 284.079
-40.480 3.578 284.079
-40.477 3.582 284.079
-40.470 3.587 284.079
-40.434 3.609 284.079
-40.397 3.627 284.079
-40.393 3.629 284.079
-40.368 3.646 284.079
-40.355 3.653 284.079
-40.346 3.659 284.079
-40.342 3.661 284.079
-40.329 3.667 284.079
-40.322 3.668 284.079
-40.314 3.672 284.079
-40.283 3.691 284.079
-40.266 3.713 284.079
-40.258 3.723 284.079
-40.254 3.730 284.079
-40.245 3.743 284.079
-40.234 3.760 284.079
-40.207 3.794 284.079
-40.195 3.806 284.079
-40.190 3.809 284.079
-40.176 3.824 284.079
-40.149 3.861 284.079
-40.142 3.866 284.079
-40.136 3.878 284.079
-40.132 3.891 284.079
-40.126 3.914 284.079
-40.125 3.925 284.079
-40.111 3.958 284.079
-40.108 3.965 284.079
-40.105 3.969 284.079
-40.100 3.975 284.079
-40.095 3.983 284.079
-40.091 3.989 284.079
-40.089 3.993 284.079
-40.086 3.998 284.079
-40.082 4.002 284.079
-40.077 4.013 284.079
-40.073 4.020 284.079
-40.067 4.031 284.079
-40.052 4.060 284.079
-40.049 4.066 284.079
-40.045 4.074 284.079
-40.033 4.099 284.079
-40.020 4.122 284.079
-40.017 4.127 284.079
-40.015 4.131 284.079
-40.012 4.136 284.079
-40.006 4.147 284.079
-40.003 4.151 284.079
-40.001 4.155 284.079
-39.998 4.158 284.079
-39.994 4.165 284.079
-39.990 4.169 284.079
-39.984 4.179 284.079
-39.979 4.186 284.079
-39.975 4.191 284.079
-39.971 4.196 284.079
-39.962 4.209 284.079
-39.957 4.217 284.079
-39.951 4.228 284.079
-39.945 4.239 284.079
-39.942 4.244 284.079
-39.929 4.268 284.079
-39.926 4.273 284.079
-39.911 4.300 284.079
-39.897 4.327 284.079
-39.896 4.332 284.079
-39.890 4.348 284.079
-39.890 4.353 284.079
-39.889 4.357 284.079
-39.886 4.364 284.079
-39.888 4.370 284.079
-39.890 4.374 284.079
-39.892 4.378 284.079
-39.893 4.382 284.079
-39.895 4.387 284.079
-39.898 4.396 284.079
-39.899 4.400 284.079
-39.901 4.404 284.079
-39.902 4.411 284.079
-39.905 4.414 284.079
-39.905 4.420 284.079
-39.906 4.424 284.079
-39.910 4.428 284.079
-39.914 4.439 284.079
-39.922 4.445 284.079
-39.926 4.453 284.079
-39.931 4.456 284.079
-39.933 4.468 284.079
-39.940 4.469 284.079
-39.942 4.479 284.079
-39.945 4.482 284.079
-39.949 4.484 284.079
-39.950 4.526 284.079
-39.945 4.532 284.079
-39.941 4.536 284.079
-39.937 4.542 284.079
-39.933 4.547 284.079
-39.930 4.550 284.079
-39.927 4.554 284.079
-39.922 4.553 284.079
-39.916 4.556 284.079
-39.909 4.557 284.079
-39.904 4.559 284.079
-39.900 4.562 284.079
-39.896 4.566 284.079
-39.889 4.565 284.079
-39.883 4.569 284.079
-39.878 4.570 284.079
-39.874 4.571 284.079
-39.867 4.572 284.079
-39.862 4.574 284.079
-39.858 4.573 284.079
-39.853 4.573 284.079
-39.848 4.573 284.079
-39.842 4.573 284.079
-39.838 4.576 284.079
-39.833 4.576 284.079
-39.829 4.578 284.079
-39.825 4.581 284.079
-39.821 4.583 284.079
-39.816 4.582 284.079
-39.811 4.582 284.079
-39.806 4.583 284.079
-39.800 4.584 284.079
-39.796 4.585 284.079
-39.788 4.590 284.079
-39.781 4.591 284.079
-39.776 4.592 284.079
-39.772 4.597 284.079
-39.770 4.601 284.079
-39.763 4.613 284.079
-39.761 4.617 284.079
-39.757 4.626 284.079
-39.745 4.653 284.079
-39.744 4.657 284.079
-39.738 4.674 284.079
-39.732 4.693 284.079
-39.731 4.699 284.079
-39.729 4.704 284.079
-39.723 4.719 284.079
-39.720 4.730 284.079
-39.716 4.745 284.079
-39.717 4.749 284.079
-39.715 4.761 284.079
-39.714 4.770 284.079
-39.712 4.777 284.079
-39.709 4.787 284.079
-39.707 4.794 284.079
-39.704 4.807 284.079
-39.703 4.813 284.079
-39.701 4.822 284.079
-39.699 4.828 284.079
-39.702 4.833 284.079
-39.696 4.848 284.079
-39.697 4.852 284.079
-39.695 4.858 284.079
-39.694 4.866 284.079
-39.691 4.880 284.079
-39.687 4.897 284.079
-39.693 4.903 284.079
-39.698 4.906 284.079
-39.699 4.916 284.079
-39.702 4.921 284.079
-39.706 4.927 284.079
-39.711 4.931 284.079
-39.712 4.938 284.079
-39.714 4.942 284.079
-39.714 4.947 284.079
-39.716 4.952 284.079
-39.717 4.956 284.079
-39.718 4.960 284.079
-39.722 4.962 284.079
-39.723 4.967 284.079
-39.713 4.993 284.079
-39.701 5.010 284.079
-39.688 5.023 284.079
-39.681 5.023 284.079
-39.675 5.026 284.079
-39.667 5.031 284.079
-39.660 5.035 284.079
-39.653 5.043 284.079
-39.644 5.045 284.079
-39.633 5.055 284.079
-39.631 5.059 284.079
-39.627 5.058 284.079
-39.618 5.065 284.079
-39.605 5.087 284.079
-39.600 5.098 284.079
-39.594 5.110 284.079
-39.584 5.132 284.079
-39.577 5.142 284.079
-39.568 5.150 284.079
-39.564 5.159 284.079
-39.558 5.169 284.079
-39.555 5.174 284.079
-39.551 5.173 284.079
-39.545 5.183 284.079
-39.540 5.191 284.079
-39.538 5.195 284.079
-39.536 5.199 284.079
-39.533 5.206 284.079
-39.528 5.213 284.079
-39.526 5.220 284.079
-39.524 5.230 284.079
-39.522 5.238 284.079
-39.519 5.252 284.079
-39.518 5.257 284.079
-39.503 5.298 284.079
-39.499 5.307 284.079
-39.489 5.330 284.079
-39.482 5.348 284.079
-39.476 5.364 284.079
-39.473 5.372 284.079
-39.464 5.396 284.079
-39.461 5.402 284.079
-39.459 5.406 284.079
-39.456 5.410 284.079
-39.452 5.420 284.079
-39.448 5.429 284.079
-39.446 5.433 284.079
-39.440 5.446 284.079
-39.437 5.452 284.079
-39.435 5.457 284.079
-39.432 5.462 284.079
-39.429 5.468 284.079
-39.424 5.479 284.079
-39.418 5.490 284.079
-39.410 5.507 284.079
-39.406 5.516 284.079
-39.403 5.523 284.079
-39.400 5.528 284.079
-39.397 5.533 284.079
-39.393 5.540 284.079
-39.390 5.545 284.079
-39.387 5.550 284.079
-39.384 5.554 284.079
-39.382 5.558 284.079
-39.378 5.563 284.079
-39.376 5.567 284.079
-39.374 5.571 284.079
-39.371 5.574 284.079
-39.367 5.580 284.079
-39.365 5.584 284.079
-39.361 5.590 284.079
-39.357 5.596 284.079
-39.354 5.600 284.079
-39.352 5.604 284.079
-39.348 5.610 284.079
-39.345 5.616 284.079
-39.342 5.621 284.079
-39.339 5.625 284.079
-39.335 5.631 284.079
-39.332 5.638 284.079
-39.330 5.642 284.079
-39.328 5.646 284.079
-39.325 5.651 284.079
-39.323 5.655 284.079
-39.316 5.671 284.079
-39.314 5.675 284.079
-39.301 5.706 284.079
-39.293 5.723 284.079
-39.290 5.728 284.079
-39.285 5.736 284.079
-39.283 5.740 284.079
-39.279 5.745 284.079
-39.275 5.751 284.079
-39.272 5.757 284.079
-39.268 5.763 284.079
-39.263 5.772 284.079
-39.259 5.778 284.079
-39.254 5.788 284.079
-39.252 5.792 284.079
-39.248 5.798 284.079
-39.244 5.805 284.079
-39.240 5.811 284.079
-39.230 5.828 284.079
-39.227 5.834 284.079
-39.218 5.849 284.079
-39.209 5.864 284.079
-39.207 5.868 284.079
-39.204 5.872 284.079
-39.202 5.876 284.079
-39.196 5.887 284.079
-39.191 5.895 284.079
-39.183 5.909 284.079
-39.177 5.919 284.079
-39.169 5.936 284.079
-39.165 5.945 284.079
-39.154 5.970 284.079
-39.152 5.975 284.079
-39.150 5.981 284.079
-39.148 5.986 284.079
-39.139 6.006 284.079
-39.126 6.035 284.079
-39.124 6.040 284.079
-39.119 6.051 284.079
-39.112 6.067 284.079
-39.108 6.077 284.079
-39.101 6.092 284.079
-39.096 6.103 284.079
-39.078 6.138 284.079
-39.072 6.150 284.079
-39.070 6.154 284.079
-39.065 6.165 284.079
-39.063 6.169 284.079
-39.057 6.182 284.079
-39.055 6.186 284.079
-39.053 6.190 284.079
-39.049 6.198 284.079
-39.041 6.215 284.079
-39.038 6.222 284.079
-39.028 6.244 284.079
-39.026 6.249 284.079
-39.022 6.258 284.079
-39.019 6.265 284.079
-39.016 6.273 284.079
-39.012 6.282 284.079
-39.008 6.292 284.079
-39.003 6.303 284.079
-39.001 6.308 284.079
-38.999 6.314 284.079
-38.994 6.326 284.079
-38.992 6.333 284.079
-38.975 6.372 284.079
-38.972 6.377 284.079
-38.962 6.398 284.079
-38.954 6.415 284.079
-38.946 6.431 284.079
-38.941 6.439 284.079
-38.927 6.467 284.079
-38.910 6.498 284.079
-38.902 6.521 284.079
-38.894 6.541 284.079
-38.888 6.554 284.079
-38.886 6.560 284.079
-38.883 6.569 284.079
-38.880 6.577 284.079
-38.873 6.598 284.079
-38.868 6.611 284.079
-38.853 6.641 284.079
-38.851 6.649 284.079
-38.852 6.653 284.079
-38.837 6.694 284.079
-38.835 6.698 284.079
-38.829 6.707 284.079
-38.826 6.712 284.079
-38.821 6.720 284.079
-38.816 6.729 284.079
-38.810 6.739 284.079
-38.800 6.761 284.079
-38.796 6.770 284.079
-38.792 6.779 284.079
-38.777 6.814 284.079
-38.766 6.841 284.079
-38.758 6.860 284.079
-38.740 6.901 284.079
-38.735 6.912 284.079
-38.719 6.949 284.079
-38.715 6.957 284.079
-38.711 6.967 284.079
-38.705 6.982 284.079
-38.703 6.993 284.079
-38.698 7.027 284.079
-38.695 7.047 284.079
-38.692 7.078 284.079
-38.691 7.091 284.079
-38.697 7.114 284.079
-38.700 7.125 284.079
-38.712 7.129 284.079
-38.718 7.129 284.079
