-35.422 7.470 292.548
-35.414 7.450 292.548
-35.413 7.445 292.548
-35.412 7.435 292.548
-35.412 7.425 292.548
-35.411 7.407 292.548
-35.411 7.398 292.548
-35.410 7.380 292.548
-35.404 7.340 292.548
-35.403 7.334 292.548
-35.401 7.329 292.548
-35.400 7.325 292.548
-35.399 7.321 292.548
-35.398 7.315 292.548
-35.397 7.311 292.548
-35.396 7.307 292.548
-35.394 7.302 292.548
-35.393 7.298 292.548
-35.391 7.292 292.548
-35.390 7.287 292.548
-35.389 7.283 292.548
-35.388 7.279 292.548
-35.386 7.274 292.548
-35.385 7.269 292.548
-35.382 7.259 292.548
-35.381 7.254 292.548
-35.378 7.243 292.548
-35.376 7.233 292.548
-35.375 7.228 292.548
-35.372 7.214 292.548
-35.370 7.203 292.548
-35.367 7.190 292.548
-35.366 7.185 292.548
-35.365 7.180 292.548
-35.364 7.175 292.548
-35.361 7.161 292.548
-35.359 7.153 292.548
-35.355 7.132 292.548
-35.354 7.121 292.548
-35.356 7.105 292.548
-35.358 7.075 292.548
-35.362 7.035 292.548
-35.364 7.023 292.548
-35.371 6.995 292.548
-35.379 6.963 292.548
-35.382 6.952 292.548
-35.383 6.948 292.548
-35.388 6.928 292.548
-35.392 6.911 292.548
-35.406 6.853 292.548
-35.408 6.844 292.548
-35.411 6.829 292.548
-35.420 6.789 292.548
-35.423 6.776 292.548
-35.428 6.753 292.548
-35.434 6.727 292.548
-35.441 6.695 292.548
-35.442 6.690 292.548
-35.444 6.682 292.548
-35.446 6.674 292.548
-35.456 6.647 292.548
-35.466 6.624 292.548
-35.468 6.620 292.548
-35.471 6.615 292.548
-35.477 6.602 292.548
-35.483 6.591 292.548
-35.497 6.555 292.548
-35.507 6.542 292.548
-35.513 6.537 292.548
-35.520 6.526 292.548
-35.523 6.523 292.548
-35.530 6.513 292.548
-35.533 6.509 292.548
-35.541 6.500 292.548
-35.563 6.465 292.548
-35.566 6.458 292.548
-35.582 6.427 292.548
-35.586 6.416 292.548
-35.603 6.383 292.548
-35.609 6.373 292.548
-35.615 6.364 292.548
-35.623 6.350 292.548
-35.626 6.347 292.548
-35.632 6.336 292.548
-35.638 6.325 292.548
-35.646 6.310 292.548
-35.654 6.296 292.548
-35.670 6.272 292.548
-35.680 6.253 292.548
-35.683 6.245 292.548
-35.684 6.241 292.548
-35.687 6.234 292.548
-35.691 6.227 292.548
-35.695 6.224 292.548
-35.700 6.219 292.548
-35.703 6.216 292.548
-35.712 6.203 292.548
-35.720 6.195 292.548
-35.724 6.188 292.548
-35.728 6.182 292.548
-35.733 6.175 292.548
-35.738 6.166 292.548
-35.745 6.157 292.548
-35.751 6.148 292.548
-35.758 6.139 292.548
-35.763 6.132 292.548
-35.767 6.126 292.548
-35.770 6.123 292.548
-35.773 6.117 292.548
-35.778 6.111 292.548
-35.783 6.105 292.548
-35.790 6.094 292.548
-35.808 6.057 292.548
-35.813 6.045 292.548
-35.818 6.030 292.548
-35.825 6.013 292.548
-35.828 6.002 292.548
-35.831 5.994 292.548
-35.839 5.969 292.548
-35.845 5.961 292.548
-35.848 5.957 292.548
-35.870 5.922 292.548
-35.877 5.912 292.548
-35.880 5.908 292.548
-35.890 5.894 292.548
-35.895 5.886 292.548
-35.901 5.879 292.548
-35.905 5.872 292.548
-35.913 5.861 292.548
-35.918 5.854 292.548
-35.929 5.841 292.548
-35.935 5.830 292.548
-35.939 5.825 292.548
-35.942 5.821 292.548
-35.950 5.811 292.548
-35.958 5.799 292.548
-35.964 5.798 292.548
-35.970 5.790 292.548
-35.979 5.774 292.548
-35.987 5.767 292.548
-35.992 5.762 292.548
-36.001 5.753 292.548
-36.008 5.746 292.548
-36.012 5.744 292.548
-36.018 5.734 292.548
-36.029 5.724 292.548
-36.033 5.721 292.548
-36.039 5.711 292.548
-36.043 5.705 292.548
-36.047 5.703 292.548
-36.052 5.695 292.548
-36.060 5.685 292.548
-36.067 5.677 292.548
-36.076 5.668 292.548
-36.081 5.666 292.548
-36.088 5.655 292.548
-36.114 5.626 292.548
-36.118 5.616 292.548
-36.133 5.593 292.548
-36.141 5.579 292.548
-36.149 5.566 292.548
-36.155 5.557 292.548
-36.158 5.552 292.548
-36.172 5.530 292.548
-36.183 5.512 292.548
-36.195 5.493 292.548
-36.211 5.468 292.548
-36.220 5.457 292.548
-36.235 5.442 292.548
-36.248 5.425 292.548
-36.267 5.403 292.548
-36.275 5.395 292.548
-36.288 5.380 292.548
-36.300 5.364 292.548
-36.307 5.357 292.548
-36.314 5.348 292.548
-36.326 5.332 292.548
-36.330 5.327 292.548
-36.354 5.297 292.548
-36.364 5.282 292.548
-36.366 5.278 292.548
-36.367 5.274 292.548
-36.372 5.266 292.548
-36.381 5.251 292.548
-36.387 5.238 292.548
-36.399 5.220 292.548
-36.403 5.212 292.548
-36.405 5.206 292.548
-36.410 5.195 292.548
-36.412 5.191 292.548
-36.420 5.179 292.548
-36.425 5.172 292.548
-36.434 5.159 292.548
-36.444 5.144 292.548
-36.456 5.129 292.548
-36.479 5.093 292.548
-36.482 5.087 292.548
-36.487 5.079 292.548
-36.491 5.073 292.548
-36.494 5.067 292.548
-36.498 5.058 292.548
-36.508 5.043 292.548
-36.510 5.037 292.548
-36.515 5.029 292.548
-36.518 5.023 292.548
-36.528 5.006 292.548
-36.533 4.996 292.548
-36.535 4.990 292.548
-36.541 4.979 292.548
-36.545 4.968 292.548
-36.550 4.958 292.548
-36.554 4.951 292.548
-36.559 4.943 292.548
-36.560 4.936 292.548
-36.565 4.923 292.548
-36.565 4.917 292.548
-36.567 4.910 292.548
-36.570 4.904 292.548
-36.571 4.898 292.548
-36.574 4.893 292.548
-36.574 4.888 292.548
-36.576 4.883 292.548
-36.578 4.877 292.548
-36.579 4.873 292.548
-36.581 4.865 292.548
-36.587 4.855 292.548
-36.590 4.850 292.548
-36.593 4.845 292.548
-36.602 4.830 292.548
-36.605 4.826 292.548
-36.609 4.821 292.548
-36.615 4.811 292.548
-36.632 4.780 292.548
-36.634 4.776 292.548
-36.638 4.768 292.548
-36.641 4.760 292.548
-36.647 4.749 292.548
-36.650 4.743 292.548
-36.652 4.738 292.548
-36.656 4.730 292.548
-36.658 4.726 292.548
-36.661 4.721 292.548
-36.663 4.715 292.548
-36.665 4.709 292.548
-36.668 4.703 292.548
-36.674 4.692 292.548
-36.675 4.688 292.548
-36.678 4.682 292.548
-36.679 4.678 292.548
-36.682 4.672 292.548
-36.684 4.666 292.548
-36.687 4.660 292.548
-36.691 4.653 292.548
-36.697 4.643 292.548
-36.701 4.636 292.548
-36.705 4.628 292.548
-36.707 4.624 292.548
-36.709 4.619 292.548
-36.721 4.597 292.548
-36.733 4.575 292.548
-36.743 4.556 292.548
-36.748 4.546 292.548
-36.752 4.538 292.548
-36.753 4.533 292.548
-36.760 4.518 292.548
-36.771 4.494 292.548
-36.774 4.487 292.548
-36.782 4.470 292.548
-36.787 4.459 292.548
-36.790 4.451 292.548
-36.799 4.432 292.548
-36.807 4.414 292.548
-36.813 4.401 292.548
-36.819 4.388 292.548
-36.823 4.381 292.548
-36.828 4.369 292.548
-36.831 4.363 292.548
-36.836 4.351 292.548
-36.845 4.332 292.548
-36.850 4.323 292.548
-36.865 4.295 292.548
-36.871 4.282 292.548
-36.879 4.267 292.548
-36.887 4.252 292.548
-36.891 4.244 292.548
-36.896 4.235 292.548
-36.898 4.231 292.548
-36.901 4.224 292.548
-36.911 4.204 292.548
-36.926 4.175 292.548
-36.931 4.160 292.548
-36.936 4.150 292.548
-36.941 4.139 292.548
-36.942 4.132 292.548
-36.944 4.128 292.548
-36.945 4.124 292.548
-36.951 4.113 292.548
-36.965 4.090 292.548
-36.968 4.085 292.548
-36.972 4.079 292.548
-36.989 4.050 292.548
-36.996 4.037 292.548
-37.010 4.011 292.548
-37.027 3.981 292.548
-37.038 3.960 292.548
-37.043 3.950 292.548
-37.047 3.945 292.548
-37.066 3.909 292.548
-37.068 3.905 292.548
-37.069 3.901 292.548
-37.071 3.896 292.548
-37.073 3.892 292.548
-37.077 3.883 292.548
-37.079 3.875 292.548
-37.084 3.864 292.548
-37.087 3.854 292.548
-37.094 3.840 292.548
-37.101 3.824 292.548
-37.115 3.798 292.548
-37.118 3.791 292.548
-37.127 3.774 292.548
-37.133 3.763 292.548
-37.136 3.758 292.548
-37.161 3.720 292.548
-37.163 3.715 292.548
-37.174 3.696 292.548
-37.184 3.680 292.548
-37.188 3.674 292.548
-37.191 3.669 292.548
-37.199 3.657 292.548
-37.206 3.648 292.548
-37.209 3.644 292.548
-37.230 3.606 292.548
-37.232 3.602 292.548
-37.238 3.589 292.548
-37.240 3.583 292.548
-37.245 3.572 292.548
-37.249 3.564 292.548
-37.251 3.560 292.548
-37.257 3.548 292.548
-37.261 3.540 292.548
-37.263 3.535 292.548
-37.265 3.529 292.548
-37.271 3.517 292.548
-37.273 3.513 292.548
-37.276 3.506 292.548
-37.279 3.500 292.548
-37.285 3.488 292.548
-37.287 3.484 292.548
-37.288 3.480 292.548
-37.294 3.468 292.548
-37.297 3.462 292.548
-37.301 3.452 292.548
-37.304 3.446 292.548
-37.318 3.421 292.548
-37.330 3.400 292.548
-37.342 3.377 292.548
-37.347 3.369 292.548
-37.360 3.346 292.548
-37.369 3.323 292.548
-37.370 3.319 292.548
-37.375 3.306 292.548
-37.376 3.302 292.548
-37.377 3.297 292.548
-37.381 3.289 292.548
-37.382 3.284 292.548
-37.385 3.274 292.548
-37.389 3.264 292.548
-37.390 3.259 292.548
-37.391 3.255 292.548
-37.393 3.250 292.548
-37.396 3.242 292.548
-37.401 3.229 292.548
-37.410 3.213 292.548
-37.416 3.204 292.548
-37.419 3.200 292.548
-37.423 3.193 292.548
-37.426 3.188 292.548
-37.436 3.168 292.548
-37.448 3.142 292.548
-37.456 3.126 292.548
-37.458 3.122 292.548
-37.460 3.118 292.548
-37.462 3.112 292.548
-37.465 3.105 292.548
-37.468 3.098 292.548
-37.470 3.094 292.548
-37.472 3.089 292.548
-37.475 3.083 292.548
-37.477 3.077 292.548
-37.479 3.073 292.548
-37.482 3.065 292.548
-37.485 3.058 292.548
-37.487 3.054 292.548
-37.489 3.049 292.548
-37.491 3.044 292.548
-37.493 3.039 292.548
-37.496 3.030 292.548
-37.498 3.026 292.548
-37.500 3.022 292.548
-37.501 3.018 292.548
-37.503 3.013 292.548
-37.504 3.009 292.548
-37.507 3.002 292.548
-37.509 2.997 292.548
-37.511 2.992 292.548
-37.513 2.988 292.548
-37.514 2.984 292.548
-37.517 2.976 292.548
-37.520 2.967 292.548
-37.522 2.963 292.548
-37.527 2.952 292.548
-37.533 2.935 292.548
-37.535 2.930 292.548
-37.537 2.924 292.548
-37.557 2.887 292.548
-37.560 2.882 292.548
-37.572 2.859 292.548
-37.586 2.833 292.548
-37.590 2.830 292.548
-37.593 2.825 292.548
-37.600 2.812 292.548
-37.604 2.805 292.548
-37.611 2.796 292.548
-37.615 2.790 292.548
-37.624 2.773 292.548
-37.627 2.768 292.548
-37.632 2.761 292.548
-37.641 2.744 292.548
-37.648 2.731 292.548
-37.652 2.726 292.548
-37.659 2.713 292.548
-37.662 2.708 292.548
-37.667 2.700 292.548
-37.671 2.693 292.548
-37.675 2.689 292.548
-37.677 2.685 292.548
-37.681 2.679 292.548
-37.687 2.670 292.548
-37.690 2.667 292.548
-37.695 2.658 292.548
-37.699 2.651 292.548
-37.702 2.647 292.548
-37.706 2.639 292.548
-37.709 2.634 292.548
-37.714 2.627 292.548
-37.720 2.621 292.548
-37.724 2.615 292.548
-37.740 2.595 292.548
-37.756 2.567 292.548
-37.757 2.560 292.548
-37.759 2.556 292.548
-37.761 2.549 292.548
-37.764 2.536 292.548
-37.770 2.517 292.548
-37.773 2.508 292.548
-37.778 2.497 292.548
-37.781 2.490 292.548
-37.785 2.483 292.548
-37.787 2.479 292.548
-37.795 2.463 292.548
-37.797 2.459 292.548
-37.799 2.455 292.548
-37.802 2.450 292.548
-37.806 2.442 292.548
-37.810 2.436 292.548
-37.813 2.431 292.548
-37.815 2.427 292.548
-37.817 2.423 292.548
-37.820 2.417 292.548
-37.823 2.412 292.548
-37.828 2.405 292.548
-37.831 2.400 292.548
-37.834 2.395 292.548
-37.837 2.389 292.548
-37.841 2.382 292.548
-37.844 2.377 292.548
-37.847 2.374 292.548
-37.849 2.369 292.548
-37.855 2.358 292.548
-37.861 2.350 292.548
-37.864 2.347 292.548
-37.867 2.343 292.548
-37.870 2.336 292.548
-37.872 2.331 292.548
-37.875 2.327 292.548
-37.879 2.321 292.548
-37.882 2.315 292.548
-37.889 2.297 292.548
-37.891 2.293 292.548
-37.894 2.286 292.548
-37.906 2.245 292.548
-37.910 2.226 292.548
-37.910 2.221 292.548
-37.913 2.204 292.548
-37.914 2.199 292.548
-37.916 2.194 292.548
-37.918 2.188 292.548
-37.919 2.181 292.548
-37.923 2.172 292.548
-37.925 2.166 292.548
-37.934 2.148 292.548
-37.955 2.108 292.548
-37.965 2.089 292.548
-37.980 2.060 292.548
-37.982 2.053 292.548
-37.984 2.048 292.548
-37.986 2.042 292.548
-37.988 2.038 292.548
-37.997 2.019 292.548
-38.004 2.005 292.548
-38.006 2.000 292.548
-38.008 1.996 292.548
-38.010 1.991 292.548
-38.013 1.985 292.548
-38.017 1.977 292.548
-38.019 1.973 292.548
-38.026 1.962 292.548
-38.030 1.956 292.548
-38.036 1.945 292.548
-38.045 1.931 292.548
-38.052 1.920 292.548
-38.060 1.908 292.548
-38.066 1.898 292.548
-38.070 1.892 292.548
-38.077 1.879 292.548
-38.080 1.874 292.548
-38.083 1.869 292.548
-38.087 1.863 292.548
-38.093 1.852 292.548
-38.100 1.839 292.548
-38.112 1.819 292.548
-38.119 1.807 292.548
-38.129 1.790 292.548
-38.136 1.779 292.548
-38.139 1.774 292.548
-38.148 1.758 292.548
-38.154 1.752 292.548
-38.160 1.744 292.548
-38.166 1.736 292.548
-38.172 1.728 292.548
-38.197 1.693 292.548
-38.200 1.686 292.548
-38.204 1.678 292.548
-38.206 1.673 292.548
-38.208 1.668 292.548
-38.213 1.658 292.548
-38.225 1.633 292.548
-38.230 1.622 292.548
-38.234 1.618 292.548
-38.238 1.613 292.548
-38.245 1.606 292.548
-38.249 1.599 292.548
-38.253 1.595 292.548
-38.256 1.592 292.548
-38.262 1.583 292.548
-38.271 1.571 292.548
-38.275 1.568 292.548
-38.280 1.564 292.548
-38.284 1.559 292.548
-38.287 1.556 292.548
-38.294 1.549 292.548
-38.300 1.545 292.548
-38.303 1.541 292.548
-38.307 1.534 292.548
-38.310 1.531 292.548
-38.314 1.524 292.548
-38.318 1.519 292.548
-38.320 1.515 292.548
-38.325 1.505 292.548
-38.327 1.501 292.548
-38.337 1.477 292.548
-38.345 1.452 292.548
-38.350 1.440 292.548
-38.351 1.435 292.548
-38.358 1.419 292.548
-38.360 1.413 292.548
-38.369 1.395 292.548
-38.373 1.385 292.548
-38.387 1.351 292.548
-38.390 1.343 292.548
-38.395 1.330 292.548
-38.398 1.325 292.548
-38.405 1.315 292.548
-38.416 1.297 292.548
-38.426 1.279 292.548
-38.429 1.275 292.548
-38.432 1.272 292.548
-38.435 1.269 292.548
-38.438 1.263 292.548
-38.441 1.259 292.548
-38.450 1.246 292.548
-38.463 1.217 292.548
-38.471 1.200 292.548
-38.474 1.191 292.548
-38.475 1.185 292.548
-38.480 1.173 292.548
-38.482 1.168 292.548
-38.482 1.163 292.548
-38.485 1.154 292.548
-38.487 1.150 292.548
-38.492 1.136 292.548
-38.495 1.124 292.548
-38.496 1.120 292.548
-38.497 1.112 292.548
-38.501 1.099 292.548
-38.502 1.095 292.548
-38.505 1.086 292.548
-38.508 1.078 292.548
-38.509 1.074 292.548
-38.511 1.070 292.548
-38.512 1.066 292.548
-38.513 1.061 292.548
-38.514 1.056 292.548
-38.517 1.046 292.548
-38.521 1.036 292.548
-38.522 1.032 292.548
-38.524 1.027 292.548
-38.526 1.021 292.548
-38.527 1.017 292.548
-38.528 1.012 292.548
-38.530 1.007 292.548
-38.533 0.999 292.548
-38.534 0.995 292.548
-38.535 0.991 292.548
-38.537 0.985 292.548
-38.539 0.979 292.548
-38.540 0.975 292.548
-38.541 0.971 292.548
-38.543 0.966 292.548
-38.544 0.962 292.548
-38.545 0.957 292.548
-38.547 0.953 292.548
-38.549 0.947 292.548
-38.550 0.942 292.548
-38.553 0.935 292.548
-38.555 0.927 292.548
-38.559 0.918 292.548
-38.560 0.913 292.548
-38.563 0.907 292.548
-38.564 0.901 292.548
-38.566 0.895 292.548
-38.567 0.888 292.548
-38.568 0.884 292.548
-38.568 0.879 292.548
-38.569 0.873 292.548
-38.570 0.868 292.548
-38.573 0.860 292.548
-38.572 0.855 292.548
-38.575 0.845 292.548
-38.577 0.841 292.548
-38.578 0.836 292.548
-38.580 0.826 292.548
-38.581 0.822 292.548
-38.582 0.818 292.548
-38.585 0.808 292.548
-38.588 0.796 292.548
-38.590 0.789 292.548
-38.595 0.774 292.548
-38.596 0.769 292.548
-38.598 0.762 292.548
-38.600 0.757 292.548
-38.605 0.745 292.548
-38.606 0.738 292.548
-38.609 0.731 292.548
-38.612 0.723 292.548
-38.618 0.711 292.548
-38.619 0.706 292.548
-38.622 0.698 292.548
-38.624 0.694 292.548
-38.629 0.682 292.548
-38.632 0.674 292.548
-38.634 0.670 292.548
-38.636 0.661 292.548
-38.638 0.657 292.548
-38.642 0.647 292.548
-38.644 0.640 292.548
-38.646 0.635 292.548
-38.648 0.629 292.548
-38.650 0.624 292.548
-38.654 0.611 292.548
-38.660 0.598 292.548
-38.663 0.591 292.548
-38.664 0.585 292.548
-38.665 0.581 292.548
-38.666 0.577 292.548
-38.668 0.572 292.548
-38.670 0.566 292.548
-38.673 0.560 292.548
-38.676 0.554 292.548
-38.677 0.549 292.548
-38.680 0.542 292.548
-38.681 0.537 292.548
-38.684 0.530 292.548
-38.686 0.525 292.548
-38.689 0.518 292.548
-38.691 0.512 292.548
-38.693 0.506 292.548
-38.696 0.499 292.548
-38.698 0.495 292.548
-38.699 0.491 292.548
-38.701 0.487 292.548
-38.704 0.481 292.548
-38.705 0.475 292.548
-38.709 0.469 292.548
-38.712 0.464 292.548
-38.723 0.442 292.548
-38.734 0.418 292.548
-38.750 0.385 292.548
-38.757 0.370 292.548
-38.761 0.361 292.548
-38.763 0.357 292.548
-38.766 0.350 292.548
-38.767 0.346 292.548
-38.771 0.338 292.548
-38.780 0.322 292.548
-38.784 0.315 292.548
-38.787 0.310 292.548
-38.799 0.285 292.548
-38.812 0.255 292.548
-38.815 0.248 292.548
-38.815 0.243 292.548
-38.820 0.227 292.548
-38.824 0.218 292.548
-38.824 0.210 292.548
-38.835 0.186 292.548
-38.835 0.179 292.548
-38.842 0.164 292.548
-38.838 0.160 292.548
-38.839 0.156 292.548
-38.843 0.142 292.548
-38.847 0.133 292.548
-38.851 0.124 292.548
-38.852 0.119 292.548
-38.851 0.115 292.548
-38.853 0.105 292.548
-38.857 0.091 292.548
-38.862 0.079 292.548
-38.865 0.070 292.548
-38.869 0.062 292.548
-38.871 0.056 292.548
-38.878 0.040 292.548
-38.878 0.035 292.548
-38.884 0.023 292.548
-38.892 0.006 292.548
-38.898 -0.010 292.548
-38.902 -0.020 292.548
-38.916 -0.054 292.548
-38.924 -0.072 292.548
-38.925 -0.076 292.548
-38.931 -0.090 292.548
-38.939 -0.106 292.548
-38.950 -0.128 292.548
-38.956 -0.140 292.548
-38.961 -0.153 292.548
-38.962 -0.161 292.548
-38.967 -0.172 292.548
-38.970 -0.181 292.548
-38.972 -0.185 292.548
-38.980 -0.200 292.548
-38.986 -0.209 292.548
-39.005 -0.248 292.548
-39.009 -0.257 292.548
-39.010 -0.262 292.548
-39.015 -0.273 292.548
-39.018 -0.279 292.548
-39.017 -0.283 292.548
-39.022 -0.295 292.548
-39.033 -0.317 292.548
-39.034 -0.321 292.548
-39.042 -0.340 292.548
-39.043 -0.346 292.548
-39.045 -0.353 292.548
-39.054 -0.376 292.548
-39.056 -0.382 292.548
-39.059 -0.387 292.548
-39.063 -0.393 292.548
-39.066 -0.398 292.548
-39.069 -0.402 292.548
-39.072 -0.408 292.548
-39.078 -0.417 292.548
-39.084 -0.423 292.548
-39.087 -0.429 292.548
-39.091 -0.432 292.548
-39.093 -0.436 292.548
-39.099 -0.443 292.548
-39.103 -0.447 292.548
-39.107 -0.449 292.548
-39.112 -0.455 292.548
-39.115 -0.460 292.548
-39.122 -0.468 292.548
-39.125 -0.472 292.548
-39.131 -0.477 292.548
-39.152 -0.517 292.548
-39.153 -0.521 292.548
-39.155 -0.528 292.548
-39.156 -0.535 292.548
-39.159 -0.545 292.548
-39.160 -0.549 292.548
-39.162 -0.560 292.548
-39.164 -0.570 292.548
-39.166 -0.580 292.548
-39.167 -0.584 292.548
-39.170 -0.599 292.548
-39.173 -0.614 292.548
-39.174 -0.620 292.548
-39.177 -0.630 292.548
-39.179 -0.634 292.548
-39.180 -0.642 292.548
-39.182 -0.646 292.548
-39.183 -0.650 292.548
-39.188 -0.658 292.548
-39.194 -0.670 292.548
-39.202 -0.686 292.548
-39.219 -0.725 292.548
-39.221 -0.730 292.548
-39.226 -0.742 292.548
-39.227 -0.747 292.548
-39.230 -0.753 292.548
-39.231 -0.758 292.548
-39.237 -0.771 292.548
-39.239 -0.776 292.548
-39.247 -0.791 292.548
-39.257 -0.808 292.548
-39.272 -0.835 292.548
-39.282 -0.853 292.548
-39.294 -0.873 292.548
-39.299 -0.880 292.548
-39.312 -0.898 292.548
-39.328 -0.922 292.548
-39.342 -0.934 292.548
-39.348 -0.936 292.548
-39.365 -0.953 292.548
-39.377 -0.963 292.548
-39.381 -0.967 292.548
-39.385 -0.969 292.548
-39.393 -0.979 292.548
-39.396 -0.983 292.548
-39.409 -0.998 292.548
-39.431 -1.029 292.548
-39.436 -1.041 292.548
-39.440 -1.047 292.548
-39.442 -1.052 292.548
-39.445 -1.061 292.548
-39.449 -1.071 292.548
-39.454 -1.079 292.548
-39.456 -1.085 292.548
-39.457 -1.089 292.548
-39.463 -1.098 292.548
-39.465 -1.102 292.548
-39.470 -1.110 292.548
-39.476 -1.119 292.548
-39.478 -1.125 292.548
-39.477 -1.130 292.548
-39.490 -1.153 292.548
-39.492 -1.160 292.548
-39.497 -1.168 292.548
-39.502 -1.176 292.548
-39.506 -1.182 292.548
-39.505 -1.186 292.548
-39.506 -1.191 292.548
-39.517 -1.209 292.548
-39.538 -1.240 292.548
-39.547 -1.252 292.548
-39.553 -1.257 292.548
-39.556 -1.260 292.548
-39.563 -1.267 292.548
-39.570 -1.273 292.548
-39.580 -1.285 292.548
-39.584 -1.288 292.548
-39.596 -1.298 292.548
-39.616 -1.318 292.548
-39.634 -1.338 292.548
-39.638 -1.343 292.548
-39.643 -1.350 292.548
-39.647 -1.356 292.548
-39.651 -1.362 292.548
-39.660 -1.375 292.548
-39.664 -1.381 292.548
-39.669 -1.388 292.548
-39.673 -1.393 292.548
-39.675 -1.399 292.548
-39.677 -1.403 292.548
-39.678 -1.408 292.548
-39.680 -1.412 292.548
-39.681 -1.417 292.548
-39.684 -1.422 292.548
-39.685 -1.429 292.548
-39.687 -1.434 292.548
-39.700 -1.453 292.548
-39.712 -1.469 292.548
-39.724 -1.483 292.548
-39.742 -1.508 292.548
-39.771 -1.540 292.548
-39.791 -1.563 292.548
-39.803 -1.579 292.548
-39.813 -1.593 292.548
-39.820 -1.604 292.548
-39.830 -1.618 292.548
-39.837 -1.630 292.548
-39.839 -1.634 292.548
-39.844 -1.645 292.548
-39.858 -1.666 292.548
-39.861 -1.673 292.548
-39.864 -1.679 292.548
-39.875 -1.698 292.548
-39.893 -1.724 292.548
-39.895 -1.729 292.548
-39.917 -1.762 292.548
-39.929 -1.781 292.548
-39.941 -1.798 292.548
-39.957 -1.816 292.548
-39.976 -1.840 292.548
-39.994 -1.859 292.548
-40.014 -1.882 292.548
-40.017 -1.886 292.548
-40.020 -1.890 292.548
-40.042 -1.912 292.548
-40.060 -1.930 292.548
-40.071 -1.941 292.548
-40.079 -1.945 292.548
-40.110 -1.971 292.548
-40.125 -1.987 292.548
-40.133 -1.997 292.548
-40.151 -2.015 292.548
-40.155 -2.018 292.548
-40.163 -2.024 292.548
-40.171 -2.031 292.548
-40.198 -2.059 292.548
-40.206 -2.067 292.548
-40.219 -2.080 292.548
-40.222 -2.083 292.548
-40.225 -2.087 292.548
-40.228 -2.091 292.548
-40.231 -2.094 292.548
-40.234 -2.097 292.548
-40.237 -2.101 292.548
-40.240 -2.104 292.548
-40.243 -2.108 292.548
-40.246 -2.111 292.548
-40.249 -2.114 292.548
-40.251 -2.118 292.548
-40.254 -2.121 292.548
-40.258 -2.126 292.548
-40.272 -2.142 292.548
-40.275 -2.146 292.548
-40.289 -2.161 292.548
-40.294 -2.167 292.548
-40.301 -2.175 292.548
-40.307 -2.183 292.548
-40.310 -2.187 292.548
-40.316 -2.194 292.548
-40.320 -2.199 292.548
-40.322 -2.203 292.548
-40.327 -2.209 292.548
-40.335 -2.218 292.548
-40.339 -2.221 292.548
-40.345 -2.226 292.548
-40.349 -2.228 292.548
-40.355 -2.233 292.548
-40.370 -2.249 292.548
-40.376 -2.255 292.548
-40.382 -2.262 292.548
-40.399 -2.279 292.548
-40.415 -2.298 292.548
-40.423 -2.309 292.548
-40.428 -2.315 292.548
-40.432 -2.320 292.548
-40.437 -2.328 292.548
-40.443 -2.335 292.548
-40.448 -2.342 292.548
-40.451 -2.346 292.548
-40.454 -2.351 292.548
-40.459 -2.357 292.548
-40.464 -2.365 292.548
-40.470 -2.372 292.548
-40.475 -2.376 292.548
-40.480 -2.380 292.548
-40.486 -2.384 292.548
-40.495 -2.390 292.548
-40.499 -2.394 292.548
-40.503 -2.397 292.548
-40.507 -2.400 292.548
-40.518 -2.410 292.548
-40.523 -2.415 292.548
-40.528 -2.419 292.548
-40.533 -2.424 292.548
-40.539 -2.430 292.548
-40.545 -2.435 292.548
-40.550 -2.439 292.548
-40.577 -2.470 292.548
-40.582 -2.474 292.548
-40.605 -2.494 292.548
-40.614 -2.502 292.548
-40.647 -2.532 292.548
-40.660 -2.544 292.548
-40.664 -2.548 292.548
-40.672 -2.556 292.548
-40.675 -2.560 292.548
-40.681 -2.567 292.548
-40.684 -2.570 292.548
-40.687 -2.573 292.548
-40.689 -2.577 292.548
-40.693 -2.582 292.548
-40.696 -2.586 292.548
-40.700 -2.591 292.548
-40.705 -2.598 292.548
-40.708 -2.602 292.548
-40.711 -2.606 292.548
-40.717 -2.614 292.548
-40.721 -2.619 292.548
-40.725 -2.624 292.548
-40.729 -2.631 292.548
-40.734 -2.637 292.548
-40.737 -2.642 292.548
-40.739 -2.647 292.548
-40.744 -2.654 292.548
-40.752 -2.668 292.548
-40.759 -2.676 292.548
-40.762 -2.680 292.548
-40.773 -2.693 292.548
-40.777 -2.699 292.548
-40.791 -2.715 292.548
-40.796 -2.721 292.548
-40.802 -2.729 292.548
-40.809 -2.737 292.548
-40.817 -2.748 292.548
-40.819 -2.752 292.548
-40.824 -2.758 292.548
-40.836 -2.771 292.548
-40.851 -2.785 292.548
-40.863 -2.796 292.548
-40.867 -2.800 292.548
-40.872 -2.804 292.548
-40.882 -2.814 292.548
-40.896 -2.828 292.548
-40.910 -2.843 292.548
-40.935 -2.871 292.548
-40.946 -2.883 292.548
-40.949 -2.886 292.548
-40.977 -2.919 292.548
-40.982 -2.925 292.548
-40.986 -2.930 292.548
-40.991 -2.937 292.548
-40.999 -2.948 292.548
-41.003 -2.953 292.548
-41.008 -2.959 292.548
-41.013 -2.965 292.548
-41.017 -2.970 292.548
-41.020 -2.976 292.548
-41.030 -2.987 292.548
-41.032 -2.991 292.548
-41.039 -2.999 292.548
-41.049 -3.010 292.548
-41.056 -3.018 292.548
-41.059 -3.021 292.548
-41.069 -3.032 292.548
-41.098 -3.063 292.548
-41.102 -3.068 292.548
-41.105 -3.072 292.548
-41.111 -3.080 292.548
-41.116 -3.086 292.548
-41.120 -3.091 292.548
-41.125 -3.097 292.548
-41.133 -3.107 292.548
-41.141 -3.117 292.548
-41.147 -3.124 292.548
-41.153 -3.131 292.548
-41.159 -3.138 292.548
-41.167 -3.148 292.548
-41.171 -3.153 292.548
-41.175 -3.158 292.548
-41.180 -3.164 292.548
-41.188 -3.174 292.548
-41.197 -3.184 292.548
-41.201 -3.189 292.548
-41.207 -3.196 292.548
-41.213 -3.204 292.548
-41.217 -3.209 292.548
-41.226 -3.219 292.548
-41.232 -3.224 292.548
-41.237 -3.229 292.548
-41.241 -3.232 292.548
-41.245 -3.236 292.548
-41.250 -3.240 292.548
-41.254 -3.244 292.548
-41.258 -3.247 292.548
-41.263 -3.252 292.548
-41.267 -3.255 292.548
-41.271 -3.259 292.548
-41.275 -3.262 292.548
-41.291 -3.277 292.548
-41.308 -3.291 292.548
-41.322 -3.303 292.548
-41.328 -3.308 292.548
-41.357 -3.334 292.548
-41.369 -3.346 292.548
-41.373 -3.350 292.548
-41.387 -3.365 292.548
-41.399 -3.378 292.548
-41.402 -3.381 292.548
-41.409 -3.389 292.548
-41.421 -3.402 292.548
-41.430 -3.413 292.548
-41.433 -3.416 292.548
-41.443 -3.428 292.548
-41.459 -3.444 292.548
-41.462 -3.448 292.548
-41.464 -3.453 292.548
-41.474 -3.465 292.548
-41.478 -3.469 292.548
-41.482 -3.471 292.548
-41.494 -3.481 292.548
-41.515 -3.502 292.548
-41.535 -3.523 292.548
-41.555 -3.546 292.548
-41.562 -3.555 292.548
-41.575 -3.571 292.548
-41.589 -3.586 292.548
-41.602 -3.600 292.548
-41.627 -3.627 292.548
-41.643 -3.644 292.548
-41.649 -3.650 292.548
-41.680 -3.681 292.548
-41.694 -3.695 292.548
-41.718 -3.719 292.548
-41.722 -3.721 292.548
-41.731 -3.723 292.548
