-39.217 10.192 286.073
-39.213 10.196 286.073
-39.207 10.194 286.073
-39.203 10.199 286.073
-39.200 10.203 286.073
-39.197 10.205 286.073
-39.195 10.206 286.073
-39.194 10.208 286.073
-39.191 10.212 286.073
-39.185 10.213 286.073
-39.179 10.217 286.073
-39.175 10.220 286.073
-39.171 10.225 286.073
-39.168 10.227 286.073
-39.156 10.236 286.073
-39.153 10.235 286.073
-39.150 10.240 286.073
-39.141 10.246 286.073
-39.135 10.244 286.073
-39.133 10.244 286.073
-39.129 10.251 286.073
-39.127 10.253 286.073
-39.124 10.257 286.073
-39.118 10.261 286.073
-39.112 10.266 286.073
-39.106 10.271 286.073
-39.102 10.276 286.073
-39.099 10.278 286.073
-39.093 10.290 286.073
-39.091 10.294 286.073
-39.088 10.294 286.073
-39.085 10.303 286.073
-39.082 10.307 286.073
-39.077 10.316 286.073
-39.076 10.318 286.073
-39.074 10.321 286.073
-39.067 10.334 286.073
-39.062 10.342 286.073
-39.058 10.348 286.073
-39.055 10.352 286.073
-39.054 10.355 286.073
-39.046 10.369 286.073
-39.041 10.368 286.073
-39.038 10.374 286.073
-39.035 10.387 286.073
-39.034 10.389 286.073
-39.030 10.395 286.073
-39.026 10.402 286.073
-39.022 10.404 286.073
-39.021 10.410 286.073
-39.016 10.419 286.073
-39.014 10.423 286.073
-39.009 10.426 286.073
-39.008 10.432 286.073
-39.004 10.451 286.073
-39.003 10.456 286.073
-39.001 10.458 286.073
-38.998 10.460 286.073
-38.997 10.469 286.073
-38.995 10.476 286.073
-38.994 10.481 286.073
-38.992 10.494 286.073
-38.989 10.502 286.073
-38.987 10.507 286.073
-38.983 10.520 286.073
-38.977 10.555 286.073
-38.976 10.581 286.073
-38.978 10.585 286.073
-38.980 10.604 286.073
-38.982 10.613 286.073
-38.988 10.631 286.073
-38.987 10.639 286.073
-38.991 10.648 286.073
-38.996 10.656 286.073
-38.995 10.663 286.073
-38.996 10.670 286.073
-38.996 10.675 286.073
-38.995 10.684 286.073
-38.999 10.691 286.073
-39.006 10.694 286.073
-39.004 10.703 286.073
-38.995 10.713 286.073
-38.982 10.724 286.073
-38.973 10.731 286.073
-38.956 10.745 286.073
-38.947 10.741 286.073
-38.939 10.751 286.073
-38.921 10.750 286.073
-38.915 10.755 286.073
-38.908 10.750 286.073
-38.902 10.756 286.073
-38.882 10.750 286.073
-38.858 10.756 286.073
-38.850 10.754 286.073
-38.837 10.763 286.073
-38.829 10.761 286.073
-38.816 10.767 286.073
-38.814 10.766 286.073
-38.810 10.763 286.073
-38.804 10.768 286.073
-38.793 10.766 286.073
-38.788 10.769 286.073
-38.785 10.769 286.073
-38.779 10.769 286.073
-38.771 10.764 286.073
-38.765 10.765 286.073
-38.762 10.768 286.073
-38.748 10.767 286.073
-38.734 10.762 286.073
-38.727 10.766 286.073
-38.718 10.764 286.073
-38.711 10.767 286.073
-38.701 10.765 286.073
-38.688 10.766 286.073
-38.683 10.766 286.073
-38.671 10.764 286.073
-38.668 10.765 286.073
-38.651 10.763 286.073
-38.646 10.761 286.073
-38.641 10.759 286.073
-38.634 10.762 286.073
-38.630 10.763 286.073
-38.623 10.760 286.073
-38.605 10.759 286.073
-38.600 10.756 286.073
-38.594 10.755 286.073
-38.577 10.757 286.073
-38.573 10.759 286.073
-38.563 10.753 286.073
-38.557 10.755 286.073
-38.552 10.758 286.073
-38.546 10.759 286.073
-38.536 10.757 286.073
-38.527 10.753 286.073
-38.520 10.753 286.073
-38.514 10.754 286.073
-38.512 10.753 286.073
-38.506 10.755 286.073
-38.499 10.755 286.073
-38.496 10.755 286.073
-38.457 10.765 286.073
-38.431 10.773 286.073
-38.403 10.782 286.073
-38.391 10.786 286.073
-38.379 10.790 286.073
-38.359 10.796 286.073
-38.354 10.798 286.073
-38.328 10.808 286.073
-38.315 10.813 286.073
-38.306 10.815 286.073
-38.302 10.816 286.073
-38.274 10.826 286.073
-38.268 10.828 286.073
-38.257 10.832 286.073
-38.226 10.841 286.073
-38.209 10.849 286.073
-38.190 10.859 286.073
-38.188 10.860 286.073
-38.181 10.864 286.073
-38.178 10.868 286.073
-38.176 10.868 286.073
-38.167 10.872 286.073
-38.132 10.893 286.073
-38.119 10.900 286.073
-38.111 10.906 286.073
-38.100 10.913 286.073
-38.081 10.923 286.073
-38.068 10.929 286.073
-38.063 10.934 286.073
-38.046 10.942 286.073
-38.024 10.953 286.073
-38.012 10.961 286.073
-37.990 10.976 286.073
-37.977 10.983 286.073
-37.965 10.990 286.073
-37.928 11.011 286.073
-37.927 11.013 286.073
-37.921 11.023 286.073
-37.915 11.027 286.073
-37.915 11.030 286.073
-37.906 11.037 286.073
-37.898 11.044 286.073
-37.895 11.050 286.073
-37.891 11.055 286.073
-37.890 11.057 286.073
-37.877 11.065 286.073
-37.874 11.070 286.073
-37.861 11.083 286.073
-37.859 11.085 286.073
-37.855 11.089 286.073
-37.852 11.091 286.073
-37.850 11.094 286.073
-37.843 11.100 286.073
-37.839 11.103 286.073
-37.835 11.107 286.073
-37.832 11.109 286.073
-37.827 11.112 286.073
-37.823 11.115 286.073
-37.816 11.125 286.073
-37.804 11.132 286.073
-37.800 11.138 286.073
-37.797 11.141 286.073
-37.793 11.144 286.073
-37.790 11.146 286.073
-37.788 11.149 286.073
-37.780 11.157 286.073
-37.759 11.170 286.073
-37.757 11.174 286.073
-37.756 11.177 286.073
-37.741 11.186 286.073
-37.739 11.193 286.073
-37.737 11.195 286.073
-37.731 11.200 286.073
-37.726 11.205 286.073
-37.715 11.213 286.073
-37.711 11.217 286.073
-37.705 11.221 286.073
-37.704 11.224 286.073
-37.701 11.227 286.073
-37.693 11.237 286.073
-37.686 11.242 286.073
-37.687 11.247 286.073
-37.684 11.250 286.073
-37.674 11.258 286.073
-37.671 11.263 286.073
-37.666 11.269 286.073
-37.664 11.272 286.073
-37.662 11.276 286.073
-37.663 11.278 286.073
-37.661 11.281 286.073
-37.659 11.286 286.073
-37.654 11.292 286.073
-37.651 11.297 286.073
-37.646 11.302 286.073
-37.645 11.306 286.073
-37.638 11.312 286.073
-37.640 11.318 286.073
-37.637 11.320 286.073
-37.634 11.324 286.073
-37.633 11.326 286.073
-37.631 11.329 286.073
-37.629 11.334 286.073
-37.625 11.343 286.073
-37.621 11.346 286.073
-37.622 11.349 286.073
-37.621 11.352 286.073
-37.613 11.361 286.073
-37.607 11.368 286.073
-37.607 11.373 286.073
-37.608 11.377 286.073
-37.596 11.393 286.073
-37.597 11.397 286.073
-37.593 11.400 286.073
-37.587 11.410 286.073
-37.588 11.413 286.073
-37.576 11.422 286.073
-37.580 11.428 286.073
-37.570 11.446 286.073
-37.571 11.448 286.073
-37.565 11.453 286.073
-37.565 11.457 286.073
-37.563 11.461 286.073
-37.562 11.464 286.073
-37.561 11.467 286.073
-37.548 11.479 286.073
-37.550 11.484 286.073
-37.547 11.487 286.073
-37.549 11.490 286.073
-37.538 11.503 286.073
-37.535 11.512 286.073
-37.532 11.520 286.073
-37.532 11.522 286.073
-37.526 11.528 286.073
-37.526 11.532 286.073
-37.526 11.534 286.073
-37.515 11.544 286.073
-37.509 11.555 286.073
-37.507 11.559 286.073
-37.505 11.563 286.073
-37.504 11.567 286.073
-37.498 11.575 286.073
-37.498 11.577 286.073
-37.497 11.580 286.073
-37.497 11.582 286.073
-37.491 11.588 286.073
-37.491 11.590 286.073
-37.492 11.593 286.073
-37.492 11.595 286.073
-37.489 11.606 286.073
-37.490 11.608 286.073
-37.490 11.620 286.073
-37.489 11.632 286.073
-37.489 11.635 286.073
-37.485 11.640 286.073
-37.486 11.642 286.073
-37.487 11.646 286.073
-37.484 11.650 286.073
-37.486 11.656 286.073
-37.487 11.660 286.073
-37.485 11.663 286.073
-37.484 11.665 286.073
-37.485 11.667 286.073
-37.485 11.672 286.073
-37.485 11.676 286.073
-37.484 11.678 286.073
-37.482 11.680 286.073
-37.483 11.682 286.073
-37.482 11.685 286.073
-37.482 11.689 286.073
-37.482 11.695 286.073
-37.482 11.698 286.073
-37.481 11.703 286.073
-37.481 11.705 286.073
-37.481 11.709 286.073
-37.481 11.711 286.073
-37.481 11.714 286.073
-37.480 11.718 286.073
-37.475 11.725 286.073
-37.478 11.734 286.073
-37.479 11.738 286.073
-37.478 11.741 286.073
-37.476 11.744 286.073
-37.478 11.749 286.073
-37.475 11.757 286.073
-37.475 11.759 286.073
-37.475 11.765 286.073
-37.475 11.769 286.073
-37.472 11.775 286.073
-37.475 11.778 286.073
-37.474 11.783 286.073
-37.474 11.785 286.073
-37.474 11.787 286.073
-37.474 11.789 286.073
-37.472 11.792 286.073
-37.473 11.794 286.073
-37.472 11.796 286.073
-37.473 11.800 286.073
-37.471 11.806 286.073
-37.470 11.808 286.073
-37.467 11.813 286.073
-37.471 11.817 286.073
-37.470 11.820 286.073
-37.471 11.822 286.073
-37.469 11.825 286.073
-37.469 11.829 286.073
-37.467 11.832 286.073
-37.469 11.836 286.073
-37.467 11.840 286.073
-37.469 11.846 286.073
-37.471 11.852 286.073
-37.472 11.855 286.073
-37.473 11.858 286.073
-37.475 11.861 286.073
-37.475 11.865 286.073
-37.477 11.868 286.073
-37.476 11.871 286.073
-37.478 11.875 286.073
-37.480 11.881 286.073
-37.480 11.883 286.073
-37.481 11.886 286.073
-37.482 11.888 286.073
-37.483 11.891 286.073
-37.483 11.893 286.073
-37.485 11.896 286.073
-37.485 11.900 286.073
-37.485 11.902 286.073
-37.487 11.907 286.073
-37.488 11.909 286.073
-37.488 11.911 286.073
-37.488 11.913 286.073
-37.489 11.916 286.073
-37.490 11.918 286.073
-37.492 11.923 286.073
-37.492 11.926 286.073
-37.492 11.928 286.073
-37.493 11.930 286.073
-37.494 11.933 286.073
-37.495 11.936 286.073
-37.495 11.938 286.073
-37.496 11.941 286.073
-37.496 11.944 286.073
-37.498 11.946 286.073
-37.498 11.949 286.073
-37.499 11.952 286.073
-37.500 11.956 286.073
-37.501 11.962 286.073
-37.502 11.964 286.073
-37.503 11.968 286.073
-37.505 11.974 286.073
-37.505 11.977 286.073
-37.506 11.979 286.073
-37.507 11.984 286.073
-37.509 11.986 286.073
-37.510 11.988 286.073
-37.513 11.991 286.073
-37.515 11.994 286.073
-37.518 11.997 286.073
-37.518 11.999 286.073
-37.520 12.001 286.073
-37.522 12.003 286.073
-37.529 12.011 286.073
-37.534 12.018 286.073
-37.539 12.024 286.073
-37.540 12.026 286.073
-37.540 12.028 286.073
-37.543 12.031 286.073
-37.548 12.036 286.073
-37.550 12.039 286.073
-37.552 12.041 286.073
-37.552 12.045 286.073
-37.560 12.051 286.073
-37.562 12.056 286.073
-37.569 12.065 286.073
-37.573 12.068 286.073
-37.575 12.070 286.073
-37.581 12.077 286.073
-37.585 12.083 286.073
-37.592 12.092 286.073
-37.596 12.096 286.073
-37.605 12.107 286.073
-37.609 12.112 286.073
-37.611 12.116 286.073
-37.615 12.121 286.073
-37.623 12.130 286.073
-37.622 12.133 286.073
-37.632 12.143 286.073
-37.632 12.145 286.073
-37.629 12.152 286.073
-37.631 12.154 286.073
-37.633 12.156 286.073
-37.635 12.163 286.073
-37.641 12.169 286.073
-37.645 12.182 286.073
-37.651 12.197 286.073
-37.653 12.204 286.073
-37.655 12.210 286.073
-37.652 12.223 286.073
-37.649 12.231 286.073
-37.650 12.241 286.073
-37.638 12.254 286.073
-37.635 12.256 286.073
-37.630 12.261 286.073
-37.620 12.270 286.073
-37.615 12.274 286.073
-37.585 12.302 286.073
-37.578 12.307 286.073
-37.560 12.327 286.073
-37.544 12.344 286.073
-37.538 12.351 286.073
-37.521 12.369 286.073
-37.509 12.383 286.073
-37.496 12.393 286.073
-37.482 12.409 286.073
-37.471 12.421 286.073
-37.469 12.422 286.073
-37.466 12.423 286.073
-37.457 12.434 286.073
-37.451 12.440 286.073
-37.431 12.462 286.073
-37.423 12.481 286.073
-37.399 12.518 286.073
-37.392 12.530 286.073
-37.383 12.541 286.073
-37.372 12.559 286.073
-37.370 12.562 286.073
-37.363 12.572 286.073
-37.358 12.578 286.073
-37.343 12.600 286.073
-37.328 12.618 286.073
-37.320 12.630 286.073
-37.305 12.648 286.073
-37.292 12.663 286.073
-37.276 12.684 286.073
-37.264 12.701 286.073
-37.256 12.711 286.073
-37.246 12.721 286.073
-37.220 12.756 286.073
-37.213 12.769 286.073
-37.205 12.781 286.073
-37.200 12.789 286.073
-37.193 12.803 286.073
-37.185 12.816 286.073
-37.164 12.843 286.073
-37.164 12.857 286.073
-37.153 12.875 286.073
-37.141 12.900 286.073
-37.128 12.920 286.073
-37.115 12.942 286.073
-37.104 12.959 286.073
-37.104 12.962 286.073
-37.108 12.972 286.073
-37.106 12.977 286.073
-37.098 12.991 286.073
-37.098 13.002 286.073
-37.091 13.012 286.073
-37.092 13.021 286.073
-37.091 13.030 286.073
-37.091 13.038 286.073
-37.091 13.042 286.073
-37.092 13.062 286.073
-37.091 13.080 286.073
-37.085 13.094 286.073
-37.086 13.100 286.073
-37.083 13.106 286.073
-37.073 13.125 286.073
-37.080 13.133 286.073
-37.075 13.141 286.073
-37.075 13.143 286.073
-37.073 13.149 286.073
-37.068 13.148 286.073
-37.060 13.153 286.073
-37.047 13.189 286.073
-37.039 13.201 286.073
-37.038 13.205 286.073
-37.037 13.208 286.073
-37.038 13.213 286.073
-37.034 13.224 286.073
-37.026 13.241 286.073
-37.023 13.247 286.073
-37.019 13.257 286.073
-37.013 13.266 286.073
-37.008 13.273 286.073
-37.007 13.278 286.073
-37.016 13.286 286.073
-37.016 13.295 286.073
-37.011 13.302 286.073
-37.006 13.315 286.073
-37.012 13.321 286.073
-37.006 13.340 286.073
-37.004 13.344 286.073
-37.001 13.354 286.073
-36.999 13.360 286.073
-37.002 13.369 286.073
-37.003 13.375 286.073
-37.003 13.380 286.073
-37.002 13.385 286.073
-36.999 13.394 286.073
-36.997 13.399 286.073
-36.996 13.402 286.073
-36.993 13.407 286.073
-36.991 13.419 286.073
-36.991 13.421 286.073
-36.982 13.436 286.073
-36.975 13.444 286.073
-36.966 13.455 286.073
-36.953 13.472 286.073
-36.930 13.500 286.073
-36.921 13.518 286.073
-36.900 13.552 286.073
-36.890 13.567 286.073
-36.882 13.578 286.073
-36.877 13.585 286.073
-36.875 13.588 286.073
-36.875 13.594 286.073
-36.856 13.627 286.073
-36.853 13.634 286.073
-36.853 13.639 286.073
-36.850 13.648 286.073
-36.846 13.656 286.073
-36.823 13.687 286.073
-36.804 13.710 286.073
-36.779 13.741 286.073
-36.766 13.755 286.073
-36.742 13.776 286.073
-36.735 13.783 286.073
-36.729 13.784 286.073
-36.714 13.794 286.073
-36.675 13.816 286.073
-36.669 13.822 286.073
-36.663 13.828 286.073
-36.657 13.835 286.073
-36.644 13.844 286.073
-36.625 13.858 286.073
-36.611 13.868 286.073
-36.593 13.896 286.073
-36.580 13.913 286.073
-36.569 13.927 286.073
-36.568 13.930 286.073
-36.558 13.942 286.073
-36.546 13.954 286.073
-36.534 13.967 286.073
-36.528 13.979 286.073
-36.506 13.999 286.073
-36.498 14.003 286.073
-36.477 14.013 286.073
-36.467 14.017 286.073
-36.455 14.024 286.073
-36.425 14.050 286.073
-36.426 14.053 286.073
-36.419 14.061 286.073
-36.412 14.067 286.073
-36.410 14.073 286.073
-36.408 14.078 286.073
-36.400 14.087 286.073
-36.398 14.090 286.073
-36.373 14.113 286.073
-36.368 14.118 286.073
-36.353 14.134 286.073
-36.330 14.155 286.073
-36.300 14.186 286.073
-36.298 14.191 286.073
-36.298 14.194 286.073
-36.295 14.197 286.073
-36.291 14.204 286.073
-36.289 14.214 286.073
-36.282 14.229 286.073
-36.277 14.242 286.073
-36.265 14.255 286.073
-36.264 14.259 286.073
-36.259 14.265 286.073
-36.258 14.274 286.073
-36.251 14.282 286.073
-36.252 14.290 286.073
-36.245 14.303 286.073
-36.237 14.325 286.073
-36.230 14.346 286.073
-36.227 14.352 286.073
-36.218 14.369 286.073
