-34.803 9.266 294.598
-34.805 9.272 294.598
-34.801 9.278 294.598
-34.796 9.286 294.598
-34.791 9.296 294.598
-34.784 9.311 294.598
-34.781 9.313 294.598
-34.777 9.323 294.598
-34.776 9.326 294.598
-34.773 9.328 294.598
-34.771 9.332 294.598
-34.767 9.343 294.598
-34.762 9.352 294.598
-34.758 9.363 294.598
-34.754 9.370 294.598
-34.748 9.382 294.598
-34.739 9.406 294.598
-34.731 9.419 294.598
-34.726 9.433 294.598
-34.722 9.443 294.598
-34.708 9.471 294.598
-34.694 9.504 294.598
-34.690 9.507 294.598
-34.683 9.522 294.598
-34.673 9.540 294.598
-34.670 9.544 294.598
-34.667 9.551 294.598
-34.665 9.554 294.598
-34.660 9.564 294.598
-34.658 9.570 294.598
-34.652 9.580 294.598
-34.648 9.584 294.598
-34.645 9.590 294.598
-34.642 9.596 294.598
-34.631 9.636 294.598
-34.625 9.659 294.598
-34.624 9.671 294.598
-34.618 9.690 294.598
-34.619 9.692 294.598
-34.617 9.699 294.598
-34.615 9.706 294.598
-34.611 9.720 294.598
-34.609 9.737 294.598
-34.608 9.744 294.598
-34.607 9.749 294.598
-34.602 9.763 294.598
-34.601 9.766 294.598
-34.603 9.769 294.598
-34.602 9.774 294.598
-34.595 9.802 294.598
-34.593 9.808 294.598
-34.592 9.821 294.598
-34.588 9.835 294.598
-34.588 9.838 294.598
-34.588 9.840 294.598
-34.584 9.852 294.598
-34.583 9.859 294.598
-34.582 9.864 294.598
-34.581 9.868 294.598
-34.581 9.871 294.598
-34.580 9.878 294.598
-34.577 9.892 294.598
-34.576 9.896 294.598
-34.575 9.905 294.598
-34.570 9.924 294.598
-34.570 9.927 294.598
-34.565 9.949 294.598
-34.565 9.954 294.598
-34.562 9.965 294.598
-34.554 9.998 294.598
-34.542 10.029 294.598
-34.531 10.060 294.598
-34.519 10.087 294.598
-34.510 10.115 294.598
-34.495 10.152 294.598
-34.491 10.164 294.598
-34.490 10.168 294.598
-34.481 10.192 294.598
-34.470 10.229 294.598
-34.456 10.264 294.598
-34.445 10.292 294.598
-34.430 10.323 294.598
-34.426 10.327 294.598
-34.418 10.339 294.598
-34.403 10.373 294.598
-34.399 10.385 294.598
-34.391 10.396 294.598
-34.388 10.400 294.598
-34.378 10.417 294.598
-34.367 10.434 294.598
-34.358 10.448 294.598
-34.354 10.452 294.598
-34.346 10.465 294.598
-34.338 10.473 294.598
-34.331 10.487 294.598
-34.323 10.501 294.598
-34.321 10.501 294.598
-34.312 10.515 294.598
-34.307 10.523 294.598
-34.295 10.542 294.598
-34.290 10.550 294.598
-34.289 10.552 294.598
-34.281 10.562 294.598
-34.263 10.591 294.598
-34.257 10.601 294.598
-34.250 10.615 294.598
-34.241 10.627 294.598
-34.230 10.650 294.598
-34.219 10.681 294.598
-34.218 10.683 294.598
-34.217 10.686 294.598
-34.218 10.689 294.598
-34.215 10.696 294.598
-34.215 10.699 294.598
-34.211 10.714 294.598
-34.206 10.727 294.598
-34.204 10.729 294.598
-34.198 10.740 294.598
-34.188 10.757 294.598
-34.187 10.759 294.598
-34.182 10.762 294.598
-34.179 10.766 294.598
-34.172 10.771 294.598
-34.166 10.769 294.598
-34.156 10.787 294.598
-34.150 10.788 294.598
-34.148 10.789 294.598
-34.144 10.795 294.598
-34.137 10.805 294.598
-34.131 10.811 294.598
-34.127 10.818 294.598
-34.123 10.822 294.598
-34.119 10.824 294.598
-34.114 10.830 294.598
-34.102 10.849 294.598
-34.100 10.849 294.598
-34.097 10.855 294.598
-34.093 10.860 294.598
-34.080 10.879 294.598
-34.079 10.881 294.598
-34.076 10.885 294.598
-34.075 10.887 294.598
-34.070 10.894 294.598
-34.064 10.900 294.598
-34.060 10.907 294.598
-34.057 10.911 294.598
-34.051 10.919 294.598
-34.046 10.928 294.598
-34.043 10.930 294.598
-34.041 10.934 294.598
-34.036 10.941 294.598
-34.031 10.949 294.598
-34.021 10.961 294.598
-34.018 10.964 294.598
-34.012 10.976 294.598
-34.010 10.976 294.598
-34.004 10.987 294.598
-33.995 11.002 294.598
-33.977 11.030 294.598
-33.965 11.048 294.598
-33.961 11.050 294.598
-33.950 11.071 294.598
-33.944 11.077 294.598
-33.933 11.094 294.598
-33.929 11.095 294.598
-33.919 11.114 294.598
-33.918 11.116 294.598
-33.916 11.119 294.598
-33.911 11.123 294.598
-33.910 11.125 294.598
-33.896 11.142 294.598
-33.892 11.147 294.598
-33.888 11.152 294.598
-33.875 11.178 294.598
-33.863 11.198 294.598
-33.853 11.215 294.598
-33.851 11.218 294.598
-33.840 11.238 294.598
-33.835 11.244 294.598
-33.829 11.254 294.598
-33.818 11.273 294.598
-33.816 11.277 294.598
-33.812 11.285 294.598
-33.808 11.291 294.598
-33.793 11.328 294.598
-33.781 11.362 294.598
-33.771 11.384 294.598
-33.765 11.400 294.598
-33.766 11.402 294.598
-33.762 11.406 294.598
-33.754 11.423 294.598
-33.740 11.464 294.598
-33.727 11.493 294.598
-33.727 11.496 294.598
-33.720 11.511 294.598
-33.705 11.547 294.598
-33.699 11.552 294.598
-33.697 11.556 294.598
-33.694 11.558 294.598
-33.690 11.564 294.598
-33.677 11.585 294.598
-33.672 11.593 294.598
-33.655 11.625 294.598
-33.652 11.629 294.598
-33.649 11.634 294.598
-33.646 11.641 294.598
-33.643 11.644 294.598
-33.638 11.654 294.598
-33.625 11.673 294.598
-33.616 11.690 294.598
-33.614 11.691 294.598
-33.612 11.692 294.598
-33.607 11.701 294.598
-33.605 11.704 294.598
-33.601 11.713 294.598
-33.597 11.719 294.598
-33.594 11.724 294.598
-33.591 11.729 294.598
-33.586 11.738 294.598
-33.575 11.755 294.598
-33.565 11.784 294.598
-33.562 11.795 294.598
-33.559 11.806 294.598
-33.558 11.815 294.598
-33.553 11.835 294.598
-33.551 11.840 294.598
-33.549 11.852 294.598
-33.547 11.857 294.598
-33.549 11.858 294.598
-33.547 11.869 294.598
-33.546 11.874 294.598
-33.545 11.885 294.598
-33.544 11.893 294.598
-33.544 11.895 294.598
-33.543 11.900 294.598
-33.542 11.906 294.598
-33.542 11.911 294.598
-33.540 11.919 294.598
-33.536 11.929 294.598
-33.530 11.943 294.598
-33.524 11.959 294.598
-33.523 11.963 294.598
-33.514 11.975 294.598
-33.513 11.977 294.598
-33.497 12.013 294.598
-33.491 12.024 294.598
-33.487 12.032 294.598
-33.483 12.039 294.598
-33.478 12.048 294.598
-33.475 12.053 294.598
-33.474 12.055 294.598
-33.472 12.057 294.598
-33.470 12.061 294.598
-33.465 12.070 294.598
-33.463 12.073 294.598
-33.461 12.077 294.598
-33.460 12.079 294.598
-33.454 12.090 294.598
-33.449 12.095 294.598
-33.443 12.107 294.598
-33.439 12.113 294.598
-33.437 12.113 294.598
-33.436 12.115 294.598
-33.434 12.118 294.598
-33.428 12.130 294.598
-33.420 12.146 294.598
-33.415 12.151 294.598
-33.408 12.167 294.598
-33.405 12.173 294.598
-33.399 12.185 294.598
-33.396 12.190 294.598
-33.389 12.203 294.598
-33.386 12.206 294.598
-33.382 12.214 294.598
-33.376 12.225 294.598
-33.374 12.229 294.598
-33.370 12.235 294.598
-33.365 12.245 294.598
-33.363 12.248 294.598
-33.362 12.250 294.598
-33.357 12.259 294.598
-33.353 12.266 294.598
-33.351 12.270 294.598
-33.349 12.273 294.598
-33.348 12.275 294.598
-33.344 12.281 294.598
-33.340 12.290 294.598
-33.338 12.291 294.598
-33.337 12.293 294.598
-33.333 12.302 294.598
-33.329 12.309 294.598
-33.327 12.313 294.598
-33.326 12.314 294.598
-33.323 12.320 294.598
-33.318 12.328 294.598
-33.314 12.333 294.598
-33.311 12.340 294.598
-33.309 12.344 294.598
-33.307 12.347 294.598
-33.305 12.348 294.598
-33.302 12.355 294.598
-33.299 12.361 294.598
-33.297 12.365 294.598
-33.293 12.372 294.598
-33.289 12.379 294.598
-33.286 12.385 294.598
-33.281 12.392 294.598
-33.279 12.397 294.598
-33.276 12.402 294.598
-33.275 12.404 294.598
-33.274 12.406 294.598
-33.269 12.414 294.598
-33.264 12.423 294.598
-33.259 12.426 294.598
-33.256 12.430 294.598
-33.251 12.437 294.598
-33.248 12.441 294.598
-33.242 12.455 294.598
-33.236 12.463 294.598
-33.232 12.463 294.598
-33.229 12.471 294.598
-33.227 12.475 294.598
-33.219 12.486 294.598
-33.210 12.498 294.598
-33.208 12.501 294.598
-33.204 12.506 294.598
-33.200 12.512 294.598
-33.197 12.517 294.598
-33.192 12.520 294.598
-33.188 12.525 294.598
-33.185 12.532 294.598
-33.181 12.533 294.598
-33.179 12.537 294.598
-33.178 12.540 294.598
-33.177 12.543 294.598
-33.172 12.552 294.598
-33.170 12.552 294.598
-33.166 12.556 294.598
-33.164 12.562 294.598
-33.162 12.564 294.598
-33.161 12.566 294.598
-33.155 12.575 294.598
-33.152 12.578 294.598
-33.151 12.581 294.598
-33.149 12.582 294.598
-33.146 12.589 294.598
-33.142 12.596 294.598
-33.139 12.600 294.598
-33.135 12.607 294.598
-33.131 12.607 294.598
-33.126 12.621 294.598
-33.120 12.628 294.598
-33.116 12.632 294.598
-33.113 12.641 294.598
-33.110 12.645 294.598
-33.108 12.649 294.598
-33.106 12.650 294.598
-33.105 12.653 294.598
-33.104 12.655 294.598
-33.103 12.657 294.598
-33.101 12.663 294.598
-33.098 12.669 294.598
-33.095 12.675 294.598
-33.094 12.678 294.598
-33.092 12.681 294.598
-33.087 12.688 294.598
-33.085 12.695 294.598
-33.084 12.698 294.598
-33.082 12.702 294.598
-33.080 12.706 294.598
-33.077 12.713 294.598
-33.073 12.718 294.598
-33.071 12.721 294.598
-33.068 12.729 294.598
-33.066 12.731 294.598
-33.064 12.738 294.598
-33.062 12.741 294.598
-33.059 12.747 294.598
-33.058 12.749 294.598
-33.055 12.754 294.598
-33.053 12.758 294.598
-33.049 12.767 294.598
-33.045 12.775 294.598
-32.918 13.325 294.598
-32.919 13.329 294.598
-32.915 13.334 294.598
