-5.151 52.273 288.835
-5.148 52.273 288.835
-5.107 52.274 288.835
-5.063 52.274 288.835
-5.055 52.274 288.835
-5.049 52.274 288.835
-5.030 52.274 288.835
-5.018 52.273 288.835
-5.018 52.276 288.835
-5.022 52.277 288.835
-5.028 52.284 288.835
-5.032 52.290 288.835
-5.039 52.293 288.835
-5.039 52.298 288.835
-5.041 52.303 288.835
-5.044 52.306 288.835
-5.044 52.313 288.835
-5.051 52.334 288.835
-5.053 52.341 288.835
-5.055 52.350 288.834
-5.062 52.380 288.834
-5.065 52.384 288.834
-5.068 52.396 288.834
-5.071 52.405 288.834
-5.075 52.423 288.834
-5.079 52.441 288.834
-5.089 52.472 288.834
-5.091 52.474 288.834
-5.094 52.478 288.834
-5.098 52.487 288.834
-5.103 52.493 288.834
-5.106 52.499 288.834
-5.109 52.503 288.834
-5.111 52.509 288.834
-5.123 52.527 288.834
-5.129 52.530 288.834
-5.135 52.539 288.834
-5.140 52.546 288.834
-5.145 52.548 288.834
-5.148 52.549 288.834
-5.152 52.555 288.834
-5.155 52.560 288.834
-5.159 52.561 288.834
-5.161 52.564 288.834
-5.173 52.575 288.834
-5.176 52.578 288.834
-5.179 52.579 288.834
-5.187 52.581 288.834
-5.194 52.592 288.834
-5.198 52.594 288.834
-5.202 52.600 288.834
-5.206 52.603 288.834
-5.216 52.634 288.834
-5.216 52.651 288.834
-5.218 52.656 288.834
-5.216 52.658 288.834
-5.216 52.664 288.834
-5.217 52.666 288.834
-5.218 52.668 288.834
-5.216 52.672 288.834
-5.216 52.676 288.834
-5.217 52.690 288.834
-5.216 52.693 288.834
-5.215 52.696 288.834
-5.216 52.706 288.834
-5.214 52.707 288.834
-5.213 52.718 288.834
-5.211 52.723 288.834
-5.210 52.725 288.834
-5.208 52.731 288.834
-5.209 52.736 288.834
-5.208 52.740 288.834
-5.208 52.742 288.834
-5.209 52.746 288.834
-5.209 52.751 288.834
-5.210 52.756 288.834
-5.208 52.760 288.834
-5.210 52.766 288.834
-5.209 52.776 288.834
-5.209 52.778 288.834
-5.209 52.782 288.834
-5.211 52.791 288.834
-5.212 52.801 288.833
-5.211 52.807 288.833
-5.211 52.810 288.833
-5.211 52.818 288.833
-5.212 52.822 288.833
-5.211 52.824 288.833
-5.212 52.830 288.833
-5.210 52.834 288.833
-5.206 52.839 288.833
-5.205 52.842 288.833
-5.205 52.847 288.833
-5.203 52.859 288.833
-5.204 52.870 288.833
-5.201 52.874 288.833
-5.203 52.885 288.833
-5.202 52.890 288.833
-5.201 52.893 288.833
-5.201 52.900 288.833
-5.201 52.902 288.833
-5.202 52.920 288.833
-5.202 52.923 288.833
-5.199 52.925 288.833
-5.196 52.939 288.833
-5.192 52.952 288.833
-5.190 52.953 288.833
-5.190 52.956 288.833
-5.187 52.957 288.833
-5.186 52.964 288.833
-5.187 52.970 288.833
-5.185 52.971 288.833
-5.185 52.973 288.833
-5.184 52.975 288.833
-5.184 52.978 288.833
-5.183 52.982 288.833
-5.183 52.984 288.833
-5.183 52.986 288.833
-5.182 52.988 288.833
-5.182 52.993 288.833
-5.182 52.999 288.833
-5.181 53.001 288.833
-5.181 53.006 288.833
-5.181 53.012 288.833
-5.180 53.015 288.833
-5.181 53.024 288.833
-5.180 53.028 288.833
-5.180 53.032 288.833
-5.179 53.035 288.833
-5.179 53.038 288.833
-5.179 53.043 288.833
-5.179 53.046 288.833
-5.179 53.050 288.833
-5.179 53.052 288.833
-5.178 53.054 288.833
-5.178 53.057 288.833
-5.178 53.059 288.833
-5.177 53.062 288.833
-5.177 53.067 288.833
-5.176 53.069 288.833
-5.176 53.071 288.833
-5.175 53.073 288.833
-5.174 53.075 288.833
-5.174 53.077 288.833
-5.173 53.080 288.833
-5.171 53.083 288.833
-5.170 53.085 288.833
-5.169 53.087 288.833
-5.168 53.089 288.833
-5.168 53.092 288.833
-5.166 53.094 288.833
-5.165 53.097 288.833
-5.164 53.099 288.833
-5.164 53.101 288.833
-5.161 53.104 288.833
-5.161 53.106 288.833
-5.161 53.108 288.833
-5.161 53.110 288.833
-5.159 53.111 288.833
-5.159 53.113 288.833
-5.157 53.116 288.833
-5.156 53.118 288.833
-5.156 53.120 288.833
-5.155 53.122 288.833
-5.155 53.124 288.833
-5.153 53.125 288.833
-5.152 53.127 288.833
-5.152 53.129 288.833
-5.150 53.130 288.833
-5.150 53.132 288.833
-5.150 53.134 288.833
-5.148 53.137 288.833
-5.147 53.139 288.833
-5.146 53.141 288.833
-5.144 53.144 288.833
-5.141 53.145 288.833
-5.140 53.148 288.833
-5.138 53.149 288.833
-5.135 53.151 288.833
-5.134 53.153 288.833
-5.132 53.155 288.833
-5.131 53.158 288.833
-5.127 53.159 288.833
-5.125 53.160 288.833
-5.124 53.162 288.833
-5.120 53.166 288.833
-5.117 53.167 288.833
-5.117 53.170 288.833
-5.115 53.171 288.833
-5.113 53.172 288.833
-5.111 53.177 288.833
-5.108 53.179 288.833
-5.105 53.180 288.833
-5.102 53.183 288.833
-5.101 53.185 288.833
-5.098 53.188 288.833
-5.095 53.190 288.833
-5.092 53.193 288.833
-5.088 53.196 288.833
-5.086 53.198 288.833
-5.084 53.199 288.833
-5.083 53.201 288.833
-5.083 53.203 288.833
-5.080 53.204 288.833
-5.078 53.209 288.833
-5.077 53.212 288.833
-5.077 53.218 288.833
-5.076 53.220 288.833
-5.076 53.223 288.833
-5.075 53.226 288.833
-5.074 53.235 288.833
-5.073 53.242 288.833
-5.072 53.247 288.833
-5.071 53.274 288.832
-5.071 53.283 288.832
-5.071 53.291 288.832
-5.071 53.293 288.832
-5.071 53.298 288.832
-5.067 53.301 288.832
-5.066 53.308 288.832
-5.065 53.311 288.832
-5.063 53.314 288.832
-5.063 53.318 288.832
-5.063 53.322 288.832
-5.063 53.324 288.832
-5.060 53.331 288.832
-5.058 53.338 288.832
-5.058 53.340 288.832
-5.057 53.344 288.832
-5.055 53.344 288.832
-5.054 53.347 288.832
-5.052 53.348 288.832
-5.051 53.351 288.832
-5.051 53.354 288.832
-5.046 53.356 288.832
-5.045 53.358 288.832
-5.045 53.361 288.832
-5.044 53.363 288.832
-5.038 53.368 288.832
-5.037 53.370 288.832
-5.032 53.376 288.832
-5.028 53.381 288.832
-5.027 53.387 288.832
-5.022 53.387 288.832
-5.018 53.392 288.832
-5.016 53.396 288.832
-5.014 53.400 288.832
-5.013 53.402 288.832
-5.008 53.405 288.832
-5.007 53.412 288.832
-5.005 53.413 288.832
-5.003 53.416 288.832
-5.002 53.421 288.832
-5.000 53.424 288.832
-4.999 53.426 288.832
-4.997 53.428 288.832
-4.996 53.431 288.832
-4.995 53.437 288.832
-4.994 53.440 288.832
-4.992 53.441 288.832
-4.990 53.444 288.832
-4.988 53.445 288.832
-4.987 53.449 288.832
-4.985 53.451 288.832
-4.984 53.454 288.832
-4.981 53.457 288.832
-4.978 53.460 288.832
-4.977 53.463 288.832
-4.975 53.463 288.832
-4.974 53.466 288.832
-4.971 53.469 288.832
-4.970 53.472 288.832
-4.969 53.475 288.832
-4.966 53.477 288.832
-4.963 53.479 288.832
-4.960 53.480 288.832
-4.958 53.481 288.832
-4.955 53.481 288.832
-4.953 53.481 288.832
-4.950 53.481 288.832
-4.948 53.482 288.832
-4.946 53.483 288.832
-4.944 53.484 288.832
-4.942 53.485 288.832
-4.941 53.487 288.832
-4.939 53.495 288.832
-4.938 53.499 288.832
-4.936 53.504 288.832
-4.934 53.515 288.832
-4.932 53.516 288.832
-4.933 53.520 288.832
-4.933 53.524 288.832
-4.933 53.529 288.832
-4.933 53.532 288.832
-4.933 53.534 288.832
-4.933 53.536 288.832
-4.933 53.539 288.832
-4.933 53.541 288.832
-4.933 53.546 288.832
-4.933 53.549 288.832
-4.933 53.552 288.832
-4.933 53.554 288.832
-4.933 53.562 288.832
-4.933 53.569 288.832
-4.933 53.574 288.832
-4.928 53.612 288.832
-4.925 53.624 288.832
-4.924 53.627 288.832
-4.922 53.630 288.832
-4.919 53.640 288.832
-4.917 53.641 288.832
-4.914 53.656 288.832
-4.910 53.661 288.832
-4.909 53.666 288.832
-4.908 53.668 288.832
-4.906 53.669 288.832
-4.902 53.675 288.832
-4.900 53.676 288.832
-4.898 53.679 288.832
-4.893 53.684 288.832
-4.891 53.687 288.832
-4.889 53.690 288.832
-4.887 53.691 288.832
-4.886 53.694 288.832
-4.884 53.695 288.832
-4.881 53.700 288.832
-4.879 53.704 288.832
-4.874 53.714 288.832
-4.869 53.724 288.831
-4.868 53.727 288.831
-4.865 53.729 288.831
-4.862 53.730 288.831
-4.857 53.737 288.831
-4.854 53.745 288.831
-4.849 53.746 288.831
-4.847 53.752 288.831
-4.843 53.768 288.831
-4.838 53.768 288.831
-4.837 53.774 288.831
-4.835 53.776 288.831
-4.832 53.778 288.831
-4.830 53.784 288.831
-4.825 53.792 288.831
-4.823 53.792 288.831
-4.819 53.810 288.831
-4.813 53.810 288.831
-4.807 53.815 288.831
-4.800 53.822 288.831
-4.792 53.828 288.831
-4.788 53.831 288.831
-4.781 53.831 288.831
-4.779 53.833 288.831
-4.774 53.837 288.831
-4.767 53.840 288.831
-4.764 53.840 288.831
-4.755 53.852 288.831
-4.748 53.854 288.831
-4.742 53.854 288.831
-4.733 53.860 288.831
-4.728 53.862 288.831
-4.724 53.865 288.831
-4.719 53.869 288.831
-4.714 53.871 288.831
-4.711 53.872 288.831
-4.709 53.875 288.831
-4.702 53.882 288.831
-4.695 53.892 288.831
-4.693 53.893 288.831
-4.691 53.898 288.831
-4.688 53.905 288.831
-4.684 53.906 288.831
-4.678 53.913 288.831
-4.674 53.918 288.831
-4.665 53.929 288.831
-4.663 53.929 288.831
-4.661 53.933 288.831
-4.656 53.938 288.831
-4.652 53.942 288.831
-4.651 53.946 288.831
-4.643 53.952 288.831
-4.639 53.957 288.831
-4.636 53.957 288.831
-4.633 53.959 288.831
-4.629 53.963 288.831
-4.619 53.971 288.831
-4.611 53.981 288.831
-4.609 53.983 288.831
-4.604 53.987 288.831
-4.592 53.992 288.831
-4.589 53.999 288.831
-4.586 54.002 288.831
-4.581 54.003 288.831
-4.576 54.014 288.831
-4.574 54.016 288.831
-4.569 54.016 288.831
-4.564 54.021 288.831
-4.561 54.025 288.831
-4.556 54.029 288.831
-4.553 54.030 288.831
-4.546 54.042 288.831
-4.535 54.048 288.831
-4.533 54.052 288.831
-4.530 54.053 288.831
-4.527 54.056 288.831
-4.525 54.060 288.831
-4.521 54.060 288.831
-4.518 54.065 288.831
-4.515 54.069 288.831
-4.513 54.069 288.831
-4.511 54.076 288.831
-4.507 54.075 288.831
-4.500 54.083 288.831
-4.498 54.084 288.831
-4.496 54.086 288.831
-4.493 54.093 288.831
-4.491 54.093 288.831
-4.488 54.094 288.831
-4.486 54.100 288.831
-4.483 54.104 288.831
-4.479 54.105 288.831
-4.476 54.106 288.831
-4.473 54.109 288.831
-4.467 54.113 288.831
-4.463 54.116 288.831
-4.460 54.124 288.831
-4.453 54.131 288.831
-4.448 54.136 288.831
-4.443 54.135 288.831
-4.442 54.137 288.831
-4.436 54.141 288.831
-4.430 54.149 288.831
-4.426 54.149 288.831
-4.422 54.154 288.831
-4.420 54.160 288.831
-4.419 54.162 288.831
-4.417 54.163 288.831
-4.415 54.167 288.831
-4.407 54.168 288.831
-4.404 54.169 288.831
-4.401 54.174 288.831
-4.395 54.184 288.830
-4.392 54.188 288.830
-4.384 54.193 288.830
-4.380 54.193 288.830
-4.379 54.195 288.830
-4.377 54.197 288.830
-4.372 54.206 288.830
-4.370 54.211 288.830
-4.367 54.214 288.830
-4.361 54.229 288.830
-4.357 54.233 288.830
-4.354 54.239 288.830
-4.350 54.247 288.830
-4.346 54.252 288.830
-4.340 54.261 288.830
-4.335 54.273 288.830
-4.332 54.278 288.830
-4.330 54.280 288.830
-4.326 54.283 288.830
-4.320 54.294 288.830
-4.316 54.302 288.830
-4.314 54.303 288.830
-4.312 54.303 288.830
-4.303 54.322 288.830
-4.299 54.330 288.830
-4.296 54.335 288.830
-4.291 54.342 288.830
-4.286 54.350 288.830
-4.283 54.356 288.830
-4.275 54.371 288.830
-4.272 54.373 288.830
-4.267 54.381 288.830
-4.266 54.383 288.830
-4.263 54.387 288.830
-4.260 54.390 288.830
-4.258 54.391 288.830
-4.254 54.396 288.830
-4.250 54.404 288.830
-4.244 54.419 288.830
-4.243 54.421 288.830
-4.240 54.423 288.830
-4.237 54.423 288.830
-4.235 54.426 288.830
-4.234 54.428 288.830
-4.229 54.436 288.830
-4.222 54.446 288.830
-4.218 54.452 288.830
-4.216 54.456 288.830
-4.210 54.469 288.830
-4.209 54.480 288.830
-4.210 54.482 288.830
-4.204 54.498 288.830
-4.203 54.501 288.830
-4.203 54.503 288.830
-4.202 54.505 288.830
-4.195 54.518 288.830
-4.179 54.545 288.830
-4.173 54.562 288.830
-4.169 54.574 288.830
-4.161 54.596 288.830
-4.158 54.613 288.830
-4.156 54.620 288.830
-4.158 54.624 288.830
-4.160 54.626 288.830
-4.159 54.632 288.830
-4.157 54.641 288.829
-4.151 54.685 288.829
-4.149 54.687 288.829
-4.146 54.688 288.829
-4.137 54.706 288.829
-4.130 54.704 288.829
-4.127 54.709 288.829
-4.128 54.713 288.829
-4.128 54.722 288.829
-4.132 54.724 288.829
-4.130 54.732 288.829
-4.134 54.768 288.829
-4.134 54.782 288.829
-4.132 54.783 288.829
-4.130 54.785 288.829
-4.129 54.791 288.829
-4.126 54.793 288.829
-4.125 54.797 288.829
-4.120 54.805 288.829
-4.113 54.818 288.829
-4.110 54.823 288.829
-4.109 54.827 288.829
-4.106 54.831 288.829
-4.100 54.849 288.829
-4.092 54.850 288.829
-4.082 54.867 288.829
-4.080 54.871 288.829
-4.077 54.871 288.829
-4.072 54.882 288.829
-4.066 54.885 288.829
-4.057 54.888 288.829
-4.054 54.890 288.829
-4.049 54.891 288.829
-4.040 54.896 288.829
-4.037 54.895 288.829
-4.035 54.899 288.829
-4.031 54.898 288.829
-4.029 54.901 288.829
-4.027 54.905 288.829
-4.023 54.912 288.829
-4.024 54.915 288.829
-4.024 54.921 288.829
-4.026 54.924 288.829
-4.023 54.933 288.829
-4.025 54.941 288.829
-4.029 54.950 288.829
-4.029 54.953 288.829
-4.033 54.955 288.829
-4.033 54.957 288.829
-4.037 54.959 288.829
-4.040 54.962 288.829
-4.038 54.968 288.829
-4.042 54.973 288.829
-4.041 54.978 288.829
-4.041 54.981 288.829
-4.044 54.984 288.829
-4.044 54.992 288.829
-4.045 54.997 288.829
-4.048 54.999 288.829
-4.047 55.003 288.829
-4.048 55.005 288.829
-4.048 55.013 288.829
-4.037 55.044 288.829
-4.032 55.059 288.829
-4.017 55.089 288.829
-4.013 55.094 288.829
-4.011 55.095 288.829
-4.007 55.102 288.828
-3.998 55.116 288.828
-3.994 55.126 288.828
-3.992 55.131 288.828
-3.990 55.133 288.828
-3.987 55.138 288.828
-3.983 55.145 288.828
-3.977 55.158 288.828
-3.973 55.167 288.828
-3.967 55.183 288.828
-3.966 55.187 288.828
-3.965 55.191 288.828
-3.965 55.193 288.828
-3.964 55.201 288.828
-3.964 55.203 288.828
-3.964 55.208 288.828
-3.963 55.214 288.828
-3.963 55.216 288.828
-3.962 55.222 288.828
-3.962 55.224 288.828
-3.962 55.228 288.828
-3.962 55.230 288.828
-3.962 55.232 288.828
-3.961 55.238 288.828
-3.961 55.240 288.828
-3.961 55.242 288.828
-3.961 55.248 288.828
-3.961 55.250 288.828
-3.961 55.255 288.828
-3.961 55.260 288.828
-3.959 55.266 288.828
-3.953 55.280 288.828
-3.946 55.296 288.828
-3.942 55.306 288.828
-3.941 55.311 288.828
-3.941 55.315 288.828
-3.943 55.317 288.828
-3.943 55.324 288.828
-3.944 55.327 288.828
-3.944 55.329 288.828
-3.944 55.331 288.828
-3.945 55.335 288.828
-3.946 55.337 288.828
-3.946 55.340 288.828
-3.947 55.342 288.828
-3.947 55.344 288.828
-3.948 55.348 288.828
-3.948 55.350 288.828
-3.949 55.352 288.828
-3.948 55.357 288.828
-3.947 55.361 288.828
-3.947 55.364 288.828
-3.946 55.368 288.828
-3.945 55.372 288.828
-3.944 55.380 288.828
-3.945 55.382 288.828
-3.943 55.389 288.828
-3.943 55.397 288.828
-3.945 55.400 288.828
-3.943 55.404 288.828
-3.942 55.408 288.828
-3.942 55.411 288.828
-3.943 55.416 288.828
-3.942 55.421 288.828
-3.941 55.423 288.828
-3.941 55.425 288.828
-3.941 55.428 288.828
-3.942 55.434 288.828
-3.941 55.436 288.828
-3.941 55.438 288.828
-3.941 55.440 288.828
-3.941 55.443 288.828
-3.941 55.447 288.828
-3.942 55.450 288.828
-3.940 55.454 288.828
-3.941 55.457 288.828
-3.940 55.461 288.828
-3.939 55.465 288.828
-3.937 55.470 288.828
-3.935 55.480 288.828
-3.933 55.486 288.828
-3.931 55.492 288.828
-3.930 55.495 288.828
-3.929 55.497 288.828
-3.928 55.500 288.828
-3.927 55.503 288.828
-3.923 55.514 288.828
-3.923 55.516 288.828
-3.922 55.518 288.828
-3.920 55.523 288.828
-3.919 55.527 288.828
-3.917 55.532 288.828
-3.916 55.534 288.828
-3.916 55.536 288.828
-3.915 55.538 288.828
-3.914 55.542 288.828
-3.913 55.544 288.828
-3.911 55.549 288.828
-3.911 55.551 288.828
-3.909 55.555 288.828
-3.908 55.559 288.827
-3.907 55.562 288.827
-3.906 55.567 288.827
-3.905 55.570 288.827
-3.903 55.574 288.827
-3.902 55.577 288.827
-3.900 55.584 288.827
-3.898 55.590 288.827
-3.897 55.592 288.827
-3.897 55.595 288.827
-3.896 55.598 288.827
-3.895 55.603 288.827
-3.895 55.605 288.827
-3.895 55.609 288.827
-3.894 55.611 288.827
-3.894 55.615 288.827
-3.896 55.617 288.827
-3.893 55.623 288.827
-3.895 55.631 288.827
-3.896 55.639 288.827
-3.896 55.644 288.827
-3.896 55.646 288.827
-3.896 55.648 288.827
-3.894 55.662 288.827
-3.896 55.667 288.827
-3.895 55.670 288.827
-3.897 55.677 288.827
-3.896 55.681 288.827
-3.894 55.687 288.827
-3.895 55.691 288.827
-3.896 55.694 288.827
-3.899 55.697 288.827
-3.899 55.703 288.827
-3.903 55.710 288.827
-3.904 55.716 288.827
-3.905 55.718 288.827
-3.907 55.722 288.827
-3.911 55.727 288.827
-3.912 55.735 288.827
-3.914 55.740 288.827
-3.918 55.746 288.827
-3.923 55.753 288.827
-3.926 55.758 288.827
-3.924 55.762 288.827
-3.925 55.767 288.827
-3.929 55.771 288.827
-3.929 55.775 288.827
-3.929 55.785 288.827
-3.933 55.794 288.827
-3.934 55.797 288.827
-3.936 55.801 288.827
-3.937 55.803 288.827
-3.938 55.808 288.827
-3.942 55.816 288.827
-3.943 55.819 288.827
-3.947 55.819 288.827
-3.953 55.853 288.827
-3.952 55.876 288.827
-3.951 55.881 288.827
-3.950 55.887 288.827
-3.948 55.903 288.827
-3.947 55.909 288.827
-3.941 55.916 288.827
-3.936 55.919 288.827
-3.932 55.924 288.827
-3.931 55.930 288.827
-3.929 55.931 288.827
-3.928 55.933 288.827
-3.926 55.933 288.827
-3.924 55.934 288.827
-3.915 55.932 288.827
-3.913 55.939 288.827
-3.909 55.941 288.827
-3.907 55.943 288.827
-3.898 55.941 288.827
-3.894 55.945 288.827
-3.887 55.947 288.827
-3.882 55.946 288.827
-3.880 55.948 288.827
-3.877 55.951 288.827
-3.875 55.952 288.827
-3.873 55.952 288.827
-3.867 55.950 288.827
-3.863 55.951 288.827
-3.858 55.953 288.827
-3.853 55.954 288.827
-3.847 55.955 288.827
-3.843 55.960 288.827
-3.838 55.965 288.827
-3.836 55.967 288.827
-3.832 55.966 288.827
-3.829 55.965 288.827
-3.820 55.969 288.827
-3.816 55.973 288.827
-3.814 55.972 288.827
-3.809 55.975 288.827
-3.802 55.974 288.827
-3.799 55.976 288.827
-3.796 55.977 288.827
-3.789 55.980 288.827
-3.785 55.983 288.827
-3.771 55.988 288.827
-3.769 55.989 288.827
-3.764 55.993 288.827
-3.758 55.994 288.827
-3.756 55.995 288.827
-3.750 55.998 288.827
-3.739 56.002 288.827
-3.737 56.003 288.827
-3.726 56.012 288.827
-3.709 56.016 288.826
-3.707 56.016 288.826
-3.704 56.020 288.826
-3.698 56.020 288.826
-3.688 56.023 288.826
-3.682 56.031 288.826
-3.667 56.049 288.826
-3.660 56.059 288.826
-3.658 56.060 288.826
-3.649 56.070 288.826
-3.640 56.082 288.826
-3.637 56.085 288.826
-3.631 56.091 288.826
-3.628 56.095 288.826
-3.620 56.105 288.826
-3.615 56.113 288.826
-3.600 56.138 288.826
-3.571 56.162 288.826
-3.559 56.166 288.826
-3.550 56.172 288.826
-3.541 56.177 288.826
-3.536 56.180 288.826
-3.528 56.192 288.826
-3.526 56.197 288.826
-3.523 56.201 288.826
-3.515 56.215 288.826
-3.510 56.215 288.826
-3.504 56.216 288.826
-3.506 56.218 288.826
-3.508 56.220 288.826
-3.504 56.231 288.826
-3.507 56.232 288.826
-3.511 56.233 288.826
-3.513 56.245 288.826
-3.515 56.252 288.826
-3.518 56.261 288.826
-3.521 56.272 288.826
-3.532 56.316 288.826
-3.529 56.322 288.826
-3.525 56.334 288.826
-3.523 56.342 288.826
-3.520 56.350 288.826
-3.517 56.354 288.826
-3.512 56.363 288.826
-3.511 56.366 288.826
-3.508 56.367 288.826
-3.504 56.370 288.826
-3.498 56.373 288.826
-3.494 56.374 288.826
-3.492 56.377 288.826
-3.488 56.378 288.826
-3.480 56.378 288.826
-3.479 56.382 288.826
-3.474 56.383 288.826
-3.471 56.385 288.826
-3.462 56.387 288.826
-3.456 56.394 288.826
-3.446 56.403 288.826
-3.439 56.402 288.826
-3.435 56.411 288.826
-3.426 56.424 288.826
-3.420 56.439 288.826
-3.418 56.440 288.826
-3.412 56.463 288.826
-3.414 56.469 288.826
-3.416 56.473 288.825
-3.419 56.487 288.825
-3.421 56.490 288.825
-3.429 56.514 288.825
-3.433 56.517 288.825
-3.430 56.535 288.825
-3.431 56.538 288.825
-3.431 56.542 288.825
-3.432 56.548 288.825
-3.433 56.558 288.825
-3.433 56.562 288.825
-3.432 56.575 288.825
-3.432 56.581 288.825
-3.434 56.586 288.825
-3.432 56.597 288.825
-3.435 56.603 288.825
-3.434 56.610 288.825
-3.435 56.612 288.825
-3.435 56.623 288.825
-3.435 56.626 288.825
-3.440 56.628 288.825
-3.447 56.630 288.825
-3.446 56.638 288.825
-3.455 56.644 288.825
-3.460 56.652 288.825
-3.460 56.654 288.825
-3.461 56.660 288.825
-3.468 56.662 288.825
-3.483 56.671 288.825
-3.481 56.680 288.825
-3.482 56.682 288.825
-3.495 56.696 288.825
-3.501 56.704 288.825
-3.510 56.715 288.825
-3.509 56.719 288.825
-3.510 56.724 288.825
-3.515 56.739 288.825
-3.522 56.743 288.825
-3.527 56.747 288.825
-3.527 56.753 288.825
-3.527 56.767 288.825
-3.533 56.771 288.825
-3.543 56.780 288.825
-3.548 56.786 288.825
-3.550 56.792 288.825
-3.565 56.811 288.825
-3.567 56.813 288.825
-3.572 56.818 288.825
-3.579 56.820 288.825
-3.582 56.831 288.825
-3.587 56.836 288.825
-3.590 56.841 288.825
-3.604 56.853 288.825
-3.606 56.855 288.825
-3.614 56.866 288.825
-3.616 56.870 288.825
-3.620 56.872 288.825
-3.629 56.873 288.825
-3.632 56.883 288.825
-3.645 56.889 288.825
-3.657 56.913 288.825
-3.666 56.919 288.825
-3.672 56.916 288.825
-3.680 56.931 288.825
-3.684 56.936 288.824
-3.688 56.944 288.824
-3.691 56.943 288.824
-3.696 56.946 288.824
-3.700 56.956 288.824
-3.709 56.984 288.824
-3.711 57.005 288.824
-3.713 57.011 288.824
-3.716 57.022 288.824
-3.714 57.024 288.824
-3.715 57.027 288.824
-3.715 57.035 288.824
-3.718 57.057 288.824
-3.723 57.079 288.824
-3.723 57.083 288.824
-3.724 57.088 288.824
-3.725 57.100 288.824
-3.725 57.104 288.824
-3.723 57.133 288.824
-3.726 57.142 288.824
-3.721 57.149 288.824
-3.725 57.162 288.824
-3.723 57.165 288.824
-3.717 57.169 288.824
-3.714 57.186 288.824
-3.710 57.190 288.824
-3.709 57.200 288.824
-3.705 57.208 288.824
-3.705 57.213 288.824
-3.705 57.215 288.824
-3.703 57.221 288.824
-3.694 57.224 288.824
-3.693 57.237 288.824
-3.685 57.239 288.824
-3.677 57.245 288.824
-3.674 57.249 288.824
-3.673 57.253 288.824
-3.671 57.255 288.824
-3.668 57.256 288.824
-3.660 57.259 288.824
-3.648 57.266 288.824
-3.645 57.270 288.824
-3.636 57.274 288.824
-3.630 57.279 288.824
-3.628 57.280 288.824
-3.619 57.280 288.824
-3.614 57.281 288.824
-3.613 57.284 288.824
-3.603 57.286 288.824
-3.600 57.286 288.824
-3.591 57.286 288.824
-3.587 57.288 288.824
-3.587 57.290 288.824
-3.582 57.291 288.824
-3.579 57.294 288.824
-3.573 57.296 288.824
-3.571 57.298 288.824
-3.568 57.302 288.824
-3.562 57.303 288.824
-3.557 57.309 288.824
-3.555 57.312 288.824
-3.551 57.315 288.824
-3.546 57.318 288.824
-3.545 57.321 288.824
-3.543 57.322 288.824
-3.541 57.323 288.824
-3.538 57.326 288.824
-3.537 57.329 288.824
-3.534 57.330 288.824
-3.531 57.334 288.824
-3.529 57.334 288.824
-3.525 57.337 288.824
-3.523 57.339 288.824
-3.521 57.340 288.824
-3.519 57.341 288.824
-3.516 57.344 288.824
-3.513 57.345 288.824
-3.512 57.347 288.824
-3.510 57.347 288.824
-3.508 57.349 288.824
-3.505 57.351 288.824
-3.502 57.356 288.824
-3.499 57.356 288.824
-3.497 57.357 288.824
-3.494 57.360 288.824
-3.491 57.361 288.824
-3.487 57.363 288.824
-3.485 57.365 288.824
-3.479 57.367 288.824
-3.477 57.367 288.824
-3.470 57.370 288.824
-3.468 57.372 288.824
-3.466 57.373 288.824
-3.464 57.376 288.824
-3.456 57.376 288.824
-3.455 57.378 288.824
-3.451 57.379 288.824
-3.447 57.387 288.824
-3.443 57.388 288.824
-3.433 57.392 288.824
-3.427 57.391 288.824
-3.423 57.392 288.824
-3.421 57.394 288.823
-3.419 57.395 288.823
-3.412 57.396 288.823
-3.407 57.398 288.823
-3.404 57.398 288.823
-3.402 57.400 288.823
-3.393 57.401 288.823
-3.389 57.406 288.823
-3.387 57.406 288.823
-3.385 57.406 288.823
-3.380 57.410 288.823
-3.370 57.415 288.823
-3.369 57.417 288.823
-3.364 57.420 288.823
-3.361 57.421 288.823
-3.356 57.424 288.823
-3.349 57.430 288.823
-3.347 57.431 288.823
-3.345 57.434 288.823
-3.344 57.437 288.823
-3.342 57.439 288.823
-3.337 57.439 288.823
-3.335 57.441 288.823
-3.329 57.445 288.823
-3.326 57.447 288.823
-3.323 57.449 288.823
-3.316 57.452 288.823
-3.312 57.456 288.823
-3.310 57.458 288.823
-3.308 57.460 288.823
-3.305 57.459 288.823
-3.300 57.466 288.823
-3.292 57.468 288.823
-3.290 57.469 288.823
-3.279 57.466 288.823
-3.277 57.468 288.823
-3.276 57.470 288.823
-3.263 57.468 288.823
-3.247 57.473 288.823
-3.242 57.471 288.823
-3.232 57.483 288.823
-3.225 57.481 288.823
-3.212 57.480 288.823
-3.210 57.483 288.823
-3.207 57.484 288.823
-3.205 57.488 288.823
-3.202 57.495 288.823
-3.194 57.497 288.823
-3.187 57.520 288.823
-3.187 57.531 288.823
-3.198 57.532 288.823
-3.208 57.532 288.823
-3.235 57.531 288.823
-3.258 57.532 288.823
-3.295 57.530 288.823
-3.304 57.532 288.823
-3.307 57.532 288.823
-3.335 57.532 288.823
