-1.990 57.006 290.199
-1.981 57.006 290.199
-1.980 57.004 290.199
-1.980 56.993 290.199
-1.981 56.963 290.199
-1.981 56.940 290.199
-1.982 56.918 290.199
-1.983 56.897 290.199
-1.985 56.865 290.199
-1.986 56.846 290.199
-1.987 56.833 290.199
-1.989 56.797 290.199
-1.990 56.772 290.199
-1.994 56.741 290.199
-1.999 56.703 290.199
-2.002 56.682 290.199
-2.003 56.677 290.199
-2.013 56.647 290.199
-2.015 56.641 290.199
-2.019 56.630 290.199
-2.021 56.626 290.199
-2.022 56.623 290.199
-2.023 56.620 290.199
-2.025 56.615 290.199
-2.026 56.612 290.199
-2.028 56.607 290.199
-2.029 56.605 290.199
-2.031 56.600 290.199
-2.032 56.598 290.199
-2.033 56.596 290.199
-2.034 56.594 290.199
-2.037 56.586 290.199
-2.040 56.580 290.199
-2.041 56.578 290.199
-2.044 56.572 290.199
-2.045 56.569 290.199
-2.046 56.567 290.199
-2.047 56.565 290.199
-2.048 56.563 290.199
-2.049 56.560 290.199
-2.050 56.558 290.199
-2.051 56.555 290.199
-2.053 56.551 290.199
-2.054 56.548 290.199
-2.057 56.541 290.199
-2.059 56.537 290.199
-2.060 56.535 290.199
-2.062 56.532 290.199
-2.063 56.529 290.199
-2.064 56.526 290.199
-2.065 56.524 290.199
-2.067 56.520 290.199
-2.070 56.513 290.199
-2.072 56.510 290.199
-2.074 56.507 290.199
-2.075 56.504 290.199
-2.076 56.502 290.199
-2.077 56.499 290.199
-2.079 56.496 290.199
-2.081 56.491 290.199
-2.082 56.489 290.199
-2.084 56.485 290.199
-2.085 56.482 290.199
-2.087 56.478 290.199
-2.088 56.475 290.199
-2.089 56.473 290.199
-2.091 56.469 290.199
-2.092 56.467 290.199
-2.093 56.464 290.199
-2.094 56.461 290.199
-2.095 56.458 290.199
-2.096 56.456 290.199
-2.098 56.452 290.199
-2.099 56.449 290.199
-2.100 56.447 290.199
-2.102 56.442 290.199
-2.103 56.439 290.199
-2.104 56.437 290.199
-2.105 56.435 290.199
-2.106 56.432 290.199
-2.109 56.430 290.199
-2.111 56.417 290.199
-2.113 56.412 290.199
-2.114 56.407 290.199
-2.115 56.405 290.199
-2.117 56.404 290.199
-2.118 56.394 290.199
-2.119 56.389 290.199
-2.121 56.385 290.199
-2.122 56.381 290.199
-2.123 56.379 290.199
-2.124 56.376 290.199
-2.124 56.374 290.199
-2.125 56.370 290.199
-2.121 56.325 290.199
-2.122 56.317 290.199
-2.122 56.309 290.199
-2.122 56.303 290.199
-2.125 56.295 290.199
-2.126 56.293 290.199
-2.128 56.292 290.199
-2.130 56.290 290.199
-2.134 56.284 290.199
-2.136 56.285 290.199
-2.140 56.281 290.199
-2.145 56.275 290.199
-2.147 56.275 290.199
-2.149 56.271 290.199
-2.152 56.271 290.199
-2.155 56.270 290.199
-2.156 56.268 290.199
-2.160 56.261 290.199
-2.163 56.258 290.199
-2.166 56.255 290.199
-2.168 56.253 290.199
-2.171 56.247 290.199
-2.175 56.240 290.199
-2.179 56.233 290.199
-2.181 56.229 290.199
-2.188 56.209 290.199
-2.190 56.208 290.199
-2.192 56.205 290.199
-2.194 56.199 290.199
-2.196 56.193 290.199
-2.198 56.193 290.199
-2.200 56.187 290.199
-2.202 56.182 290.199
-2.204 56.176 290.199
-2.213 56.143 290.199
-2.219 56.116 290.199
-2.221 56.108 290.199
-2.224 56.101 290.199
-2.225 56.096 290.199
-2.225 56.094 290.199
-2.228 56.084 290.199
-2.229 56.081 290.199
-2.230 56.078 290.199
-2.231 56.073 290.199
-2.232 56.070 290.199
-2.235 56.063 290.199
-2.237 56.056 290.199
-2.243 56.042 290.199
-2.244 56.038 290.199
-2.245 56.035 290.199
-2.253 56.020 290.199
-2.266 55.993 290.199
-2.275 55.975 290.199
-2.290 55.944 290.199
-2.299 55.927 290.199
-2.304 55.918 290.199
-2.306 55.917 290.199
-2.312 55.910 290.199
-2.315 55.905 290.199
-2.320 55.900 290.199
-2.326 55.890 290.199
-2.334 55.881 290.199
-2.345 55.864 290.199
-2.354 55.850 290.199
-2.358 55.848 290.199
-2.367 55.833 290.199
-2.370 55.829 290.199
-2.380 55.818 290.199
-2.386 55.810 290.199
-2.391 55.807 290.199
-2.398 55.802 290.199
-2.402 55.801 290.199
-2.408 55.794 290.199
-2.417 55.787 290.199
-2.419 55.784 290.199
-2.421 55.782 290.199
-2.433 55.769 290.199
-2.435 55.769 290.199
-2.437 55.769 290.199
-2.439 55.767 290.199
-2.442 55.764 290.199
-2.449 55.751 290.199
-2.455 55.745 290.199
-2.461 55.741 290.199
-2.464 55.737 290.199
-2.468 55.736 290.199
-2.471 55.731 290.199
-2.475 55.730 290.199
-2.477 55.729 290.199
-2.482 55.729 290.199
-2.487 55.720 290.199
-2.498 55.712 290.199
-2.503 55.710 290.199
-2.505 55.708 290.199
-2.509 55.702 290.199
-2.513 55.699 290.199
-2.521 55.699 290.199
-2.529 55.689 290.199
-2.531 55.687 290.199
-2.534 55.684 290.199
-2.539 55.679 290.199
-2.547 55.677 290.199
-2.553 55.670 290.199
-2.558 55.665 290.199
-2.570 55.660 290.199
-2.574 55.657 290.199
-2.581 55.648 290.199
-2.584 55.647 290.199
-2.587 55.646 290.199
-2.592 55.641 290.199
-2.594 55.640 290.199
-2.598 55.636 290.199
-2.603 55.633 290.199
-2.609 55.628 290.199
-2.619 55.619 290.199
-2.623 55.619 290.199
-2.625 55.617 290.199
-2.631 55.611 290.199
-2.638 55.603 290.199
-2.642 55.599 290.199
-2.645 55.597 290.199
-2.653 55.588 290.199
-2.655 55.587 290.199
-2.668 55.575 290.199
-2.671 55.574 290.199
-2.680 55.565 290.199
-2.685 55.560 290.199
-2.690 55.560 290.199
-2.699 55.550 290.199
-2.702 55.549 290.199
-2.708 55.543 290.199
-2.716 55.533 290.199
-2.719 55.530 290.199
-2.721 55.530 290.199
-2.723 55.530 290.199
-2.725 55.528 290.199
-2.729 55.523 290.199
-2.731 55.523 290.199
-2.735 55.519 290.199
-2.743 55.512 290.199
-2.755 55.501 290.199
-2.758 55.501 290.199
-2.764 55.499 290.199
-2.766 55.498 290.199
-2.775 55.486 290.199
-2.777 55.486 290.199
-2.781 55.481 290.199
-2.789 55.475 290.199
-2.799 55.467 290.199
-2.805 55.467 290.199
-2.812 55.458 290.199
-2.814 55.458 290.199
-2.817 55.454 290.199
-2.825 55.453 290.199
-2.832 55.444 290.199
-2.834 55.442 290.199
-2.836 55.441 290.199
-2.841 55.438 290.199
-2.851 55.434 290.199
-2.859 55.431 290.199
-2.862 55.427 290.199
-2.869 55.425 290.199
-2.874 55.421 290.199
-2.879 55.416 290.199
-2.882 55.417 290.199
-2.886 55.413 290.199
-2.889 55.414 290.199
-2.894 55.410 290.199
-2.898 55.409 290.199
-2.900 55.407 290.199
-2.905 55.404 290.199
-2.910 55.400 290.199
-2.917 55.397 290.199
-2.922 55.393 290.199
-2.927 55.390 290.199
-2.935 55.386 290.199
-2.937 55.387 290.199
-2.947 55.379 290.199
-2.950 55.380 290.199
-2.952 55.379 290.199
-2.954 55.379 290.199
-2.959 55.373 290.199
-2.962 55.370 290.199
-2.965 55.370 290.199
-2.967 55.369 290.199
-2.971 55.366 290.199
-2.974 55.362 290.199
-2.977 55.360 290.199
-2.980 55.361 290.199
-2.985 55.356 290.199
-2.991 55.353 290.199
-2.995 55.350 290.199
-2.999 55.352 290.199
-3.001 55.352 290.199
-3.004 55.349 290.199
-3.006 55.346 290.199
-3.009 55.345 290.199
-3.013 55.341 290.199
-3.016 55.338 290.199
-3.022 55.338 290.199
-3.027 55.333 290.199
-3.033 55.327 290.199
-3.035 55.326 290.199
-3.040 55.323 290.199
-3.044 55.319 290.199
-3.050 55.316 290.199
-3.054 55.313 290.199
-3.060 55.310 290.199
-3.065 55.309 290.199
-3.070 55.303 290.199
-3.073 55.299 290.199
-3.076 55.297 290.199
-3.080 55.294 290.199
-3.083 55.295 290.199
-3.089 55.288 290.199
-3.091 55.287 290.199
-3.096 55.282 290.199
-3.098 55.280 290.199
-3.105 55.276 290.199
-3.107 55.274 290.199
-3.112 55.270 290.199
-3.116 55.266 290.199
-3.124 55.259 290.199
-3.131 55.255 290.199
-3.133 55.252 290.199
-3.141 55.246 290.199
-3.143 55.243 290.199
-3.147 55.239 290.199
-3.155 55.233 290.199
-3.158 55.232 290.199
-3.161 55.228 290.199
-3.163 55.226 290.199
-3.166 55.224 290.199
-3.171 55.221 290.199
-3.174 55.216 290.199
-3.178 55.211 290.199
-3.180 55.209 290.199
-3.184 55.205 290.199
-3.190 55.197 290.199
-3.197 55.193 290.199
-3.199 55.193 290.199
-3.203 55.186 290.199
-3.209 55.181 290.199
-3.212 55.182 290.199
-3.214 55.178 290.199
-3.219 55.172 290.199
-3.227 55.166 290.199
-3.229 55.165 290.199
-3.232 55.163 290.199
-3.235 55.161 290.199
-3.237 55.159 290.199
-3.241 55.157 290.199
-3.243 55.156 290.199
-3.245 55.154 290.199
-3.248 55.154 290.199
-3.253 55.148 290.199
-3.260 55.143 290.199
-3.266 55.140 290.199
-3.268 55.137 290.199
-3.270 55.137 290.199
-3.272 55.136 290.199
-3.276 55.135 290.199
-3.278 55.131 290.199
-3.280 55.130 290.199
-3.281 55.128 290.199
-3.285 55.129 290.199
-3.286 55.127 290.199
-3.289 55.122 290.199
-3.293 55.121 290.199
-3.295 55.119 290.199
-3.297 55.118 290.199
-3.299 55.117 290.199
-3.301 55.116 290.199
-3.303 55.116 290.199
-3.305 55.115 290.199
-3.308 55.114 290.199
-3.309 55.112 290.199
-3.312 55.112 290.199
-3.314 55.111 290.199
-3.317 55.109 290.199
-3.319 55.108 290.199
-3.321 55.108 290.199
-3.323 55.108 290.199
-3.325 55.108 290.199
-3.327 55.106 290.199
-3.329 55.106 290.199
-3.331 55.106 290.199
-3.333 55.104 290.199
-3.335 55.104 290.199
-3.337 55.100 290.199
-3.340 55.099 290.199
-3.343 55.099 290.199
-3.344 55.097 290.199
-3.347 55.096 290.199
-3.349 55.092 290.199
-3.352 55.090 290.199
-3.356 55.089 290.199
-3.358 55.084 290.199
-3.364 55.076 290.199
-3.369 55.072 290.199
-3.375 55.067 290.199
-3.377 55.069 290.199
-3.384 55.064 290.199
-3.390 55.062 290.199
-3.396 55.057 290.199
-3.405 55.049 290.199
-3.410 55.048 290.199
-3.415 55.045 290.199
-3.422 55.041 290.199
-3.424 55.040 290.199
-3.431 55.037 290.199
-3.433 55.036 290.199
-3.438 55.033 290.199
-3.440 55.032 290.199
-3.451 55.021 290.199
-3.455 55.018 290.199
-3.458 55.015 290.199
-3.466 55.008 290.199
-3.474 55.000 290.199
-3.478 54.997 290.199
-3.488 54.987 290.199
-3.491 54.986 290.199
-3.501 54.977 290.199
-3.508 54.970 290.199
-3.540 54.940 290.199
-3.546 54.933 290.199
-3.550 54.928 290.199
-3.552 54.925 290.199
-3.557 54.918 290.199
-3.563 54.910 290.199
-3.569 54.902 290.199
-3.571 54.898 290.199
-3.576 54.889 290.199
-3.579 54.883 290.199
-3.583 54.877 290.199
-3.585 54.875 290.199
-3.587 54.873 290.199
-3.590 54.869 290.199
-3.594 54.864 290.199
-3.595 54.862 290.199
-3.598 54.857 290.199
-3.602 54.853 290.199
-3.603 54.851 290.199
-3.607 54.847 290.199
-3.609 54.845 290.199
-3.609 54.843 290.199
-3.610 54.841 290.199
-3.618 54.831 290.199
-3.620 54.829 290.199
-3.621 54.825 290.199
-3.623 54.821 290.199
-3.624 54.819 290.199
-3.626 54.816 290.199
-3.628 54.813 290.199
-3.630 54.810 290.199
-3.632 54.806 290.199
-3.633 54.801 290.199
-3.635 54.797 290.199
-3.636 54.795 290.199
-3.639 54.791 290.199
-3.645 54.783 290.199
-3.646 54.780 290.199
-3.647 54.778 290.199
-3.647 54.776 290.199
-3.647 54.774 290.199
-3.648 54.770 290.199
-3.649 54.765 290.199
-3.652 54.761 290.199
-3.652 54.758 290.199
-3.653 54.756 290.199
-3.654 54.752 290.199
-3.654 54.749 290.199
-3.654 54.746 290.199
-3.656 54.742 290.199
-3.658 54.737 290.199
-3.657 54.732 290.199
-3.660 54.728 290.199
-3.660 54.726 290.199
-3.658 54.723 290.199
-3.659 54.714 290.199
-3.660 54.711 290.199
-3.661 54.706 290.199
-3.663 54.702 290.199
-3.664 54.697 290.199
-3.666 54.688 290.199
-3.666 54.686 290.199
-3.669 54.677 290.199
-3.671 54.668 290.199
-3.674 54.662 290.199
-3.674 54.660 290.199
-3.676 54.653 290.199
-3.678 54.650 290.199
-3.677 54.647 290.199
-3.677 54.645 290.199
-3.677 54.643 290.199
-3.677 54.639 290.199
-3.680 54.633 290.199
-3.679 54.631 290.199
-3.680 54.627 290.199
-3.681 54.625 290.199
-3.682 54.621 290.199
-3.682 54.619 290.199
-3.682 54.617 290.199
-3.682 54.615 290.199
-3.683 54.613 290.199
-3.684 54.609 290.199
-3.685 54.606 290.199
-3.685 54.604 290.199
-3.685 54.597 290.199
-3.685 54.594 290.199
-3.684 54.588 290.199
-3.686 54.584 290.199
-3.685 54.581 290.199
-3.685 54.577 290.199
-3.686 54.573 290.199
-3.686 54.570 290.199
-3.686 54.565 290.199
-3.687 54.561 290.199
-3.691 54.549 290.199
-3.692 54.545 290.199
-3.694 54.539 290.199
-3.700 54.529 290.199
-3.700 54.526 290.199
-3.701 54.524 290.199
-3.707 54.510 290.199
-3.711 54.503 290.199
-3.712 54.497 290.199
-3.712 54.495 290.199
-3.714 54.491 290.199
-3.712 54.489 290.199
-3.711 54.486 290.199
-3.711 54.483 290.199
-3.711 54.480 290.199
-3.711 54.476 290.199
-3.711 54.473 290.199
-3.711 54.470 290.199
-3.710 54.468 290.199
-3.710 54.463 290.199
-3.711 54.459 290.199
-3.711 54.457 290.199
-3.710 54.455 290.199
-3.711 54.453 290.199
-3.710 54.451 290.199
-3.710 54.445 290.199
-3.710 54.440 290.199
-3.712 54.435 290.199
-3.711 54.429 290.199
-3.711 54.426 290.199
-3.711 54.418 290.199
-3.712 54.415 290.199
-3.711 54.413 290.199
-3.712 54.404 290.199
-3.712 54.402 290.199
-3.712 54.398 290.199
-3.713 54.395 290.199
-3.712 54.393 290.199
-3.712 54.390 290.199
-3.712 54.387 290.199
-3.712 54.384 290.199
-3.712 54.382 290.199
-3.710 54.380 290.199
-3.709 54.378 290.199
-3.710 54.373 290.199
-3.710 54.371 290.199
-3.708 54.370 290.199
-3.708 54.366 290.199
-3.715 54.350 290.199
-3.716 54.347 290.199
-3.716 54.345 290.199
-3.717 54.342 290.199
-3.719 54.337 290.199
-3.718 54.334 290.199
-3.719 54.330 290.199
-3.720 54.327 290.199
-3.720 54.325 290.199
-3.721 54.318 290.199
-3.722 54.315 290.199
-3.723 54.312 290.199
-3.723 54.309 290.199
-3.723 54.307 290.199
-3.724 54.304 290.199
-3.724 54.302 290.199
-3.724 54.298 290.199
-3.724 54.296 290.199
-3.723 54.294 290.199
-3.723 54.291 290.199
-3.722 54.289 290.199
-3.722 54.287 290.199
-3.721 54.285 290.199
-3.720 54.281 290.199
-3.720 54.278 290.199
-3.720 54.276 290.199
-3.719 54.274 290.199
-3.718 54.270 290.199
-3.717 54.266 290.199
-3.717 54.263 290.199
-3.717 54.261 290.199
-3.716 54.259 290.199
-3.715 54.254 290.199
-3.715 54.251 290.199
-3.715 54.248 290.199
-3.714 54.246 290.199
-3.713 54.242 290.199
-3.713 54.240 290.199
-3.712 54.238 290.199
-3.711 54.235 290.199
-3.711 54.233 290.199
-3.710 54.228 290.199
-3.709 54.226 290.199
-3.709 54.224 290.199
-3.709 54.221 290.199
-3.708 54.218 290.199
-3.708 54.215 290.199
-3.707 54.213 290.199
-3.706 54.211 290.199
-3.706 54.209 290.199
-3.705 54.206 290.199
-3.705 54.203 290.199
-3.706 54.200 290.199
-3.704 54.199 290.199
-3.703 54.195 290.199
-3.702 54.190 290.199
-3.702 54.186 290.199
-3.701 54.183 290.199
-3.702 54.180 290.199
-3.699 54.173 290.199
-3.698 54.170 290.199
-3.700 54.167 290.199
-3.701 54.164 290.199
-3.700 54.162 290.199
-3.699 54.160 290.199
-3.696 54.154 290.199
-3.694 54.150 290.199
-3.693 54.146 290.199
-3.693 54.141 290.199
-3.692 54.139 290.199
-3.692 54.135 290.199
-3.692 54.133 290.199
-3.691 54.131 290.199
-3.690 54.129 290.199
-3.690 54.125 290.199
-3.689 54.122 290.199
-3.691 54.116 290.199
-3.689 54.113 290.199
-3.686 54.110 290.199
-3.687 54.106 290.199
-3.685 54.103 290.199
-3.684 54.099 290.199
-3.685 54.095 290.199
-3.683 54.092 290.199
-3.683 54.089 290.199
-3.682 54.086 290.199
-3.683 54.084 290.199
-3.680 54.081 290.199
-3.681 54.079 290.199
-3.680 54.077 290.199
-3.679 54.074 290.199
-3.678 54.072 290.199
-3.678 54.070 290.199
-3.677 54.068 290.199
-3.676 54.065 290.199
-3.676 54.063 290.199
-3.673 54.059 290.199
-3.673 54.057 290.199
-3.672 54.055 290.199
-3.671 54.053 290.199
-3.670 54.051 290.199
-3.669 54.049 290.199
-3.668 54.047 290.199
-3.667 54.045 290.199
-3.667 54.043 290.199
-3.666 54.041 290.199
-3.666 54.039 290.199
-3.664 54.036 290.199
-3.663 54.034 290.199
-3.662 54.032 290.199
-3.662 54.030 290.199
-3.662 54.028 290.199
-3.660 54.025 290.199
-3.660 54.023 290.199
-3.658 54.019 290.199
-3.657 54.017 290.199
-3.655 54.014 290.199
-3.654 54.012 290.199
-3.653 54.010 290.199
-3.651 54.007 290.199
-3.649 54.002 290.199
-3.649 54.000 290.199
-3.649 53.998 290.199
-3.647 53.996 290.199
-3.646 53.994 290.199
-3.645 53.992 290.199
-3.645 53.989 290.199
-3.645 53.986 290.199
-3.642 53.984 290.199
-3.641 53.982 290.199
-3.641 53.979 290.199
-3.639 53.977 290.199
-3.640 53.975 290.199
-3.638 53.973 290.199
-3.637 53.968 290.199
-3.636 53.965 290.199
-3.634 53.963 290.199
-3.633 53.961 290.199
-3.633 53.959 290.199
-3.633 53.957 290.199
-3.632 53.955 290.199
-3.631 53.953 290.199
-3.630 53.951 290.199
-3.630 53.949 290.199
-3.629 53.947 290.199
-3.629 53.945 290.199
-3.628 53.943 290.199
-3.627 53.941 290.199
-3.627 53.939 290.199
-3.626 53.937 290.199
-3.626 53.935 290.199
-3.625 53.932 290.199
-3.624 53.930 290.199
-3.624 53.927 290.199
-3.622 53.925 290.199
-3.622 53.922 290.199
-3.620 53.920 290.199
-3.620 53.918 290.199
-3.618 53.916 290.199
-3.618 53.913 290.199
-3.616 53.911 290.199
-3.614 53.909 290.199
-3.615 53.907 290.199
-3.614 53.905 290.199
-3.612 53.903 290.199
-3.610 53.900 290.199
-3.609 53.898 290.199
-3.608 53.896 290.199
-3.607 53.894 290.199
-3.607 53.892 290.199
-3.606 53.890 290.199
-3.604 53.888 290.199
-3.604 53.886 290.199
-3.603 53.884 290.199
-3.602 53.882 290.199
-3.601 53.880 290.199
-3.599 53.876 290.199
-3.598 53.874 290.199
-3.598 53.872 290.199
-3.597 53.870 290.199
-3.597 53.868 290.199
-3.595 53.865 290.199
-3.594 53.862 290.199
-3.593 53.859 290.199
-3.593 53.856 290.199
-3.593 53.854 290.199
-3.593 53.852 290.199
-3.592 53.849 290.199
-3.592 53.845 290.199
-3.591 53.843 290.199
-3.590 53.841 290.199
-3.589 53.836 290.199
-3.589 53.834 290.199
-3.589 53.832 290.199
-3.588 53.827 290.199
-3.588 53.825 290.199
-3.588 53.823 290.199
-3.587 53.820 290.199
-3.586 53.818 290.199
-3.586 53.816 290.199
-3.587 53.814 290.199
-3.586 53.812 290.199
-3.585 53.810 290.199
-3.585 53.808 290.199
-3.584 53.806 290.199
-3.582 53.804 290.199
-3.583 53.801 290.199
-3.581 53.794 290.199
-3.578 53.790 290.199
-3.577 53.783 290.199
-3.575 53.778 290.199
-3.576 53.775 290.199
-3.574 53.772 290.199
-3.574 53.770 290.199
-3.573 53.767 290.199
-3.574 53.764 290.199
-3.573 53.758 290.199
-3.573 53.755 290.199
-3.574 53.752 290.199
-3.572 53.750 290.199
-3.571 53.748 290.199
-3.572 53.746 290.199
-3.571 53.743 290.199
-3.573 53.738 290.199
-3.570 53.736 290.199
-3.570 53.734 290.199
-3.571 53.731 290.199
-3.570 53.729 290.199
-3.570 53.727 290.199
-3.570 53.725 290.199
-3.569 53.722 290.199
-3.570 53.713 290.199
-3.568 53.708 290.199
-3.570 53.701 290.199
-3.570 53.699 290.199
-3.572 53.695 290.199
-3.573 53.693 290.199
-3.573 53.691 290.199
-3.572 53.689 290.199
-3.572 53.687 290.199
-3.571 53.683 290.199
-3.570 53.680 290.199
-3.570 53.675 290.199
-3.571 53.671 290.199
-3.570 53.666 290.199
-3.570 53.663 290.199
-3.570 53.660 290.199
-3.571 53.658 290.199
-3.570 53.655 290.199
-3.571 53.649 290.199
-3.571 53.646 290.199
-3.569 53.641 290.199
-3.569 53.638 290.199
-3.569 53.636 290.199
-3.570 53.634 290.199
-3.572 53.627 290.199
-3.573 53.624 290.199
-3.574 53.619 290.199
-3.575 53.614 290.199
-3.578 53.608 290.199
-3.576 53.606 290.199
-3.577 53.604 290.199
-3.578 53.602 290.199
-3.579 53.598 290.199
-3.577 53.595 290.199
-3.581 53.581 290.199
-3.579 53.578 290.199
-3.582 53.572 290.199
-3.580 53.570 290.199
-3.580 53.568 290.199
-3.582 53.561 290.199
-3.583 53.559 290.199
-3.582 53.552 290.199
-3.583 53.546 290.199
-3.584 53.543 290.199
-3.583 53.539 290.199
-3.585 53.534 290.199
-3.585 53.531 290.199
-3.586 53.518 290.199
-3.589 53.512 290.199
-3.587 53.508 290.199
-3.592 53.498 290.199
-3.594 53.492 290.199
-3.602 53.473 290.199
-3.603 53.470 290.199
-3.603 53.461 290.199
-3.606 53.447 290.199
-3.608 53.438 290.199
-3.616 53.421 290.199
-3.616 53.413 290.199
-3.616 53.411 290.199
-3.622 53.397 290.199
-3.622 53.392 290.199
-3.623 53.390 290.199
-3.623 53.386 290.199
-3.628 53.375 290.199
-3.629 53.370 290.199
-3.630 53.368 290.199
-3.631 53.364 290.199
-3.639 53.345 290.199
-3.640 53.342 290.199
-3.654 53.316 290.199
-3.671 53.274 290.199
-3.672 53.272 290.199
-3.674 53.268 290.199
-3.673 53.266 290.199
-3.674 53.262 290.199
-3.674 53.259 290.199
-3.680 53.240 290.199
-3.678 53.238 290.199
-3.681 53.231 290.199
-3.681 53.229 290.199
-3.684 53.221 290.199
-3.685 53.219 290.199
-3.687 53.214 290.199
-3.687 53.210 290.199
-3.692 53.197 290.199
-3.692 53.191 290.199
-3.694 53.184 290.199
-3.695 53.181 290.199
-3.696 53.178 290.199
-3.704 53.162 290.199
-3.717 53.134 290.199
-3.721 53.126 290.199
-3.729 53.112 290.199
-3.742 53.090 290.199
-3.765 53.052 290.199
-3.767 53.049 290.199
-3.772 53.041 290.199
-3.787 53.016 290.199
-3.800 52.993 290.199
-3.811 52.973 290.199
-3.818 52.962 290.199
-3.820 52.959 290.199
-3.829 52.946 290.199
-3.832 52.942 290.199
-3.842 52.933 290.199
-3.845 52.933 290.199
-3.849 52.929 290.199
-3.863 52.915 290.199
-3.873 52.905 290.199
-3.903 52.872 290.199
-3.910 52.864 290.199
-3.921 52.854 290.199
-3.926 52.849 290.199
-3.934 52.842 290.199
-3.936 52.841 290.199
-3.939 52.839 290.199
-3.948 52.828 290.199
-3.951 52.825 290.199
-3.964 52.814 290.199
-3.987 52.783 290.199
-3.989 52.780 290.199
-3.993 52.769 290.199
-3.996 52.762 290.199
-3.998 52.762 290.199
-4.012 52.760 290.199
-4.014 52.760 290.199
-4.016 52.761 290.199
-4.031 52.755 290.199
-4.035 52.756 290.199
-4.038 52.756 290.199
-4.043 52.756 290.199
-4.045 52.757 290.199
-4.047 52.758 290.199
-4.051 52.758 290.199
-4.062 52.758 290.199
-4.069 52.755 290.199
-4.091 52.748 290.199
-4.123 52.735 290.199
-4.124 52.733 290.199
-4.130 52.733 290.199
-4.140 52.730 290.199
-4.153 52.724 290.199
-4.158 52.722 290.199
-4.163 52.721 290.199
-4.170 52.720 290.199
-4.177 52.721 290.199
-4.182 52.720 290.199
-4.184 52.721 290.199
-4.193 52.717 290.199
-4.203 52.715 290.199
-4.205 52.717 290.199
-4.212 52.716 290.199
-4.222 52.715 290.199
-4.224 52.714 290.199
-4.238 52.711 290.199
-4.244 52.708 290.199
-4.245 52.710 290.199
-4.255 52.707 290.199
-4.292 52.686 290.199
-4.320 52.671 290.199
-4.326 52.669 290.199
-4.343 52.660 290.199
-4.356 52.657 290.199
-4.360 52.655 290.199
-4.374 52.649 290.199
-4.386 52.647 290.199
-4.390 52.645 290.199
-4.408 52.638 290.199
-4.410 52.638 290.199
-4.414 52.638 290.199
-4.419 52.635 290.199
-4.426 52.637 290.199
-4.436 52.631 290.199
-4.448 52.630 290.199
-4.451 52.629 290.199
-4.454 52.629 290.199
-4.463 52.626 290.199
-4.474 52.624 290.199
-4.499 52.612 290.199
-4.509 52.608 290.199
-4.513 52.606 290.199
-4.517 52.605 290.199
-4.538 52.593 290.199
-4.569 52.566 290.199
-4.575 52.560 290.199
-4.579 52.557 290.199
-4.579 52.554 290.199
-4.578 52.551 290.199
-4.579 52.549 290.199
-4.582 52.546 290.199
-4.580 52.542 290.199
-4.588 52.535 290.199
-4.588 52.528 290.199
-4.592 52.519 290.199
-4.597 52.512 290.199
-4.596 52.509 290.199
-4.597 52.505 290.199
-4.603 52.499 290.199
-4.606 52.496 290.199
-4.613 52.489 290.199
-4.627 52.477 290.199
-4.637 52.470 290.199
-4.640 52.464 290.199
-4.647 52.459 290.199
-4.650 52.457 290.199
-4.653 52.454 290.199
-4.672 52.442 290.199
-4.684 52.435 290.199
-4.685 52.433 290.199
-4.691 52.425 290.199
-4.691 52.422 290.199
-4.697 52.415 290.199
-4.701 52.412 290.199
-4.702 52.409 290.199
-4.722 52.394 290.199
-4.726 52.391 290.199
-4.736 52.382 290.199
-4.747 52.371 290.199
-4.752 52.368 290.199
-4.756 52.365 290.199
-4.756 52.363 290.199
-4.771 52.350 290.199
-4.775 52.344 290.199
-4.775 52.340 290.199
-4.781 52.332 290.199
-4.786 52.329 290.199
-4.786 52.327 290.199
-4.790 52.324 290.199
-4.799 52.317 290.199
-4.798 52.312 290.199
-4.801 52.309 290.199
-4.815 52.298 290.199
-4.816 52.294 290.199
-4.828 52.284 290.199
-4.829 52.279 290.199
-4.836 52.273 290.199
-4.842 52.267 290.199
-4.843 52.265 290.199
-4.848 52.262 290.199
-4.849 52.260 290.199
-4.854 52.256 290.199
-4.874 52.244 290.199
-4.894 52.233 290.199
-4.897 52.232 290.199
-4.905 52.229 290.199
-4.907 52.229 290.199
-4.910 52.228 290.199
-4.915 52.228 290.199
-4.920 52.226 290.199
-4.922 52.226 290.199
-4.926 52.225 290.199
-4.930 52.224 290.199
-4.932 52.224 290.199
-4.937 52.222 290.199
-4.945 52.219 290.199
-4.950 52.218 290.199
-4.952 52.218 290.199
-4.958 52.215 290.199
-4.996 52.193 290.199
-5.000 52.190 290.199
-5.002 52.189 290.199
-5.003 52.187 290.199
-5.005 52.185 290.199
-5.008 52.183 290.199
-5.012 52.181 290.199
-5.014 52.180 290.199
-5.021 52.176 290.199
-5.032 52.171 290.199
-5.053 52.162 290.199
-5.068 52.156 290.199
-5.088 52.148 290.199
-5.091 52.147 290.199
-5.094 52.146 290.199
-5.123 52.134 290.199
-5.140 52.127 290.199
-5.168 52.115 290.199
-5.176 52.112 290.199
-5.206 52.112 290.199
-5.223 52.112 290.199
-5.229 52.112 290.199
