-2.223 63.222 286.012
-2.212 63.222 286.012
-2.190 63.243 286.012
-2.185 63.249 286.012
-2.182 63.254 286.012
-2.181 63.258 286.012
-2.179 63.261 286.012
-2.169 63.276 286.012
-2.166 63.287 286.012
-2.164 63.295 286.012
-2.162 63.302 286.012
-2.163 63.307 286.012
-2.167 63.309 286.012
-2.170 63.312 286.012
-2.169 63.321 286.012
-2.168 63.326 286.012
-2.168 63.335 286.012
-2.168 63.340 286.012
-2.168 63.344 286.012
-2.171 63.349 286.012
-2.174 63.354 286.012
-2.172 63.358 286.012
-2.175 63.369 286.012
-2.177 63.375 286.012
-2.177 63.379 286.012
-2.177 63.383 286.012
-2.173 63.396 286.012
-2.158 63.428 286.012
-2.153 63.440 286.012
-2.147 63.445 286.012
-2.143 63.450 286.012
-2.138 63.455 286.012
-2.131 63.466 286.012
-2.125 63.475 286.012
-2.120 63.487 286.012
-2.115 63.495 286.012
-2.112 63.501 286.012
-2.099 63.524 286.012
-2.093 63.536 286.012
-2.080 63.558 286.012
-2.076 63.564 286.012
-2.072 63.569 286.012
-2.069 63.575 286.012
-2.066 63.580 286.012
-2.055 63.598 286.012
-2.046 63.616 286.012
-2.042 63.619 286.012
-2.036 63.630 286.012
-2.033 63.635 286.012
-2.027 63.644 286.012
-2.013 63.662 286.012
-2.007 63.670 286.012
-2.004 63.674 286.012
-2.002 63.677 286.012
-1.999 63.680 286.012
-1.996 63.684 286.012
-1.990 63.689 286.012
-1.983 63.697 286.012
-1.980 63.701 286.012
-1.973 63.703 286.012
-1.965 63.710 286.012
-1.960 63.717 286.012
-1.958 63.720 286.012
-1.955 63.722 286.012
-1.953 63.725 286.012
-1.946 63.731 286.012
-1.937 63.739 286.012
-1.931 63.750 286.012
-1.926 63.753 286.012
-1.923 63.755 286.012
-1.909 63.774 286.012
-1.904 63.781 286.012
-1.897 63.789 286.012
-1.893 63.796 286.012
-1.889 63.799 286.012
-1.886 63.801 286.012
-1.881 63.807 286.012
-1.876 63.813 286.012
-1.872 63.820 286.012
-1.868 63.825 286.012
-1.859 63.833 286.012
-1.851 63.845 286.012
-1.839 63.862 286.012
-1.835 63.865 286.012
-1.830 63.864 286.012
-1.823 63.869 286.012
-1.819 63.873 286.012
-1.815 63.873 286.012
-1.812 63.876 286.012
-1.806 63.881 286.012
-1.801 63.880 286.012
-1.797 63.884 286.012
-1.789 63.886 286.012
-1.786 63.888 286.012
-1.783 63.890 286.012
-1.777 63.894 286.012
-1.770 63.903 286.012
-1.765 63.907 286.012
-1.759 63.907 286.012
-1.752 63.914 286.012
-1.749 63.916 286.012
-1.746 63.918 286.012
-1.742 63.918 286.012
-1.737 63.924 286.012
-1.734 63.926 286.012
-1.731 63.928 286.012
-1.728 63.930 286.012
-1.725 63.932 286.012
-1.722 63.934 286.012
-1.719 63.936 286.012
-1.716 63.938 286.012
-1.713 63.940 286.012
-1.709 63.943 286.012
-1.704 63.946 286.012
-1.700 63.949 286.012
-1.697 63.951 286.012
-1.694 63.953 286.012
-1.691 63.955 286.012
-1.688 63.957 286.012
-1.684 63.960 286.012
-1.679 63.963 286.012
-1.676 63.965 286.012
-1.673 63.967 286.012
-1.670 63.969 286.012
-1.666 63.971 286.012
-1.663 63.974 286.012
-1.657 63.978 286.012
-1.654 63.980 286.012
-1.651 63.982 286.012
-1.648 63.984 286.012
-1.643 63.987 286.012
-1.637 63.990 286.012
-1.634 63.992 286.012
-1.631 63.995 286.012
-1.626 63.998 286.012
-1.620 64.002 286.012
-1.609 64.014 286.012
-1.603 64.021 286.012
-1.602 64.025 286.012
-1.599 64.033 286.012
-1.597 64.037 286.012
-1.596 64.042 286.012
-1.593 64.049 286.012
-1.590 64.056 286.012
-1.591 64.063 286.012
-1.595 64.070 286.012
-1.598 64.078 286.012
-1.600 64.085 286.012
-1.607 64.089 286.012
-1.611 64.099 286.012
-1.612 64.104 286.012
-1.614 64.107 286.012
-1.615 64.111 286.012
-1.614 64.117 286.012
-1.617 64.119 286.012
-1.616 64.124 286.012
-1.616 64.131 286.012
-1.616 64.135 286.012
-1.615 64.143 286.012
-1.615 64.147 286.012
-1.616 64.151 286.012
-1.615 64.155 286.012
-1.614 64.162 286.012
-1.616 64.166 286.012
-1.617 64.170 286.012
-1.616 64.174 286.012
-1.615 64.179 286.012
-1.616 64.185 286.012
-1.618 64.188 286.012
-1.617 64.192 286.012
-1.616 64.197 286.012
-1.617 64.202 286.012
-1.618 64.209 286.012
-1.621 64.211 286.012
-1.620 64.216 286.012
-1.618 64.221 286.012
-1.621 64.224 286.012
-1.619 64.228 286.012
-1.616 64.235 286.012
-1.615 64.241 286.012
-1.617 64.245 286.012
-1.590 64.280 286.012
-1.586 64.284 286.012
-1.581 64.287 286.012
-1.576 64.291 286.012
-1.557 64.308 286.012
-1.546 64.320 286.012
-1.546 64.326 286.012
-1.534 64.352 286.012
-1.532 64.358 286.012
-1.530 64.363 286.012
-1.530 64.368 286.012
-1.528 64.372 286.012
-1.526 64.380 286.012
-1.526 64.385 286.012
-1.526 64.391 286.012
-1.526 64.397 286.012
-1.525 64.402 286.012
-1.521 64.410 286.012
-1.518 64.420 286.012
-1.516 64.428 286.012
-1.516 64.432 286.012
-1.511 64.443 286.012
-1.506 64.454 286.012
-1.489 64.491 286.012
-1.485 64.498 286.012
-1.482 64.505 286.012
-1.478 64.520 286.012
-1.479 64.525 286.012
-1.479 64.530 286.012
-1.482 64.538 286.012
-1.476 64.549 286.012
-1.477 64.554 286.012
-1.462 64.584 286.012
-1.452 64.604 286.012
-1.456 64.608 286.012
-1.450 64.625 286.012
-1.448 64.629 286.012
-1.445 64.636 286.012
-1.442 64.648 286.012
-1.439 64.655 286.012
-1.438 64.659 286.012
-1.427 64.679 286.012
-1.423 64.691 286.012
-1.420 64.698 286.012
-1.419 64.702 286.012
-1.417 64.707 286.012
-1.420 64.711 286.012
-1.418 64.719 286.012
-1.418 64.727 286.012
-1.415 64.738 286.012
-1.414 64.743 286.012
-1.414 64.748 286.012
-1.413 64.752 286.012
-1.412 64.756 286.012
-1.413 64.760 286.012
-1.411 64.768 286.012
-1.408 64.777 286.012
-1.407 64.783 286.012
-1.403 64.792 286.012
-1.401 64.796 286.012
-1.397 64.803 286.012
-1.380 64.833 286.012
-1.368 64.850 286.012
-1.362 64.860 286.012
-1.359 64.865 286.012
-1.358 64.869 286.012
-1.353 64.884 286.012
-1.351 64.888 286.012
-1.343 64.908 286.012
-1.347 64.912 286.012
-1.348 64.916 286.012
-1.345 64.927 286.012
-1.343 64.931 286.012
-1.341 64.938 286.012
-1.340 64.956 286.012
-1.342 64.959 286.012
-1.337 64.974 286.012
-1.338 64.979 286.012
-1.333 64.989 286.012
-1.315 65.026 286.012
-1.312 65.033 286.012
-1.311 65.038 286.012
-1.309 65.044 286.012
-1.305 65.056 286.012
-1.302 65.066 286.012
-1.302 65.070 286.012
-1.300 65.075 286.012
-1.297 65.084 286.012
-1.296 65.091 286.012
-1.295 65.096 286.012
-1.291 65.106 286.012
-1.290 65.110 286.012
-1.275 65.139 286.012
-1.274 65.143 286.012
-1.268 65.156 286.012
-1.266 65.164 286.012
-1.270 65.168 286.012
-1.267 65.176 286.012
-1.266 65.180 286.012
-1.268 65.184 286.012
-1.265 65.191 286.012
-1.263 65.197 286.012
-1.261 65.207 286.012
-1.258 65.219 286.012
-1.256 65.229 286.012
-1.254 65.236 286.012
-1.250 65.251 286.012
-1.239 65.273 286.012
-1.237 65.279 286.012
-1.233 65.289 286.012
-1.229 65.300 286.012
-1.218 65.320 286.012
-1.217 65.324 286.012
-1.215 65.328 286.012
-1.214 65.332 286.012
-1.213 65.336 286.012
-1.212 65.341 286.012
-1.210 65.346 286.012
-1.208 65.353 286.012
-1.207 65.357 286.012
-1.205 65.363 286.012
-1.204 65.368 286.012
-1.203 65.372 286.012
-1.202 65.377 286.012
-1.201 65.385 286.012
-1.198 65.394 286.012
-1.198 65.400 286.012
-1.197 65.406 286.012
-1.196 65.410 286.012
-1.195 65.414 286.012
-1.195 65.419 286.012
-1.193 65.423 286.012
-1.193 65.427 286.012
-1.196 65.430 286.012
-1.189 65.443 286.012
-1.190 65.447 286.012
-1.189 65.451 286.012
-1.185 65.460 286.012
-1.181 65.473 286.012
-1.180 65.479 286.012
-1.182 65.483 286.012
-1.180 65.487 286.012
-1.184 65.498 286.012
-1.185 65.502 286.012
-1.168 65.531 286.012
-1.166 65.544 286.012
-1.162 65.556 286.012
-1.158 65.564 286.012
-1.156 65.571 286.012
-1.156 65.575 286.012
-1.152 65.584 286.012
-1.136 65.626 286.012
-1.133 65.629 286.012
-1.128 65.635 286.012
-1.122 65.642 286.012
-1.118 65.645 286.012
-1.114 65.650 286.012
-1.108 65.652 286.012
-1.105 65.654 286.012
-1.102 65.658 286.012
-1.095 65.665 286.012
-1.090 65.672 286.012
-1.087 65.674 286.012
-1.082 65.683 286.012
-1.077 65.694 286.012
-1.075 65.699 286.012
-1.075 65.703 286.012
-1.075 65.707 286.012
-1.076 65.711 286.012
-1.077 65.715 286.012
-1.079 65.719 286.012
-1.080 65.723 286.012
-1.082 65.727 286.012
-1.081 65.731 286.012
-1.084 65.733 286.012
-1.086 65.738 286.012
-1.086 65.742 286.012
-1.088 65.745 286.012
-1.088 65.750 286.012
-1.087 65.755 286.012
-1.087 65.759 286.012
-1.090 65.761 286.012
-1.088 65.767 286.012
-1.085 65.773 286.012
-1.084 65.779 286.012
-1.084 65.783 286.012
-1.064 65.821 286.012
-1.058 65.832 286.012
-1.053 65.841 286.012
-1.052 65.846 286.012
-1.049 65.852 286.012
-1.050 65.856 286.012
-1.046 65.867 286.012
-1.045 65.873 286.012
-1.043 65.880 286.012
-1.042 65.885 286.012
-1.040 65.891 286.012
-1.038 65.894 286.012
-1.037 65.898 286.012
-1.035 65.903 286.012
-1.033 65.906 286.012
-1.031 65.910 286.012
-1.025 65.919 286.012
-1.021 65.925 286.012
-1.018 65.929 286.012
-1.011 65.937 286.012
-0.986 65.962 286.012
-0.983 65.966 286.012
-0.979 65.970 286.012
-0.975 65.972 286.012
-0.973 65.975 286.012
-0.970 65.977 286.012
-0.967 65.979 286.012
-0.964 65.981 286.012
-0.959 65.986 286.012
-0.951 66.000 286.012
-0.948 66.005 286.012
-0.947 66.009 286.012
-0.941 66.021 286.012
-0.938 66.026 286.012
-0.936 66.030 286.012
-0.932 66.039 286.012
-0.931 66.043 286.012
-0.926 66.052 286.012
-0.924 66.059 286.012
-0.920 66.066 286.012
-0.919 66.070 286.012
-0.916 66.076 286.012
-0.912 66.084 286.012
-0.910 66.089 286.012
-0.906 66.097 286.012
-0.905 66.101 286.012
-0.895 66.118 286.012
-0.893 66.123 286.012
-0.892 66.127 286.012
-0.885 66.139 286.012
-0.883 66.144 286.012
-0.878 66.154 286.012
-0.874 66.163 286.012
-0.870 66.172 286.012
-0.870 66.176 286.012
-0.862 66.191 286.012
-0.852 66.208 286.012
-0.850 66.217 286.012
-0.847 66.222 286.012
-0.842 66.231 286.012
-0.836 66.245 286.012
-0.833 66.253 286.012
-0.830 66.259 286.012
-0.829 66.263 286.012
-0.829 66.269 286.012
-0.821 66.282 286.012
-0.821 66.287 286.012
-0.820 66.291 286.012
-0.803 66.320 286.012
-0.786 66.354 286.012
-0.782 66.365 286.012
-0.761 66.399 286.012
-0.750 66.419 286.012
-0.746 66.427 286.012
-0.742 66.435 286.012
-0.739 66.441 286.012
-0.734 66.452 286.012
-0.713 66.488 286.012
-0.706 66.494 286.012
-0.704 66.497 286.012
-0.702 66.500 286.012
-0.690 66.517 286.012
-0.687 66.521 286.012
-0.689 66.525 286.012
-0.687 66.529 286.012
-0.689 66.532 286.012
-0.687 66.537 286.012
-0.690 66.543 286.012
-0.690 66.547 286.012
-0.693 66.551 286.012
-0.695 66.554 286.012
-0.697 66.558 286.012
-0.696 66.563 286.012
-0.698 66.568 286.012
-0.702 66.572 286.012
-0.702 66.578 286.012
-0.704 66.581 286.012
-0.705 66.586 286.012
-0.707 66.590 286.012
-0.710 66.593 286.012
-0.711 66.599 286.012
-0.714 66.602 286.012
-0.711 66.607 286.012
-0.713 66.613 286.012
-0.712 66.618 286.012
-0.714 66.622 286.012
-0.713 66.626 286.012
-0.714 66.635 286.012
-0.711 66.643 286.012
-0.710 66.649 286.012
-0.711 66.654 286.012
-0.708 66.664 286.012
-0.709 66.669 286.012
-0.707 66.674 286.012
-0.704 66.684 286.012
-0.703 66.688 286.012
-0.702 66.692 286.012
-0.693 66.711 286.012
-0.686 66.726 286.012
-0.681 66.739 286.012
-0.684 66.741 286.012
-0.676 66.755 286.012
-0.676 66.762 286.012
-0.675 66.766 286.012
-0.678 66.768 286.012
-0.675 66.776 286.012
-0.678 66.778 286.012
-0.677 66.789 286.012
-0.683 66.794 286.012
-0.685 66.797 286.012
-0.691 66.804 286.012
-0.691 66.808 286.012
-0.699 66.816 286.012
-0.700 66.820 286.012
-0.706 66.836 286.012
-0.705 66.844 286.012
-0.710 66.849 286.012
-0.713 66.855 286.012
-0.716 66.859 286.012
-0.712 66.867 286.012
-0.712 66.872 286.012
-0.715 66.892 286.012
-0.720 66.896 286.012
-0.712 66.908 286.012
-0.713 66.914 286.012
-0.713 66.918 286.012
-0.711 66.922 286.012
-0.708 66.929 286.012
-0.706 66.935 286.012
-0.707 66.939 286.012
-0.709 66.947 286.012
-0.705 66.953 286.012
-0.707 66.956 286.012
-0.710 66.963 286.012
-0.708 66.970 286.012
-0.706 66.974 286.012
-0.706 66.980 286.012
-0.710 66.985 286.012
-0.712 66.991 286.012
-0.713 66.996 286.012
-0.715 67.001 286.012
-0.712 67.011 286.012
-0.717 67.023 286.012
-0.717 67.027 286.012
-0.719 67.033 286.012
-0.722 67.037 286.012
-0.720 67.049 286.012
-0.720 67.057 286.012
-0.716 67.063 286.012
-0.716 67.067 286.012
-0.713 67.073 286.012
-0.714 67.077 286.012
-0.711 67.082 286.012
-0.710 67.087 286.012
-0.705 67.102 286.012
-0.700 67.116 286.012
-0.699 67.121 286.012
-0.698 67.127 286.012
-0.697 67.134 286.012
-0.695 67.137 286.012
-0.697 67.140 286.012
-0.694 67.146 286.012
-0.695 67.155 286.012
-0.691 67.162 286.012
-0.692 67.172 286.012
-0.689 67.177 286.012
-0.690 67.181 286.012
-0.692 67.186 286.012
-0.689 67.196 286.012
-0.693 67.201 286.012
-0.688 67.211 286.012
-0.686 67.220 286.012
-0.686 67.225 286.012
-0.686 67.231 286.012
-0.690 67.247 286.012
-0.687 67.260 286.012
-0.686 67.265 286.012
-0.684 67.271 286.012
-0.682 67.274 286.012
-0.680 67.284 286.012
-0.672 67.303 286.012
-0.673 67.307 286.012
-0.671 67.312 286.012
-0.672 67.319 286.012
-0.670 67.325 286.012
-0.669 67.331 286.012
-0.674 67.335 286.012
-0.671 67.342 286.012
-0.671 67.346 286.012
-0.672 67.351 286.012
-0.673 67.357 286.012
-0.674 67.362 286.012
-0.677 67.366 286.012
-0.679 67.369 286.012
-0.675 67.377 286.012
-0.678 67.385 286.012
-0.680 67.392 286.012
-0.683 67.397 286.012
-0.678 67.405 286.012
-0.678 67.410 286.012
-0.680 67.413 286.012
-0.678 67.419 286.012
-0.678 67.425 286.012
-0.678 67.430 286.012
-0.679 67.443 286.012
-0.675 67.450 286.012
-0.679 67.457 286.012
-0.681 67.460 286.012
-0.675 67.469 286.012
-0.674 67.473 286.012
-0.676 67.476 286.012
-0.671 67.484 286.012
-0.673 67.489 286.012
-0.668 67.499 286.012
-0.670 67.505 286.012
-0.670 67.509 286.012
-0.671 67.514 286.012
-0.669 67.518 286.012
-0.669 67.525 286.012
-0.671 67.528 286.012
-0.673 67.532 286.012
-0.668 67.545 286.012
-0.670 67.549 286.012
-0.667 67.554 286.012
-0.667 67.558 286.012
-0.665 67.564 286.012
-0.667 67.571 286.012
-0.666 67.576 286.012
-0.665 67.581 286.012
-0.668 67.585 286.012
-0.665 67.589 286.012
-0.662 67.593 286.012
-0.664 67.597 286.012
-0.662 67.601 286.012
-0.658 67.607 286.012
-0.659 67.612 286.012
-0.655 67.620 286.012
-0.653 67.626 286.012
-0.654 67.631 286.012
-0.653 67.641 286.012
-0.653 67.645 286.012
-0.650 67.650 286.012
-0.647 67.662 286.012
-0.648 67.667 286.012
-0.645 67.675 286.012
-0.644 67.683 286.012
-0.641 67.693 286.012
-0.640 67.697 286.012
-0.640 67.708 286.012
-0.637 67.712 286.012
-0.640 67.717 286.012
-0.636 67.722 286.012
-0.635 67.726 286.012
-0.632 67.733 286.012
-0.631 67.742 286.012
-0.629 67.748 286.012
-0.626 67.759 286.012
-0.626 67.763 286.012
-0.622 67.774 286.012
-0.622 67.781 286.012
-0.621 67.787 286.012
-0.618 67.791 286.012
-0.620 67.795 286.012
-0.615 67.802 286.012
-0.614 67.807 286.012
-0.616 67.810 286.012
-0.612 67.816 286.012
-0.609 67.825 286.012
-0.607 67.829 286.012
-0.609 67.832 286.012
-0.611 67.836 286.012
-0.605 67.847 286.012
-0.604 67.852 286.012
-0.603 67.859 286.012
-0.605 67.866 286.012
-0.604 67.872 286.012
-0.608 67.882 286.012
-0.606 67.887 286.012
-0.609 67.892 286.012
-0.606 67.901 286.012
-0.614 67.910 286.012
-0.612 67.916 286.012
-0.605 67.925 286.012
-0.608 67.928 286.012
-0.602 67.935 286.012
-0.604 67.942 286.012
-0.599 67.949 286.012
-0.596 67.959 286.012
-0.596 67.963 286.012
-0.593 67.973 286.012
-0.596 67.976 286.012
-0.588 67.989 286.012
-0.581 68.002 286.012
-0.580 68.006 286.012
-0.577 68.016 286.012
-0.578 68.020 286.012
-0.572 68.030 286.012
-0.575 68.036 286.012
-0.573 68.040 286.012
-0.575 68.046 286.012
-0.573 68.049 286.012
-0.572 68.058 286.012
-0.573 68.065 286.012
-0.571 68.070 286.012
-0.570 68.074 286.012
-0.567 68.082 286.012
-0.565 68.089 286.012
-0.564 68.095 286.012
-0.564 68.102 286.012
-0.560 68.107 286.012
-0.558 68.110 286.012
-0.557 68.117 286.012
-0.554 68.123 286.012
-0.552 68.130 286.012
-0.550 68.136 286.012
-0.550 68.140 286.012
-0.549 68.144 286.012
-0.547 68.150 286.012
-0.545 68.155 286.012
-0.543 68.163 286.012
-0.544 68.167 286.012
-0.539 68.178 286.012
-0.537 68.181 286.012
-0.532 68.187 286.012
-0.530 68.193 286.012
-0.530 68.198 286.012
-0.523 68.206 286.012
-0.518 68.214 286.012
-0.520 68.218 286.012
-0.513 68.229 286.012
-0.511 68.232 286.012
-0.508 68.237 286.012
-0.507 68.241 286.012
-0.505 68.246 286.012
-0.501 68.253 286.012
-0.502 68.258 286.012
-0.499 68.263 286.012
-0.499 68.267 286.012
-0.499 68.272 286.012
-0.500 68.276 286.012
-0.498 68.279 286.012
-0.496 68.285 286.012
-0.496 68.290 286.012
-0.496 68.301 286.012
-0.494 68.304 286.012
-0.494 68.310 286.012
-0.493 68.318 286.012
-0.497 68.323 286.012
-0.493 68.328 286.012
-0.495 68.331 286.012
-0.492 68.342 286.012
-0.493 68.347 286.012
-0.488 68.353 286.012
-0.485 68.361 286.012
-0.484 68.366 286.012
-0.482 68.369 286.012
-0.480 68.375 286.012
-0.478 68.380 286.012
-0.476 68.388 286.012
-0.475 68.394 286.012
-0.474 68.398 286.012
-0.471 68.402 286.012
-0.468 68.411 286.012
-0.465 68.415 286.012
-0.463 68.418 286.012
-0.463 68.422 286.012
-0.461 68.427 286.012
-0.455 68.436 286.012
-0.447 68.446 286.012
-0.442 68.457 286.012
-0.445 68.461 286.012
-0.436 68.481 286.012
-0.438 68.484 286.012
-0.436 68.491 286.012
-0.422 68.509 286.012
-0.427 68.524 286.012
-0.424 68.529 286.012
-0.426 68.533 286.012
-0.420 68.555 286.012
-0.419 68.560 286.012
-0.412 68.570 286.012
-0.412 68.578 286.012
-0.404 68.586 286.012
-0.404 68.598 286.012
-0.403 68.603 286.012
-0.405 68.607 286.012
-0.402 68.613 286.012
-0.401 68.620 286.012
-0.403 68.631 286.012
-0.400 68.640 286.012
-0.398 68.649 286.012
-0.402 68.655 286.012
-0.398 68.661 286.012
-0.392 68.671 286.012
-0.391 68.675 286.012
-0.385 68.691 286.012
-0.382 68.702 286.012
-0.380 68.705 286.012
-0.380 68.711 286.012
-0.380 68.715 286.012
-0.375 68.724 286.012
-0.370 68.732 286.012
-0.374 68.739 286.012
-0.365 68.748 286.012
-0.362 68.752 286.012
-0.361 68.758 286.012
-0.359 68.764 286.012
-0.358 68.769 286.012
-0.354 68.779 286.012
-0.351 68.783 286.012
-0.353 68.786 286.012
-0.344 68.801 286.012
-0.345 68.808 286.012
-0.344 68.814 286.012
-0.340 68.818 286.012
-0.339 68.823 286.012
-0.336 68.828 286.012
-0.338 68.834 286.012
-0.330 68.844 286.012
-0.327 68.854 286.012
-0.327 68.858 286.012
-0.324 68.862 286.012
-0.326 68.865 286.012
-0.319 68.872 286.012
-0.319 68.876 286.012
-0.320 68.881 286.012
-0.313 68.895 286.012
-0.312 68.899 286.012
-0.312 68.905 286.012
-0.309 68.912 286.012
-0.304 68.917 286.012
-0.302 68.922 286.012
-0.303 68.927 286.012
-0.301 68.931 286.012
-0.300 68.940 286.012
-0.294 68.947 286.012
-0.292 68.953 286.012
-0.293 68.959 286.012
-0.287 68.965 286.012
-0.285 68.971 286.012
-0.283 68.979 286.012
-0.278 68.988 286.012
-0.275 68.991 286.012
-0.273 68.997 286.012
-0.274 69.001 286.012
-0.267 69.008 286.012
-0.266 69.013 286.012
-0.260 69.020 286.012
-0.260 69.024 286.012
-0.259 69.028 286.012
-0.257 69.032 286.012
-0.256 69.037 286.012
-0.255 69.046 286.012
-0.251 69.054 286.012
-0.252 69.061 286.012
-0.249 69.064 286.012
-0.247 69.067 286.012
-0.247 69.071 286.012
-0.242 69.076 286.012
-0.242 69.080 286.012
-0.237 69.088 286.012
-0.238 69.092 286.012
-0.235 69.096 286.012
-0.232 69.102 286.012
-0.227 69.110 286.012
-0.227 69.114 286.012
-0.223 69.120 286.012
-0.225 69.124 286.012
-0.222 69.127 286.012
-0.221 69.131 286.012
-0.217 69.135 286.012
-0.215 69.138 286.012
-0.213 69.141 286.012
-0.211 69.145 286.012
-0.208 69.149 286.012
-0.204 69.154 286.012
-0.201 69.159 286.012
-0.198 69.163 286.012
-0.193 69.171 286.012
-0.191 69.174 286.012
-0.189 69.177 286.012
-0.186 69.181 286.012
-0.184 69.184 286.012
-0.182 69.187 286.012
-0.184 69.190 286.012
-0.182 69.193 286.012
-0.181 69.197 286.012
-0.176 69.201 286.012
-0.178 69.205 286.012
-0.174 69.209 286.012
-0.173 69.214 286.012
-0.171 69.219 286.012
-0.168 69.223 286.012
-0.167 69.229 286.012
-0.164 69.233 286.012
-0.162 69.237 286.012
-0.164 69.240 286.012
-0.162 69.243 286.012
-0.164 69.247 286.012
-0.161 69.251 286.012
-0.156 69.255 286.012
-0.154 69.260 286.012
-0.152 69.266 286.012
-0.149 69.273 286.012
-0.148 69.277 286.012
-0.147 69.281 286.012
-0.143 69.289 286.012
-0.139 69.301 286.012
-0.138 69.308 286.012
-0.139 69.313 286.012
-0.138 69.317 286.012
-0.134 69.321 286.012
-0.132 69.325 286.012
-0.133 69.329 286.012
-0.126 69.336 286.012
-0.123 69.342 286.012
-0.118 69.350 286.012
-0.117 69.354 286.012
-0.115 69.358 286.012
-0.117 69.361 286.012
-0.113 69.365 286.012
-0.108 69.369 286.012
-0.103 69.379 286.012
-0.102 69.384 286.012
-0.099 69.387 286.012
-0.096 69.390 286.012
-0.092 69.397 286.012
-0.089 69.404 286.012
-0.088 69.409 286.012
-0.087 69.415 286.012
-0.083 69.418 286.012
-0.081 69.422 286.012
-0.078 69.428 286.012
-0.078 69.432 286.012
-0.072 69.440 286.012
-0.070 69.444 286.012
-0.069 69.449 286.012
-0.065 69.454 286.012
-0.063 69.459 286.012
-0.062 69.465 286.012
-0.060 69.469 286.012
-0.058 69.473 286.012
-0.057 69.477 286.012
-0.055 69.480 286.012
-0.052 69.483 286.012
-0.051 69.487 286.012
-0.049 69.492 286.012
-0.046 69.497 286.012
-0.043 69.503 286.012
-0.042 69.507 286.012
-0.039 69.511 286.012
-0.037 69.514 286.012
-0.032 69.522 286.012
-0.030 69.527 286.012
-0.028 69.533 286.012
-0.026 69.536 286.012
-0.023 69.541 286.012
-0.022 69.545 286.012
-0.020 69.548 286.012
-0.018 69.551 286.012
-0.016 69.554 286.012
-0.015 69.558 286.012
-0.013 69.561 286.012
-0.011 69.564 286.012
-0.009 69.567 286.012
-0.006 69.571 286.012
-0.002 69.577 286.012
0.000 69.580 286.012
0.002 69.583 286.012
0.004 69.586 286.012
0.007 69.591 286.012
0.009 69.594 286.012
0.011 69.597 286.012
0.013 69.601 286.012
0.016 69.605 286.012
0.018 69.608 286.012
0.020 69.612 286.012
0.022 69.615 286.012
0.024 69.618 286.012
0.027 69.623 286.012
0.029 69.626 286.012
0.032 69.630 286.012
0.034 69.633 286.012
0.037 69.637 286.012
0.039 69.640 286.012
0.041 69.643 286.012
0.043 69.646 286.012
0.045 69.650 286.012
0.047 69.654 286.012
0.051 69.660 286.012
0.053 69.663 286.012
0.056 69.666 286.012
0.058 69.670 286.012
0.060 69.673 286.012
0.062 69.676 286.012
0.065 69.681 286.012
0.068 69.685 286.012
0.070 69.688 286.012
0.070 69.692 286.012
0.073 69.696 286.012
0.076 69.700 286.012
0.079 69.707 286.012
0.082 69.713 286.012
0.083 69.717 286.012
0.086 69.721 286.012
0.088 69.724 286.012
0.091 69.730 286.012
0.091 69.735 286.012
0.095 69.739 286.012
0.095 69.743 286.012
0.099 69.747 286.012
0.101 69.752 286.012
0.103 69.755 286.012
0.103 69.759 286.012
0.104 69.763 286.012
0.108 69.769 286.012
0.110 69.774 286.012
0.112 69.777 286.012
0.115 69.781 286.012
0.116 69.786 286.012
0.118 69.789 286.012
0.120 69.792 286.012
0.122 69.797 286.012
0.125 69.801 286.012
0.126 69.806 286.012
0.129 69.812 286.012
0.132 69.816 286.012
0.134 69.820 286.012
0.135 69.824 286.012
0.137 69.828 286.012
0.139 69.833 286.012
0.141 69.838 286.012
0.141 69.842 286.012
0.143 69.845 286.012
0.145 69.849 286.012
0.148 69.855 286.012
0.150 69.859 286.012
0.152 69.864 286.012
0.156 69.870 286.012
0.158 69.874 286.012
0.159 69.879 286.012
0.160 69.884 286.012
0.163 69.889 286.012
0.164 69.894 286.012
0.166 69.898 286.012
0.169 69.901 286.012
0.172 69.904 286.012
0.175 69.907 286.012
0.177 69.910 286.012
0.180 69.913 286.012
0.184 69.917 286.012
0.187 69.920 286.012
0.192 69.924 286.012
0.197 69.930 286.012
0.202 69.934 286.012
0.203 69.939 286.012
0.206 69.942 286.012
0.208 69.947 286.012
0.214 69.951 286.012
0.217 69.956 286.012
0.220 69.960 286.012
0.225 69.967 286.012
0.224 69.972 286.012
0.231 69.977 286.012
0.233 69.982 286.012
0.235 69.986 286.012
0.238 69.988 286.012
0.242 69.993 286.012
0.243 69.997 286.012
0.247 70.000 286.012
0.247 70.004 286.012
0.250 70.007 286.012
0.253 70.009 286.012
0.257 70.014 286.012
0.259 70.018 286.012
0.262 70.023 286.012
0.264 70.026 286.012
0.266 70.029 286.012
0.269 70.032 286.012
0.271 70.036 286.012
0.274 70.040 286.012
0.276 70.043 286.012
0.278 70.046 286.012
0.281 70.049 286.012
0.283 70.053 286.012
0.285 70.057 286.012
0.287 70.061 286.012
0.289 70.064 286.012
0.292 70.070 286.012
0.294 70.074 286.012
0.298 70.082 286.012
0.298 70.086 286.012
0.300 70.089 286.012
0.302 70.092 286.012
0.303 70.096 286.012
0.305 70.100 286.012
0.306 70.105 286.012
0.309 70.108 286.012
0.309 70.112 286.012
0.308 70.116 286.012
0.312 70.119 286.012
0.312 70.123 286.012
0.316 70.127 286.012
0.318 70.131 286.012
0.320 70.134 286.012
0.323 70.139 286.012
0.322 70.143 286.012
0.328 70.147 286.012
0.330 70.152 286.012
0.333 70.159 286.012
0.337 70.161 286.012
0.339 70.166 286.012
0.342 70.171 286.012
0.342 70.176 286.012
0.347 70.181 286.012
0.347 70.186 286.012
0.353 70.189 286.012
0.355 70.192 286.012
0.356 70.196 286.012
0.359 70.200 286.012
0.359 70.204 286.012
0.363 70.206 286.012
0.362 70.210 286.012
0.366 70.212 286.012
0.369 70.216 286.012
0.373 70.223 286.012
0.376 70.228 286.012
0.377 70.232 286.012
0.381 70.238 286.012
0.385 70.243 286.012
0.387 70.247 286.012
0.389 70.252 286.012
0.392 70.254 286.012
0.392 70.259 286.012
0.397 70.264 286.012
0.397 70.269 286.012
0.401 70.271 286.012
0.404 70.275 286.012
0.406 70.278 286.012
0.408 70.284 286.012
0.410 70.288 286.012
0.415 70.293 286.012
0.414 70.297 286.012
0.416 70.302 286.012
0.423 70.306 286.012
0.423 70.310 286.012
0.426 70.312 286.012
0.427 70.316 286.012
0.429 70.319 286.012
0.431 70.323 286.012
0.432 70.331 286.012
0.435 70.333 286.012
0.434 70.337 286.012
0.437 70.341 286.012
0.439 70.345 286.012
0.440 70.350 286.012
0.441 70.355 286.012
0.443 70.359 286.012
0.443 70.363 286.012
0.445 70.366 286.012
0.446 70.370 286.012
0.447 70.374 286.012
0.448 70.378 286.012
0.450 70.382 286.012
0.451 70.387 286.012
0.452 70.391 286.012
0.453 70.395 286.012
0.455 70.399 286.012
0.456 70.403 286.012
0.457 70.407 286.012
0.458 70.411 286.012
0.459 70.415 286.012
0.460 70.419 286.012
0.461 70.423 286.012
0.463 70.426 286.012
0.464 70.430 286.012
0.465 70.434 286.012
0.467 70.439 286.012
0.470 70.442 286.012
0.471 70.446 286.012
0.473 70.453 286.012
0.476 70.455 286.012
0.476 70.463 286.012
0.477 70.473 286.012
0.480 70.480 286.012
0.479 70.485 286.012
0.476 70.493 286.012
0.480 70.496 286.012
0.480 70.500 286.012
0.482 70.503 286.012
0.481 70.507 286.012
0.483 70.515 286.012
0.484 70.522 286.012
0.484 70.526 286.012
0.486 70.529 286.012
0.486 70.536 286.012
0.487 70.543 286.012
0.489 70.552 286.012
0.489 70.556 286.012
0.492 70.561 286.012
0.493 70.569 286.012
0.494 70.573 286.012
0.495 70.578 286.012
0.496 70.583 286.012
0.500 70.588 286.012
0.505 70.603 286.012
0.504 70.612 286.012
0.506 70.617 286.012
0.507 70.628 286.012
0.507 70.633 286.012
0.502 70.639 286.012
0.511 70.648 286.012
0.510 70.652 286.012
0.509 70.663 286.012
0.511 70.667 286.012
0.513 70.674 286.012
0.514 70.679 286.012
0.513 70.683 286.012
0.513 70.688 286.012
0.511 70.693 286.012
0.512 70.698 286.012
0.515 70.714 286.012
0.519 70.724 286.012
0.550 70.751 286.012
0.570 70.755 286.012
0.581 70.759 286.012
0.602 70.764 286.012
0.611 70.765 286.012
0.617 70.771 286.012
0.629 70.774 286.012
0.633 70.772 286.012
0.646 70.777 286.012
0.649 70.774 286.012
0.660 70.780 286.012
0.673 70.779 286.012
0.682 70.782 286.012
0.687 70.784 286.012
0.693 70.783 286.012
0.706 70.789 286.012
0.710 70.788 286.012
0.716 70.788 286.012
0.722 70.790 286.012
0.732 70.793 286.012
0.750 70.805 286.012
0.755 70.801 286.012
0.760 70.799 286.012
0.764 70.800 286.012
0.768 70.801 286.012
0.778 70.805 286.012
0.785 70.804 286.012
0.794 70.809 286.012
0.800 70.808 286.012
0.806 70.810 286.012
0.824 70.814 286.012
0.835 70.819 286.012
0.854 70.829 286.012
0.857 70.824 286.012
0.881 70.826 286.012
0.891 70.829 286.012
0.896 70.832 286.012
0.909 70.836 286.012
0.915 70.835 286.012
0.925 70.836 286.012
0.929 70.837 286.012
0.936 70.840 286.012
0.950 70.842 286.012
0.965 70.848 286.012
0.969 70.846 286.012
0.974 70.848 286.012
0.979 70.850 286.012
0.987 70.850 286.012
0.996 70.852 286.012
1.001 70.853 286.012
1.007 70.854 286.012
1.012 70.855 286.012
1.035 70.863 286.012
1.039 70.863 286.012
1.053 70.865 286.012
1.058 70.866 286.012
1.065 70.867 286.012
1.074 70.869 286.012
1.084 70.873 286.012
1.097 70.875 286.012
1.111 70.878 286.012
1.132 70.885 286.012
1.136 70.882 286.012
1.143 70.884 286.012
1.145 70.881 286.012
1.156 70.883 286.012
1.177 70.886 286.012
1.181 70.885 286.012
1.184 70.880 286.012
1.188 70.879 286.012
1.196 70.879 286.012
1.205 70.880 286.012
1.215 70.884 286.012
1.218 70.882 286.012
1.222 70.878 286.012
1.226 70.878 286.012
1.235 70.879 286.012
1.255 70.881 286.012
1.258 70.877 286.012
1.267 70.875 286.012
1.277 70.875 286.012
1.284 70.876 286.012
1.291 70.874 286.012
1.297 70.875 286.012
1.303 70.875 286.012
1.313 70.874 286.012
1.337 70.873 286.012
1.341 70.873 286.012
1.354 70.871 286.012
1.365 70.873 286.012
1.373 70.870 286.012
1.384 70.873 286.012
1.391 70.873 286.012
1.394 70.871 286.012
1.403 70.870 286.012
1.411 70.872 286.012
1.418 70.873 286.012
1.421 70.869 286.012
1.438 70.874 286.012
1.446 70.871 286.012
1.461 70.876 286.012
1.465 70.877 286.012
1.474 70.877 286.012
1.500 70.885 286.012
1.510 70.888 286.012
1.525 70.893 286.012
1.537 70.896 286.012
1.542 70.896 286.012
1.551 70.899 286.012
1.572 70.905 286.012
1.595 70.908 286.012
1.599 70.909 286.012
1.606 70.909 286.012
1.612 70.907 286.012
1.619 70.908 286.012
1.635 70.907 286.012
1.640 70.907 286.012
1.645 70.906 286.012
1.672 70.909 286.012
1.693 70.906 286.012
1.709 70.906 286.012
1.718 70.903 286.012
1.731 70.904 286.012
1.735 70.905 286.012
1.745 70.903 286.012
1.756 70.900 286.012
1.764 70.900 286.012
1.771 70.901 286.012
1.777 70.901 286.012
1.784 70.899 286.012
1.793 70.899 286.012
1.798 70.900 286.012
1.807 70.899 286.012
1.819 70.902 286.012
1.823 70.897 286.012
1.830 70.898 286.012
1.843 70.899 286.012
1.853 70.894 286.012
1.869 70.895 286.012
1.888 70.895 286.012
1.893 70.895 286.012
1.896 70.892 286.012
1.901 70.890 286.012
1.909 70.893 286.012
1.911 70.890 286.012
1.922 70.889 286.012
1.930 70.892 286.012
1.935 70.893 286.012
1.939 70.894 286.012
1.945 70.894 286.012
1.950 70.889 286.012
1.953 70.883 286.012
1.955 70.886 286.012
1.959 70.887 286.012
1.964 70.886 286.012
1.968 70.889 286.012
1.981 70.898 286.012
1.989 70.903 286.012
1.998 70.907 286.012
2.004 70.907 286.012
2.012 70.913 286.012
2.028 70.921 286.012
2.033 70.924 286.012
2.040 70.922 286.012
2.048 70.930 286.012
2.060 70.932 286.012
2.066 70.941 286.012
2.073 70.943 286.012
2.089 70.954 286.012
2.095 70.961 286.012
2.103 70.963 286.012
2.108 70.970 286.012
2.112 70.972 286.012
2.122 70.979 286.012
2.127 70.981 286.012
2.131 70.987 286.012
2.140 70.997 286.012
2.143 71.002 286.012
2.147 71.006 286.012
2.155 71.008 286.012
2.161 71.018 286.012
2.164 71.021 286.012
2.169 71.024 286.012
2.172 71.027 286.012
2.174 71.030 286.012
2.180 71.030 286.012
2.185 71.033 286.012
2.190 71.037 286.012
2.199 71.046 286.012
2.215 71.059 286.012
2.222 71.065 286.012
2.227 71.074 286.012
2.231 71.074 286.012
2.237 71.077 286.012
2.247 71.084 286.012
2.250 71.087 286.012
2.255 71.094 286.012
2.260 71.101 286.012
2.268 71.114 286.012
2.270 71.118 286.012
2.274 71.128 286.012
2.276 71.134 286.012
2.277 71.138 286.012
2.278 71.148 286.012
2.279 71.186 286.012
2.279 71.206 286.012
2.277 71.211 286.012
2.276 71.219 286.012
2.274 71.225 286.012
2.270 71.238 286.012
2.267 71.248 286.012
2.264 71.251 286.012
2.263 71.257 286.012
2.260 71.263 286.012
2.254 71.274 286.012
2.252 71.282 286.012
2.248 71.287 286.012
2.247 71.294 286.012
2.242 71.295 286.012
2.241 71.300 286.012
2.238 71.304 286.012
2.236 71.313 286.012
2.235 71.317 286.012
2.233 71.320 286.012
2.232 71.328 286.012
2.230 71.334 286.012
2.228 71.347 286.012
2.226 71.362 286.012
2.224 71.380 286.012
2.222 71.384 286.012
2.220 71.396 286.012
2.218 71.404 286.012
2.213 71.412 286.012
2.212 71.416 286.012
2.208 71.423 286.012
2.204 71.428 286.012
2.200 71.432 286.012
2.197 71.439 286.012
2.193 71.448 286.012
2.190 71.453 286.012
2.187 71.456 286.012
2.185 71.462 286.012
2.180 71.464 286.012
2.176 71.470 286.012
2.172 71.480 286.012
2.170 71.487 286.012
2.166 71.493 286.012
2.165 71.497 286.012
2.162 71.501 286.012
2.159 71.508 286.012
2.157 71.511 286.012
2.156 71.516 286.012
2.152 71.523 286.012
2.149 71.527 286.012
2.147 71.531 286.012
2.142 71.540 286.012
2.140 71.548 286.012
2.136 71.554 286.012
2.133 71.562 286.012
2.131 71.569 286.012
2.129 71.572 286.012
2.127 71.585 286.012
2.125 71.590 286.012
2.124 71.597 286.012
2.122 71.602 286.012
2.120 71.607 286.012
2.121 71.618 286.012
2.119 71.622 286.012
2.118 71.631 286.012
2.119 71.636 286.012
2.131 71.678 286.012
2.132 71.686 286.012
2.132 71.695 286.012
2.134 71.700 286.012
2.135 71.708 286.012
2.136 71.730 286.012
2.136 71.748 286.012
2.133 71.751 286.012
2.132 71.762 286.012
2.127 71.778 286.012
2.121 71.784 286.012
2.118 71.809 286.012
2.115 71.817 286.012
2.110 71.828 286.012
2.107 71.833 286.012
2.103 71.842 286.012
2.099 71.854 286.012
2.094 71.859 286.012
2.091 71.865 286.012
2.089 71.876 286.012
2.084 71.884 286.012
2.080 71.888 286.012
2.079 71.896 286.012
2.076 71.900 286.012
2.071 71.907 286.012
2.067 71.907 286.012
2.063 71.908 286.012
2.061 71.914 286.012
2.055 71.916 286.012
2.051 71.923 286.012
2.048 71.936 286.012
2.040 71.943 286.012
2.037 71.945 286.012
2.033 71.945 286.012
2.031 71.949 286.012
2.029 71.955 286.012
2.028 71.964 286.012
2.023 71.969 286.012
2.021 71.972 286.012
2.016 71.972 286.012
2.015 71.976 286.012
2.009 71.978 286.012
2.005 71.979 286.012
2.004 71.989 286.012
1.991 71.997 286.012
1.986 71.998 286.012
1.979 72.013 286.012
1.974 72.014 286.012
1.970 72.016 286.012
1.965 72.024 286.012
1.959 72.030 286.012
1.952 72.031 286.012
1.949 72.033 286.012
1.947 72.036 286.012
1.942 72.036 286.012
1.936 72.051 286.012
1.931 72.051 286.012
1.921 72.052 286.012
1.918 72.056 286.012
1.916 72.064 286.012
1.911 72.068 286.012
1.903 72.077 286.012
1.900 72.082 286.012
1.896 72.084 286.012
1.892 72.091 286.012
1.891 72.095 286.012
1.888 72.097 286.012
1.879 72.101 286.012
1.876 72.110 286.012
1.865 72.110 286.012
1.862 72.113 286.012
1.861 72.117 286.012
1.857 72.120 286.012
1.854 72.126 286.012
1.845 72.126 286.012
1.840 72.134 286.012
1.835 72.137 286.012
1.828 72.142 286.012
1.819 72.146 286.012
1.815 72.149 286.012
1.809 72.153 286.012
1.804 72.154 286.012
1.802 72.159 286.012
1.788 72.162 286.012
1.787 72.166 286.012
1.783 72.168 286.012
1.775 72.176 286.012
1.769 72.178 286.012
1.764 72.179 286.012
1.763 72.184 286.012
1.756 72.187 286.012
1.750 72.192 286.012
1.744 72.195 286.012
1.738 72.202 286.012
1.734 72.203 286.012
1.730 72.204 286.012
1.721 72.212 286.012
1.717 72.215 286.012
1.708 72.216 286.012
1.707 72.222 286.012
1.703 72.225 286.012
1.699 72.226 286.012
1.692 72.229 286.012
1.684 72.232 286.012
1.679 72.236 286.012
1.679 72.242 286.012
1.676 72.245 286.012
1.666 72.252 286.012
1.662 72.254 286.012
1.656 72.257 286.012
1.648 72.263 286.012
1.642 72.266 286.012
1.639 72.269 286.012
1.635 72.270 286.012
1.631 72.275 286.012
1.626 72.274 286.012
1.620 72.280 286.012
1.615 72.284 286.012
1.609 72.285 286.012
1.604 72.290 286.012
1.599 72.292 286.012
1.593 72.293 286.012
1.590 72.296 286.012
1.587 72.299 286.012
1.567 72.312 286.012
1.551 72.329 286.012
1.548 72.332 286.012
1.546 72.336 286.012
1.543 72.342 286.012
1.542 72.348 286.012
1.540 72.351 286.012
1.540 72.355 286.012
1.542 72.359 286.012
1.543 72.365 286.012
1.544 72.371 286.012
1.544 72.375 286.012
1.546 72.378 286.012
1.548 72.386 286.012
1.548 72.391 286.012
1.552 72.399 286.012
1.552 72.407 286.012
1.553 72.413 286.012
1.558 72.417 286.012
1.558 72.421 286.012
1.559 72.426 286.012
1.557 72.449 286.012
1.556 72.455 286.012
1.556 72.459 286.012
1.557 72.464 286.012
1.557 72.469 286.012
1.558 72.474 286.012
1.558 72.482 286.012
1.556 72.485 286.012
1.554 72.491 286.012
1.550 72.500 286.012
1.547 72.506 286.012
1.545 72.513 286.012
1.542 72.532 286.012
1.540 72.540 286.012
1.546 72.582 286.012
1.548 72.589 286.012
1.546 72.595 286.012
1.548 72.604 286.012
1.548 72.610 286.012
1.548 72.619 286.012
1.549 72.623 286.012
1.549 72.629 286.012
1.550 72.634 286.012
1.553 72.637 286.012
1.555 72.640 286.012
1.555 72.644 286.012
1.557 72.647 286.012
1.559 72.650 286.012
1.561 72.655 286.012
1.560 72.662 286.012
1.563 72.664 286.012
1.566 72.670 286.012
1.568 72.675 286.012
1.570 72.680 286.012
1.572 72.683 286.012
1.575 72.685 286.012
1.577 72.688 286.012
1.581 72.690 286.012
1.584 72.692 286.012
1.587 72.694 286.012
1.589 72.697 286.012
1.593 72.698 286.012
1.596 72.700 286.012
1.601 72.702 286.012
1.604 72.704 286.012
1.607 72.707 286.012
1.610 72.709 286.012
1.613 72.713 286.012
1.620 72.714 286.012
1.626 72.718 286.012
1.630 72.720 286.012
1.634 72.724 286.012
1.638 72.726 286.012
1.642 72.729 286.012
1.646 72.730 286.012
1.649 72.732 286.012
1.651 72.735 286.012
1.653 72.739 286.012
1.661 72.740 286.012
1.668 72.744 286.012
1.671 72.746 286.012
1.677 72.749 286.012
1.682 72.752 286.012
1.686 72.756 286.012
1.686 72.760 286.012
1.686 72.785 286.012
1.686 72.795 286.012
1.690 72.833 286.012
1.694 72.838 286.012
1.697 72.843 286.012
1.703 72.851 286.012
1.707 72.855 286.012
1.714 72.856 286.012
1.718 72.860 286.012
1.722 72.862 286.012
1.725 72.864 286.012
1.733 72.865 286.012
1.742 72.868 286.012
1.744 72.874 286.012
1.754 72.876 286.012
1.759 72.876 286.012
1.766 72.881 286.012
1.769 72.886 286.012
1.771 72.889 286.012
1.773 72.893 286.012
1.778 72.898 286.012
1.782 72.903 286.012
1.785 72.906 286.012
1.787 72.909 286.012
1.786 72.914 286.012
1.790 72.915 286.012
1.791 72.920 286.012
1.793 72.924 286.012
1.794 72.929 286.012
1.795 72.933 286.012
1.796 72.937 286.012
1.797 72.942 286.012
1.798 72.946 286.012
1.800 72.950 286.012
1.801 72.954 286.012
1.802 72.958 286.012
1.804 72.962 286.012
1.806 72.966 286.012
1.810 72.969 286.012
1.809 72.975 286.012
1.812 72.980 286.012
1.816 72.982 286.012
1.821 72.986 286.012
1.822 72.997 286.012
1.826 72.999 286.012
1.828 73.002 286.012
1.834 73.005 286.012
1.836 73.011 286.012
1.840 73.013 286.012
1.843 73.017 286.012
1.848 73.021 286.012
1.849 73.028 286.012
1.853 73.029 286.012
1.857 73.031 286.012
1.859 73.036 286.012
1.864 73.040 286.012
1.867 73.042 286.012
1.874 73.048 286.012
1.877 73.053 286.012
1.878 73.059 286.012
1.883 73.063 286.012
1.888 73.064 286.012
1.890 73.067 286.012
1.893 73.073 286.012
1.900 73.077 286.012
1.902 73.082 286.012
1.905 73.086 286.012
1.909 73.087 286.012
1.910 73.092 286.012
1.916 73.098 286.012
1.921 73.103 286.012
1.925 73.109 286.012
1.928 73.122 286.012
1.935 73.126 286.012
1.940 73.135 286.012
1.943 73.137 286.012
1.948 73.142 286.012
1.950 73.147 286.012
1.951 73.151 286.012
1.956 73.153 286.012
1.960 73.161 286.012
1.965 73.166 286.012
1.975 73.178 286.012
1.976 73.182 286.012
1.978 73.185 286.012
1.980 73.188 286.012
1.986 73.200 286.012
1.989 73.203 286.012
1.990 73.207 286.012
1.996 73.209 286.012
1.997 73.217 286.012
1.998 73.222 286.012
2.004 73.222 286.012
2.008 73.237 286.012
2.010 73.242 286.012
2.017 73.242 286.012
2.021 73.250 286.012
2.023 73.254 286.012
2.026 73.256 286.012
2.029 73.266 286.012
2.032 73.269 286.012
2.033 73.275 286.012
2.034 73.280 286.012
2.038 73.285 286.012
2.038 73.307 286.012
2.040 73.310 286.012
2.042 73.313 286.012
2.042 73.321 286.012
2.043 73.336 286.012
2.044 73.340 286.012
2.044 73.354 286.012
2.044 73.366 286.012
2.039 73.376 286.012
