5.850 72.338 295.725
5.858 72.324 295.725
5.874 72.287 295.725
5.877 72.280 295.725
5.880 72.271 295.725
5.883 72.262 295.725
5.895 72.225 295.725
5.898 72.218 295.725
5.902 72.209 295.725
5.904 72.204 295.725
5.909 72.192 295.725
5.914 72.182 295.725
5.917 72.176 295.725
5.919 72.172 295.725
5.923 72.163 295.725
5.925 72.158 295.725
5.927 72.154 295.725
5.929 72.148 295.725
5.931 72.141 295.725
5.935 72.128 295.725
5.944 72.098 295.725
5.949 72.084 295.725
5.954 72.071 295.725
5.960 72.053 295.725
5.962 72.047 295.725
5.968 72.029 295.725
5.970 72.023 295.725
5.973 72.013 295.725
5.977 72.000 295.725
5.983 71.981 295.725
5.987 71.968 295.725
5.988 71.964 295.725
5.990 71.957 295.725
5.997 71.935 295.725
6.001 71.923 295.725
6.002 71.919 295.725
6.003 71.914 295.725
6.005 71.906 295.725
6.006 71.902 295.725
6.010 71.889 295.725
6.014 71.877 295.725
6.029 71.838 295.725
6.032 71.830 295.725
6.034 71.825 295.725
6.044 71.796 295.725
6.048 71.782 295.725
6.048 71.778 295.725
6.048 71.772 295.725
6.049 71.767 295.725
6.050 71.760 295.725
6.052 71.753 295.725
6.053 71.749 295.725
6.054 71.743 295.725
6.054 71.739 295.725
6.057 71.727 295.725
6.059 71.718 295.725
6.060 71.713 295.725
6.061 71.709 295.725
6.063 71.702 295.725
6.064 71.698 295.725
6.065 71.694 295.725
6.066 71.690 295.725
6.067 71.686 295.725
6.068 71.680 295.725
6.069 71.675 295.725
6.075 71.657 295.725
6.077 71.650 295.725
6.078 71.646 295.725
6.084 71.631 295.725
6.097 71.598 295.725
6.108 71.573 295.725
6.119 71.545 295.725
6.120 71.541 295.725
6.122 71.532 295.725
6.125 71.520 295.725
6.136 71.477 295.725
6.138 71.469 295.725
6.146 71.437 295.725
6.149 71.425 295.725
6.149 71.420 295.725
6.150 71.412 295.725
6.151 71.405 295.725
6.152 71.396 295.725
6.159 71.352 295.725
6.161 71.342 295.725
6.162 71.336 295.725
6.163 71.332 295.725
6.163 71.328 295.725
6.164 71.319 295.725
6.165 71.310 295.725
6.166 71.302 295.725
6.166 71.298 295.725
6.166 71.294 295.725
6.170 71.258 295.725
6.173 71.237 295.725
6.176 71.223 295.725
6.177 71.219 295.725
6.179 71.213 295.725
6.181 71.204 295.725
6.182 71.196 295.725
6.182 71.189 295.725
6.182 71.184 295.725
6.182 71.177 295.725
6.182 71.172 295.725
6.182 71.162 295.725
6.182 71.157 295.725
6.182 71.152 295.725
6.182 71.147 295.725
6.183 71.135 295.725
6.183 71.107 295.725
6.184 71.089 295.725
6.185 71.077 295.725
6.186 71.070 295.725
6.187 71.066 295.725
6.189 71.060 295.725
6.190 71.054 295.725
6.192 71.043 295.725
6.193 71.039 295.725
6.195 71.031 295.725
6.196 71.025 295.725
6.197 71.018 295.725
6.198 71.010 295.725
6.200 70.996 295.725
6.201 70.987 295.725
6.202 70.980 295.725
6.203 70.973 295.725
6.204 70.969 295.725
6.207 70.946 295.725
6.208 70.936 295.725
6.209 70.918 295.725
6.210 70.905 295.725
6.210 70.898 295.725
6.210 70.894 295.725
6.211 70.882 295.725
6.211 70.877 295.725
6.211 70.873 295.725
6.211 70.869 295.725
6.211 70.865 295.725
6.212 70.850 295.725
6.216 70.819 295.725
6.217 70.808 295.725
6.218 70.799 295.725
6.219 70.788 295.725
6.220 70.778 295.725
6.221 70.769 295.725
6.228 70.729 295.725
6.229 70.724 295.725
6.230 70.718 295.725
6.232 70.695 295.725
6.234 70.672 295.725
6.237 70.635 295.725
6.239 70.608 295.725
6.240 70.587 295.725
6.239 70.583 295.725
6.239 70.571 295.725
6.238 70.567 295.725
6.238 70.557 295.725
6.237 70.548 295.725
6.236 70.544 295.725
6.235 70.539 295.725
6.235 70.535 295.725
6.239 70.493 295.725
6.240 70.486 295.725
6.242 70.468 295.725
6.244 70.454 295.725
6.245 70.424 295.725
6.246 70.391 295.725
6.246 70.386 295.725
6.246 70.371 295.725
6.246 70.361 295.725
6.246 70.356 295.725
6.246 70.350 295.725
6.246 70.344 295.725
6.246 70.336 295.725
6.246 70.310 295.725
6.245 70.291 295.725
6.244 70.280 295.725
6.243 70.238 295.725
6.244 70.225 295.725
6.244 70.219 295.725
6.245 70.215 295.725
6.245 70.208 295.725
6.245 70.198 295.725
6.246 70.194 295.725
6.247 70.185 295.725
6.248 70.174 295.725
6.249 70.152 295.725
6.250 70.143 295.725
6.251 70.118 295.725
6.252 70.104 295.725
6.253 70.100 295.725
6.253 70.083 295.725
6.252 70.055 295.725
6.250 70.048 295.725
6.249 70.044 295.725
6.247 70.040 295.725
6.244 70.027 295.725
6.242 70.022 295.725
6.241 70.017 295.725
6.240 70.013 295.725
6.239 70.007 295.725
6.231 69.975 295.725
6.227 69.962 295.725
6.217 69.921 295.725
6.218 69.917 295.725
6.217 69.902 295.725
6.217 69.895 295.725
6.216 69.889 295.725
6.217 69.882 295.725
6.217 69.870 295.725
6.216 69.848 295.725
6.216 69.842 295.725
6.215 69.830 295.725
6.215 69.823 295.725
6.213 69.804 295.725
6.213 69.799 295.725
6.213 69.794 295.725
6.212 69.785 295.725
6.211 69.770 295.725
6.210 69.762 295.725
6.210 69.755 295.725
6.207 69.738 295.725
6.206 69.734 295.725
6.205 69.730 295.725
6.201 69.685 295.725
6.201 69.680 295.725
6.201 69.675 295.725
6.201 69.670 295.725
6.201 69.663 295.725
6.201 69.658 295.725
6.196 69.640 295.725
6.191 69.623 295.725
6.187 69.609 295.725
6.185 69.603 295.725
6.180 69.587 295.725
6.173 69.555 295.725
6.171 69.546 295.725
6.169 69.536 295.725
6.168 69.528 295.725
6.167 69.523 295.725
6.165 69.513 295.725
6.164 69.503 295.725
6.163 69.498 295.725
6.160 69.485 295.725
6.155 69.447 295.725
6.155 69.443 295.725
6.153 69.429 295.725
6.148 69.401 295.725
6.145 69.389 295.725
6.142 69.379 295.725
6.140 69.371 295.725
6.133 69.344 295.725
6.130 69.335 295.725
6.128 69.331 295.725
6.126 69.326 295.725
6.115 69.284 295.725
6.114 69.279 295.725
6.112 69.271 295.725
6.110 69.263 295.725
6.108 69.258 295.725
6.106 69.248 295.725
6.097 69.204 295.725
6.097 69.198 295.725
6.096 69.193 295.725
6.095 69.188 295.725
6.095 69.181 295.725
6.093 69.167 295.725
6.092 69.158 295.725
6.092 69.151 295.725
6.091 69.144 295.725
6.086 69.118 295.725
6.085 69.114 295.725
6.084 69.109 295.725
6.082 69.100 295.725
6.079 69.084 295.725
6.073 69.052 295.725
6.069 69.036 295.725
6.067 69.026 295.725
6.062 69.003 295.725
6.061 68.998 295.725
6.055 68.967 295.725
6.049 68.937 295.725
6.047 68.926 295.725
6.046 68.921 295.725
6.044 68.910 295.725
6.038 68.879 295.725
6.037 68.874 295.725
6.034 68.859 295.725
6.033 68.854 295.725
6.031 68.843 295.725
6.030 68.839 295.725
6.029 68.834 295.725
6.028 68.830 295.725
6.026 68.823 295.725
6.024 68.812 295.725
6.021 68.800 295.725
6.019 68.796 295.725
6.018 68.790 295.725
6.017 68.784 295.725
6.015 68.779 295.725
6.014 68.773 295.725
6.010 68.757 295.725
6.009 68.753 295.725
6.007 68.746 295.725
6.005 68.735 295.725
5.998 68.697 295.725
5.997 68.689 295.725
5.992 68.650 295.725
5.991 68.642 295.725
5.990 68.634 295.725
5.989 68.625 295.725
5.986 68.601 295.725
5.985 68.593 295.725
5.985 68.589 295.725
5.983 68.565 295.725
5.981 68.557 295.725
5.980 68.553 295.725
5.976 68.533 295.725
5.970 68.504 295.725
5.965 68.489 295.725
5.964 68.485 295.725
5.962 68.480 295.725
5.960 68.474 295.725
5.958 68.467 295.725
5.949 68.426 295.725
5.947 68.415 295.725
5.946 68.405 295.725
5.945 68.396 295.725
5.943 68.385 295.725
5.942 68.373 295.725
5.941 68.367 295.725
5.941 68.361 295.725
5.938 68.352 295.725
5.930 68.331 295.725
5.927 68.327 295.725
5.924 68.319 295.725
5.913 68.280 295.725
5.913 68.274 295.725
5.912 68.266 295.725
5.912 68.262 295.725
5.912 68.257 295.725
5.912 68.253 295.725
5.911 68.248 295.725
5.910 68.243 295.725
5.909 68.238 295.725
5.910 68.233 295.725
5.910 68.229 295.725
5.910 68.225 295.725
5.909 68.220 295.725
5.908 68.215 295.725
5.906 68.205 295.725
5.907 68.200 295.725
5.906 68.193 295.725
5.905 68.187 295.725
5.901 68.164 295.725
5.901 68.159 295.725
5.898 68.140 295.725
5.896 68.129 295.725
5.895 68.124 295.725
5.891 68.105 295.725
5.888 68.092 295.725
5.886 68.084 295.725
5.882 68.068 295.725
5.878 68.054 295.725
5.875 68.045 295.725
5.873 68.039 295.725
5.861 67.996 295.725
5.860 67.992 295.725
5.860 67.988 295.725
5.859 67.982 295.725
5.859 67.978 295.725
5.858 67.971 295.725
5.858 67.967 295.725
5.857 67.960 295.725
5.853 67.952 295.725
5.849 67.943 295.725
5.836 67.906 295.725
5.833 67.896 295.725
5.828 67.878 295.725
5.825 67.868 295.725
5.820 67.854 295.725
5.811 67.834 295.725
5.809 67.829 295.725
5.803 67.811 295.725
5.791 67.774 295.725
5.789 67.768 295.725
5.786 67.760 295.725
5.780 67.748 295.725
5.777 67.744 295.725
5.775 67.740 295.725
5.773 67.736 295.725
5.770 67.732 295.725
5.766 67.725 295.725
5.764 67.721 295.725
5.760 67.715 295.725
5.757 67.711 295.725
5.755 67.706 295.725
5.752 67.702 295.725
5.750 67.698 295.725
5.738 67.655 295.725
5.732 67.633 295.725
5.726 67.612 295.725
5.722 67.603 295.725
5.716 67.589 295.725
5.712 67.581 295.725
5.707 67.563 295.725
5.704 67.554 295.725
5.701 67.548 295.725
5.699 67.540 295.725
5.696 67.530 295.725
5.693 67.519 295.725
5.691 67.514 295.725
5.686 67.498 295.725
5.681 67.483 295.725
5.677 67.471 295.725
5.675 67.465 295.725
5.673 67.459 295.725
5.670 67.449 295.725
5.666 67.433 295.725
5.661 67.417 295.725
5.657 67.401 295.725
5.654 67.390 295.725
5.647 67.362 295.725
5.644 67.351 295.725
5.642 67.344 295.725
5.639 67.332 295.725
5.634 67.313 295.725
5.623 67.273 295.725
5.622 67.266 295.725
5.622 67.261 295.725
5.621 67.253 295.725
5.620 67.243 295.725
5.618 67.231 295.725
5.618 67.227 295.725
5.618 67.223 295.725
5.617 67.217 295.725
5.616 67.210 295.725
5.617 67.204 295.725
5.617 67.197 295.725
5.610 67.173 295.725
5.608 67.165 295.725
5.606 67.157 295.725
5.605 67.153 295.725
5.604 67.149 295.725
5.603 67.142 295.725
5.600 67.130 295.725
5.598 67.121 295.725
5.597 67.116 295.725
5.595 67.109 295.725
5.590 67.092 295.725
5.589 67.088 295.725
5.585 67.076 295.725
5.581 67.064 295.725
5.578 67.061 295.725
5.576 67.057 295.725
5.573 67.052 295.725
5.557 67.010 295.725
5.554 66.999 295.725
5.552 66.991 295.725
5.548 66.977 295.725
5.546 66.970 295.725
5.543 66.962 295.725
5.538 66.951 295.725
5.536 66.947 295.725
5.532 66.939 295.725
5.523 66.916 295.725
5.521 66.910 295.725
5.514 66.887 295.725
5.510 66.875 295.725
5.507 66.871 295.725
5.504 66.863 295.725
5.502 66.858 295.725
5.498 66.846 295.725
5.494 66.834 295.725
5.491 66.827 295.725
5.487 66.817 295.725
5.476 66.776 295.725
5.474 66.768 295.725
5.474 66.764 295.725
5.473 66.756 295.725
5.472 66.745 295.725
5.471 66.739 295.725
5.469 66.731 295.725
5.468 66.720 295.725
5.459 66.694 295.725
5.450 66.666 295.725
5.448 66.661 295.725
5.446 66.656 295.725
5.434 66.620 295.725
5.431 66.608 295.725
5.424 66.582 295.725
5.417 66.557 295.725
5.417 66.553 295.725
5.414 66.541 295.725
5.413 66.534 295.725
5.408 66.519 295.725
5.400 66.495 295.725
5.390 66.460 295.725
5.388 66.451 295.725
5.385 66.440 295.725
5.384 66.436 295.725
5.379 66.422 295.725
5.366 66.388 295.725
5.361 66.376 295.725
5.357 66.368 295.725
5.348 66.352 295.725
5.346 66.348 295.725
5.338 66.335 295.725
5.321 66.304 295.725
5.319 66.299 295.725
5.317 66.294 295.725
5.314 66.287 295.725
5.312 66.283 295.725
5.311 66.279 295.725
5.309 66.274 295.725
5.306 66.267 295.725
5.303 66.260 295.725
5.300 66.255 295.725
5.295 66.249 295.725
5.290 66.244 295.725
5.287 66.240 295.725
5.285 66.236 295.725
5.279 66.230 295.725
5.275 66.224 295.725
5.264 66.202 295.725
5.259 66.192 295.725
5.254 66.183 295.725
5.250 66.176 295.725
5.246 66.168 295.725
5.243 66.163 295.725
5.240 66.160 295.725
5.235 66.150 295.725
5.232 66.144 295.725
5.229 66.139 295.725
5.218 66.116 295.725
5.211 66.102 295.725
5.208 66.097 295.725
5.204 66.091 295.725
5.197 66.080 295.725
5.193 66.076 295.725
5.190 66.070 295.725
5.188 66.066 295.725
5.185 66.062 295.725
5.183 66.058 295.725
5.179 66.052 295.725
5.175 66.046 295.725
5.171 66.041 295.725
5.167 66.034 295.725
5.160 66.022 295.725
5.152 66.008 295.725
5.148 66.001 295.725
5.143 65.994 295.725
5.141 65.990 295.725
5.130 65.970 295.725
5.117 65.944 295.725
5.114 65.938 295.725
5.112 65.932 295.725
5.108 65.923 295.725
5.106 65.918 295.725
5.101 65.907 295.725
5.098 65.900 295.725
5.091 65.882 295.725
5.087 65.873 295.725
5.081 65.859 295.725
5.077 65.848 295.725
5.065 65.819 295.725
5.058 65.798 295.725
5.055 65.789 295.725
5.049 65.775 295.725
5.045 65.765 295.725
5.044 65.759 295.725
5.040 65.745 295.725
5.037 65.742 295.725
5.034 65.735 295.725
5.031 65.728 295.725
4.961 65.557 295.725
4.958 65.548 295.725
4.956 65.539 295.725
4.953 65.531 295.725
4.945 65.518 295.725
4.935 65.502 295.725
4.932 65.498 295.725
4.923 65.483 295.725
4.917 65.473 295.725
4.911 65.463 295.725
4.907 65.457 295.725
4.902 65.449 295.725
4.898 65.442 295.725
4.895 65.437 295.725
4.892 65.432 295.725
4.870 65.392 295.725
4.867 65.387 295.725
4.850 65.365 295.725
4.846 65.360 295.725
4.822 65.331 295.725
4.815 65.323 295.725
4.802 65.308 295.725
4.779 65.281 295.725
4.771 65.272 295.725
4.766 65.267 295.725
4.761 65.263 295.725
4.756 65.260 295.725
4.752 65.258 295.725
4.749 65.255 295.725
4.743 65.252 295.725
4.739 65.250 295.725
4.735 65.246 295.725
4.730 65.242 295.725
4.726 65.239 295.725
4.722 65.236 295.725
4.718 65.233 295.725
4.715 65.230 295.725
4.711 65.227 295.725
4.707 65.223 295.725
4.704 65.220 295.725
4.700 65.216 295.725
4.695 65.211 295.725
4.685 65.202 295.725
4.681 65.200 295.725
4.677 65.197 295.725
4.673 65.196 295.725
4.670 65.193 295.725
4.665 65.191 295.725
4.660 65.189 295.725
4.656 65.187 295.725
4.652 65.186 295.725
4.648 65.184 295.725
4.644 65.183 295.725
4.639 65.181 295.725
4.635 65.179 295.725
4.631 65.178 295.725
4.626 65.175 295.725
4.622 65.173 295.725
4.618 65.173 295.725
4.614 65.171 295.725
4.610 65.169 295.725
4.606 65.168 295.725
4.601 65.166 295.725
4.594 65.160 295.725
4.590 65.158 295.725
4.586 65.156 295.725
4.583 65.153 295.725
4.579 65.153 295.725
4.572 65.146 295.725
4.568 65.144 295.725
4.562 65.141 295.725
4.558 65.139 295.725
4.554 65.140 295.725
4.550 65.136 295.725
4.545 65.133 295.725
4.538 65.128 295.725
4.534 65.127 295.725
4.526 65.123 295.725
4.522 65.121 295.725
4.517 65.119 295.725
4.513 65.118 295.725
4.509 65.115 295.725
4.505 65.114 295.725
4.501 65.113 295.725
4.497 65.110 295.725
4.490 65.108 295.725
4.484 65.105 295.725
4.480 65.104 295.725
4.476 65.104 295.725
4.472 65.102 295.725
4.468 65.101 295.725
4.464 65.100 295.725
4.459 65.097 295.725
4.455 65.097 295.725
4.451 65.097 295.725
4.446 65.093 295.725
4.442 65.092 295.725
4.437 65.089 295.725
4.433 65.088 295.725
4.428 65.086 295.725
4.424 65.085 295.725
4.420 65.085 295.725
4.412 65.080 295.725
4.407 65.081 295.725
4.403 65.078 295.725
4.399 65.077 295.725
4.395 65.077 295.725
4.392 65.074 295.725
4.388 65.074 295.725
4.385 65.071 295.725
4.378 65.068 295.725
4.372 65.067 295.725
4.368 65.067 295.725
4.360 65.066 295.725
4.356 65.063 295.725
4.350 65.062 295.725
4.346 65.061 295.725
4.342 65.063 295.725
4.337 65.059 295.725
4.333 65.059 295.725
4.328 65.058 295.725
4.321 65.058 295.725
4.315 65.056 295.725
4.309 65.054 295.725
4.304 65.055 295.725
4.297 65.055 295.725
4.291 65.051 295.725
4.287 65.051 295.725
4.280 65.052 295.725
4.274 65.047 295.725
4.269 65.047 295.725
4.263 65.047 295.725
4.258 65.045 295.725
4.253 65.045 295.725
4.249 65.045 295.725
4.244 65.042 295.725
4.240 65.043 295.725
4.236 65.041 295.725
4.232 65.041 295.725
4.228 65.042 295.725
4.224 65.038 295.725
4.217 65.037 295.725
4.210 65.037 295.725
4.206 65.036 295.725
4.201 65.035 295.725
4.197 65.035 295.725
4.193 65.034 295.725
4.189 65.035 295.725
4.184 65.034 295.725
4.180 65.032 295.725
4.176 65.030 295.725
4.172 65.030 295.725
4.165 65.028 295.725
4.159 65.026 295.725
4.152 65.025 295.725
4.148 65.026 295.725
4.144 65.024 295.725
4.139 65.023 295.725
4.134 65.025 295.725
4.128 65.024 295.725
4.124 65.023 295.725
4.121 65.020 295.725
4.115 65.019 295.725
4.111 65.021 295.725
4.106 65.019 295.725
4.102 65.019 295.725
4.098 65.018 295.725
4.093 65.015 295.725
4.088 65.016 295.725
4.084 65.014 295.725
4.080 65.014 295.725
4.075 65.012 295.725
4.070 65.012 295.725
4.065 65.011 295.725
4.061 65.013 295.725
4.058 65.010 295.725
4.053 65.010 295.725
4.048 65.009 295.725
4.040 65.009 295.725
4.036 65.007 295.725
4.032 65.006 295.725
4.027 65.007 295.725
4.022 65.007 295.725
4.018 65.005 295.725
4.014 65.004 295.725
4.009 65.005 295.725
4.005 65.004 295.725
4.000 65.004 295.725
3.996 65.002 295.725
3.991 65.000 295.725
3.987 64.999 295.725
3.983 64.997 295.725
3.979 64.995 295.725
3.974 64.993 295.725
3.968 64.990 295.725
3.964 64.988 295.725
3.960 64.986 295.725
3.956 64.984 295.725
3.951 64.983 295.725
3.948 64.980 295.725
3.944 64.978 295.725
3.940 64.976 295.725
3.935 64.974 295.725
3.931 64.972 295.725
3.926 64.969 295.725
3.922 64.968 295.725
3.918 64.968 295.725
3.913 64.967 295.725
3.908 64.967 295.725
3.903 64.966 295.725
3.899 64.965 295.725
3.895 64.965 295.725
3.890 64.965 295.725
3.883 64.965 295.725
3.879 64.964 295.725
3.875 64.963 295.725
3.871 64.963 295.725
3.867 64.963 295.725
3.863 64.961 295.725
3.858 64.961 295.725
3.853 64.961 295.725
3.848 64.957 295.725
3.844 64.957 295.725
3.840 64.954 295.725
3.836 64.954 295.725
3.831 64.951 295.725
3.805 64.921 295.725
3.800 64.909 295.725
3.799 64.902 295.725
3.800 64.898 295.725
3.800 64.892 295.725
3.797 64.882 295.725
3.799 64.876 295.725
3.800 64.872 295.725
3.799 64.863 295.725
3.797 64.849 295.725
3.795 64.844 295.725
3.794 64.839 295.725
3.788 64.829 295.725
3.783 64.822 295.725
3.776 64.809 295.725
3.770 64.800 295.725
3.767 64.795 295.725
3.764 64.790 295.725
3.756 64.776 295.725
3.753 64.762 295.725
3.750 64.753 295.725
3.748 64.746 295.725
3.747 64.738 295.725
3.747 64.734 295.725
3.742 64.722 295.725
3.740 64.712 295.725
3.739 64.703 295.725
3.733 64.691 295.725
3.733 64.683 295.725
3.732 64.675 295.725
3.730 64.670 295.725
3.728 64.664 295.725
3.727 64.657 295.725
3.724 64.649 295.725
3.725 64.644 295.725
3.723 64.634 295.725
3.720 64.624 295.725
3.720 64.613 295.725
3.718 64.604 295.725
3.716 64.598 295.725
3.716 64.591 295.725
3.715 64.586 295.725
3.711 64.578 295.725
3.711 64.573 295.725
3.712 64.568 295.725
3.709 64.561 295.725
3.708 64.550 295.725
3.705 64.543 295.725
3.703 64.531 295.725
3.702 64.527 295.725
3.697 64.516 295.725
3.692 64.505 295.725
3.693 64.501 295.725
3.690 64.496 295.725
3.690 64.490 295.725
3.688 64.486 295.725
3.688 64.482 295.725
3.684 64.474 295.725
3.681 64.468 295.725
3.682 64.461 295.725
3.676 64.448 295.725
3.677 64.443 295.725
3.677 64.435 295.725
3.668 64.415 295.725
3.663 64.407 295.725
3.664 64.403 295.725
3.661 64.399 295.725
3.660 64.395 295.725
3.651 64.382 295.725
3.646 64.372 295.725
3.641 64.363 295.725
3.636 64.357 295.725
3.633 64.353 295.725
3.632 64.349 295.725
3.630 64.344 295.725
3.627 64.340 295.725
3.624 64.333 295.725
3.618 64.323 295.725
3.611 64.314 295.725
3.603 64.303 295.725
3.601 64.299 295.725
3.599 64.293 295.725
3.593 64.282 295.725
3.583 64.269 295.725
3.578 64.261 295.725
3.570 64.251 295.725
3.568 64.244 295.725
3.562 64.232 295.725
3.554 64.223 295.725
3.553 64.219 295.725
3.552 64.215 295.725
3.549 64.211 295.725
3.544 64.201 295.725
3.536 64.187 295.725
3.531 64.175 295.725
3.526 64.169 295.725
3.519 64.161 295.725
3.516 64.152 295.725
3.512 64.143 295.725
3.500 64.128 295.725
3.498 64.123 295.725
3.499 64.119 295.725
3.496 64.111 295.725
3.494 64.103 295.725
3.489 64.096 295.725
3.492 64.092 295.725
3.489 64.084 295.725
3.487 64.079 295.725
3.485 64.074 295.725
3.480 64.065 295.725
3.477 64.060 295.725
3.473 64.052 295.725
3.472 64.048 295.725
3.467 64.038 295.725
3.465 64.034 295.725
3.462 64.029 295.725
3.460 64.025 295.725
3.454 64.015 295.725
3.447 64.004 295.725
3.439 63.992 295.725
3.436 63.988 295.725
3.433 63.982 295.725
3.424 63.971 295.725
3.420 63.964 295.725
3.418 63.960 295.725
3.410 63.950 295.725
3.406 63.944 295.725
3.402 63.939 295.725
3.401 63.935 295.725
3.388 63.914 295.725
3.383 63.908 295.725
3.381 63.904 295.725
3.377 63.899 295.725
3.377 63.893 295.725
3.366 63.875 295.725
3.363 63.871 295.725
3.361 63.866 295.725
3.358 63.859 295.725
3.353 63.848 295.725
3.350 63.840 295.725
3.345 63.829 295.725
3.341 63.821 295.725
3.338 63.817 295.725
3.339 63.813 295.725
3.337 63.806 295.725
3.334 63.797 295.725
3.330 63.792 295.725
3.330 63.785 295.725
3.329 63.780 295.725
3.326 63.775 295.725
3.326 63.771 295.725
3.322 63.760 295.725
3.320 63.756 295.725
3.314 63.747 295.725
3.313 63.743 295.725
3.308 63.731 295.725
3.303 63.723 295.725
3.298 63.716 295.725
3.293 63.709 295.725
3.283 63.696 295.725
3.279 63.690 295.725
3.266 63.674 295.725
3.243 63.645 295.725
3.240 63.639 295.725
3.229 63.622 295.725
3.226 63.617 295.725
3.220 63.608 295.725
3.219 63.601 295.725
3.216 63.595 295.725
3.214 63.590 295.725
3.208 63.579 295.725
3.206 63.570 295.725
3.201 63.557 295.725
3.198 63.551 295.725
3.192 63.543 295.725
3.185 63.536 295.725
3.173 63.524 295.725
3.166 63.518 295.725
3.162 63.517 295.725
3.154 63.508 295.725
3.144 63.498 295.725
3.140 63.495 295.725
3.131 63.486 295.725
3.127 63.485 295.725
3.123 63.486 295.725
3.113 63.475 295.725
3.101 63.465 295.725
3.094 63.463 295.725
3.089 63.459 295.725
3.085 63.456 295.725
3.081 63.456 295.725
3.077 63.453 295.725
3.056 63.441 295.725
3.042 63.434 295.725
3.029 63.429 295.725
3.022 63.425 295.725
3.016 63.427 295.725
3.004 63.417 295.725
3.000 63.415 295.725
2.994 63.411 295.725
2.983 63.402 295.725
2.975 63.396 295.725
2.947 63.370 295.725
2.939 63.365 295.725
2.933 63.362 295.725
2.922 63.353 295.725
2.917 63.350 295.725
2.911 63.348 295.725
2.882 63.321 295.725
2.870 63.311 295.725
2.863 63.306 295.725
2.848 63.293 295.725
2.841 63.289 295.725
2.831 63.282 295.725
2.814 63.266 295.725
2.804 63.258 295.725
2.799 63.255 295.725
2.795 63.252 295.725
2.784 63.242 295.725
2.775 63.236 295.725
2.769 63.233 295.725
2.759 63.224 295.725
2.753 63.220 295.725
2.748 63.216 295.725
2.737 63.206 295.725
2.727 63.198 295.725
2.715 63.189 295.725
2.711 63.187 295.725
2.707 63.184 295.725
2.702 63.181 295.725
2.677 63.158 295.725
2.646 63.128 295.725
2.642 63.125 295.725
2.636 63.120 295.725
2.631 63.116 295.725
2.616 63.103 295.725
2.610 63.098 295.725
2.601 63.091 295.725
2.594 63.085 295.725
2.590 63.082 295.725
2.579 63.074 295.725
2.572 63.070 295.725
2.567 63.067 295.725
2.562 63.065 295.725
2.558 63.064 295.725
2.554 63.061 295.725
2.549 63.057 295.725
2.544 63.056 295.725
2.540 63.054 295.725
2.535 63.052 295.725
2.530 63.048 295.725
2.526 63.045 295.725
2.521 63.044 295.725
2.517 63.040 295.725
2.513 63.040 295.725
2.509 63.036 295.725
2.504 63.033 295.725
2.497 63.029 295.725
2.491 63.025 295.725
2.487 63.023 295.725
2.484 63.020 295.725
2.481 63.017 295.725
2.477 63.013 295.725
2.473 63.010 295.725
2.470 63.007 295.725
2.467 63.004 295.725
2.462 62.999 295.725
2.458 62.996 295.725
2.453 62.991 295.725
2.450 62.988 295.725
2.446 62.985 295.725
2.442 62.982 295.725
2.439 62.979 295.725
2.436 62.976 295.725
2.433 62.973 295.725
2.428 62.969 295.725
2.425 62.966 295.725
2.422 62.963 295.725
2.419 62.960 295.725
2.414 62.956 295.725
2.411 62.953 295.725
2.405 62.948 295.725
2.402 62.945 295.725
2.397 62.941 295.725
2.394 62.938 295.725
2.391 62.935 295.725
2.387 62.932 295.725
2.377 62.921 295.725
2.372 62.917 295.725
2.363 62.908 295.725
2.358 62.904 295.725
2.355 62.901 295.725
2.352 62.898 295.725
2.344 62.890 295.725
2.340 62.886 295.725
2.336 62.882 295.725
2.329 62.875 295.725
2.324 62.871 295.725
2.321 62.868 295.725
2.317 62.864 295.725
2.314 62.861 295.725
2.309 62.857 295.725
2.305 62.853 295.725
2.297 62.844 295.725
2.293 62.841 295.725
2.287 62.834 295.725
2.283 62.832 295.725
2.279 62.830 295.725
2.275 62.828 295.725
2.269 62.824 295.725
2.265 62.822 295.725
2.261 62.820 295.725
2.257 62.818 295.725
2.253 62.816 295.725
2.249 62.813 295.725
2.244 62.811 295.725
2.240 62.809 295.725
2.236 62.807 295.725
2.232 62.804 295.725
2.226 62.801 295.725
2.222 62.799 295.725
2.218 62.796 295.725
2.214 62.794 295.725
2.210 62.791 295.725
2.206 62.789 295.725
2.202 62.786 295.725
2.198 62.784 295.725
2.194 62.782 295.725
2.187 62.773 295.725
2.182 62.767 295.725
2.175 62.758 295.725
2.172 62.754 295.725
2.167 62.747 295.725
2.160 62.739 295.725
2.153 62.730 295.725
2.149 62.727 295.725
2.145 62.721 295.725
2.138 62.712 295.725
2.135 62.709 295.725
2.131 62.707 295.725
2.126 62.700 295.725
2.123 62.696 295.725
2.120 62.693 295.725
2.116 62.690 295.725
2.103 62.677 295.725
2.098 62.672 295.725
2.094 62.668 295.725
2.091 62.665 295.725
2.088 62.662 295.725
2.084 62.661 295.725
2.081 62.656 295.725
2.077 62.652 295.725
2.072 62.648 295.725
2.068 62.642 295.725
2.061 62.635 295.725
2.057 62.631 295.725
2.053 62.628 295.725
2.049 62.623 295.725
2.044 62.621 295.725
2.039 62.613 295.725
2.029 62.604 295.725
2.005 62.571 295.725
2.001 62.563 295.725
1.993 62.550 295.725
1.992 62.545 295.725
1.991 62.538 295.725
1.992 62.533 295.725
1.992 62.529 295.725
1.990 62.518 295.725
1.990 62.510 295.725
1.990 62.504 295.725
1.989 62.499 295.725
1.989 62.491 295.725
1.989 62.483 295.725
1.987 62.478 295.725
1.986 62.474 295.725
1.983 62.471 295.725
1.983 62.466 295.725
1.981 62.462 295.725
1.977 62.456 295.725
1.971 62.450 295.725
1.971 62.446 295.725
1.969 62.442 295.725
1.965 62.438 295.725
1.962 62.433 295.725
1.961 62.428 295.725
1.957 62.423 295.725
1.954 62.420 295.725
1.952 62.416 295.725
1.950 62.411 295.725
1.947 62.407 295.725
1.946 62.403 295.725
1.943 62.400 295.725
1.940 62.396 295.725
1.938 62.392 295.725
1.936 62.388 295.725
1.934 62.384 295.725
1.931 62.380 295.725
1.929 62.376 295.725
1.927 62.372 295.725
1.924 62.368 295.725
1.921 62.364 295.725
1.918 62.360 295.725
1.915 62.356 295.725
1.911 62.351 295.725
1.909 62.347 295.725
1.905 62.343 295.725
1.901 62.337 295.725
1.898 62.333 295.725
1.895 62.329 295.725
1.892 62.325 295.725
1.889 62.321 295.725
1.885 62.316 295.725
1.881 62.310 295.725
1.878 62.306 295.725
1.875 62.302 295.725
1.872 62.299 295.725
1.866 62.291 295.725
1.862 62.286 295.725
1.855 62.277 295.725
1.844 62.265 295.725
1.840 62.260 295.725
1.837 62.255 295.725
1.832 62.248 295.725
1.826 62.242 295.725
1.822 62.238 295.725
1.819 62.233 295.725
1.817 62.229 295.725
1.814 62.224 295.725
1.810 62.220 295.725
1.807 62.217 295.725
1.808 62.213 295.725
1.804 62.207 295.725
1.801 62.202 295.725
1.798 62.197 295.725
1.794 62.193 295.725
1.791 62.188 295.725
1.788 62.184 295.725
1.787 62.180 295.725
1.783 62.172 295.725
1.777 62.165 295.725
1.775 62.161 295.725
1.770 62.156 295.725
1.769 62.152 295.725
1.766 62.147 295.725
1.762 62.140 295.725
1.759 62.134 295.725
1.754 62.126 295.725
1.747 62.116 295.725
1.741 62.109 295.725
1.741 62.105 295.725
1.736 62.098 295.725
1.733 62.093 295.725
1.730 62.088 295.725
1.728 62.083 295.725
1.725 62.079 295.725
1.719 62.070 295.725
1.717 62.063 295.725
1.714 62.057 295.725
1.709 62.048 295.725
1.706 62.042 295.725
1.704 62.038 295.725
1.703 62.034 295.725
1.699 62.025 295.725
1.696 62.019 295.725
1.693 62.013 295.725
1.689 62.007 295.725
1.686 62.000 295.725
1.678 61.990 295.725
1.678 61.985 295.725
1.675 61.981 295.725
1.673 61.976 295.725
1.665 61.962 295.725
1.658 61.954 295.725
1.661 61.951 295.725
1.655 61.940 295.725
1.644 61.921 295.725
1.637 61.913 295.725
1.634 61.903 295.725
1.629 61.892 295.725
1.626 61.888 295.725
1.624 61.884 295.725
1.620 61.878 295.725
1.616 61.870 295.725
1.614 61.866 295.725
1.606 61.856 295.725
1.607 61.851 295.725
1.603 61.845 295.725
1.597 61.838 295.725
1.597 61.833 295.725
1.594 61.824 295.725
1.587 61.811 295.725
1.582 61.800 295.725
1.580 61.796 295.725
1.577 61.792 295.725
1.572 61.783 295.725
1.571 61.778 295.725
1.565 61.769 295.725
1.563 61.764 295.725
1.560 61.760 295.725
1.557 61.755 295.725
1.553 61.750 295.725
1.550 61.744 295.725
1.547 61.737 295.725
1.545 61.732 295.725
1.538 61.722 295.725
1.538 61.718 295.725
1.533 61.705 295.725
1.531 61.698 295.725
1.527 61.692 295.725
1.523 61.686 295.725
1.519 61.679 295.725
1.517 61.675 295.725
1.511 61.668 295.725
1.510 61.662 295.725
1.507 61.658 295.725
1.504 61.653 295.725
1.502 61.649 295.725
1.493 61.633 295.725
1.484 61.618 295.725
1.478 61.608 295.725
1.473 61.601 295.725
1.450 61.573 295.725
1.434 61.559 295.725
1.409 61.543 295.725
1.386 61.527 295.725
1.376 61.521 295.725
1.368 61.516 295.725
1.361 61.512 295.725
1.344 61.501 295.725
1.314 61.478 295.725
1.308 61.473 295.725
1.296 61.462 295.725
1.290 61.457 295.725
1.286 61.453 295.725
1.280 61.447 295.725
1.274 61.441 295.725
1.255 61.426 295.725
