2.965 76.375 286.794
2.981 76.377 286.794
3.018 76.375 286.794
3.025 76.375 286.794
3.034 76.380 286.794
3.037 76.383 286.794
3.037 76.387 286.794
3.041 76.391 286.794
3.046 76.401 286.794
3.050 76.408 286.794
3.055 76.417 286.794
3.060 76.430 286.794
3.061 76.434 286.794
3.065 76.441 286.794
3.063 76.443 286.794
3.068 76.451 286.794
3.070 76.459 286.794
3.074 76.468 286.794
3.079 76.478 286.794
3.080 76.483 286.794
3.091 76.498 286.794
3.102 76.516 286.794
3.103 76.525 286.794
3.103 76.529 286.794
3.100 76.532 286.794
3.100 76.543 286.794
3.098 76.548 286.794
3.094 76.559 286.794
3.090 76.564 286.794
3.086 76.568 286.794
3.084 76.573 286.794
3.083 76.580 286.794
3.080 76.584 286.794
3.080 76.587 286.794
3.075 76.593 286.794
3.075 76.596 286.794
3.073 76.598 286.794
3.069 76.601 286.794
3.070 76.604 286.794
3.072 76.608 286.794
3.069 76.612 286.794
3.070 76.615 286.794
3.070 76.618 286.794
3.070 76.622 286.794
3.092 76.656 286.794
3.099 76.661 286.794
3.104 76.667 286.794
3.111 76.672 286.794
3.117 76.675 286.794
3.124 76.679 286.794
3.144 76.693 286.794
3.145 76.698 286.794
3.139 76.706 286.794
3.145 76.719 286.794
3.148 76.728 286.794
3.149 76.732 286.794
3.146 76.735 286.794
3.148 76.744 286.794
3.147 76.751 286.794
3.140 76.764 286.794
3.130 76.803 286.794
3.130 76.813 286.794
3.132 76.820 286.794
3.135 76.821 286.794
3.137 76.823 286.794
3.137 76.826 286.794
3.142 76.828 286.794
3.145 76.830 286.794
3.147 76.835 286.794
3.149 76.838 286.794
3.153 76.839 286.794
3.154 76.843 286.794
3.157 76.844 286.794
3.158 76.849 286.794
3.159 76.852 286.794
3.161 76.855 286.794
3.166 76.859 286.794
3.169 76.860 286.794
3.174 76.864 286.794
3.177 76.864 286.794
3.181 76.865 286.794
3.185 76.870 286.794
3.189 76.870 286.794
3.193 76.878 286.794
3.198 76.877 286.794
3.201 76.879 286.794
3.207 76.879 286.794
3.209 76.881 286.794
3.213 76.880 286.794
3.215 76.883 286.794
3.222 76.888 286.794
3.226 76.895 286.794
3.230 76.897 286.794
3.235 76.895 286.794
3.240 76.892 286.794
3.243 76.894 286.794
3.248 76.897 286.794
3.251 76.897 286.794
3.256 76.897 286.794
3.263 76.894 286.794
3.268 76.891 286.794
3.271 76.890 286.794
3.273 76.892 286.794
3.278 76.891 286.794
3.282 76.892 286.794
3.286 76.895 286.794
3.293 76.896 286.794
3.297 76.893 286.794
3.300 76.892 286.794
3.309 76.895 286.794
3.314 76.894 286.794
3.317 76.894 286.794
3.328 76.895 286.794
3.333 76.897 286.794
3.344 76.901 286.794
3.352 76.910 286.794
3.354 76.912 286.794
3.358 76.915 286.794
3.366 76.911 286.794
3.369 76.913 286.794
3.378 76.925 286.794
3.393 76.936 286.794
3.399 76.942 286.794
3.405 76.950 286.794
3.407 76.952 286.794
3.411 76.955 286.794
3.429 76.979 286.794
3.435 76.990 286.794
3.434 76.995 286.794
3.434 76.999 286.794
3.437 77.003 286.794
3.436 77.009 286.794
3.434 77.011 286.794
3.437 77.017 286.794
3.437 77.022 286.794
3.438 77.026 286.794
3.441 77.033 286.794
3.441 77.037 286.794
3.461 77.068 286.794
3.464 77.078 286.794
3.470 77.088 286.794
3.468 77.093 286.794
3.474 77.106 286.794
3.509 77.128 286.794
3.540 77.137 286.794
3.550 77.138 286.794
3.555 77.142 286.794
3.561 77.139 286.794
3.565 77.141 286.794
3.570 77.139 286.794
3.573 77.140 286.794
3.579 77.139 286.794
3.583 77.138 286.794
3.586 77.139 286.794
3.589 77.140 286.794
3.600 77.148 286.794
3.608 77.150 286.794
3.613 77.153 286.794
3.623 77.157 286.794
3.627 77.159 286.794
3.630 77.158 286.794
3.635 77.163 286.794
3.638 77.162 286.794
3.642 77.165 286.794
3.648 77.167 286.794
3.654 77.172 286.794
3.657 77.171 286.794
3.662 77.173 286.794
3.667 77.176 286.794
3.670 77.179 286.794
3.673 77.178 286.794
3.676 77.179 286.794
3.682 77.182 286.794
3.684 77.184 286.794
3.686 77.186 286.794
3.689 77.186 286.794
3.694 77.187 286.794
3.699 77.191 286.794
3.702 77.192 286.794
3.705 77.194 286.794
3.709 77.194 286.794
3.716 77.198 286.794
3.719 77.200 286.794
3.721 77.202 286.794
3.724 77.203 286.794
3.727 77.204 286.794
3.731 77.205 286.794
3.735 77.208 286.794
3.739 77.208 286.794
3.742 77.209 286.794
3.746 77.210 286.794
3.749 77.212 286.794
3.756 77.213 286.794
3.758 77.215 286.794
3.762 77.216 286.794
3.765 77.218 286.794
3.768 77.217 286.794
3.772 77.219 286.794
3.774 77.221 286.794
3.777 77.222 286.794
3.782 77.223 286.794
3.786 77.224 286.794
3.790 77.226 286.794
3.794 77.227 286.794
3.797 77.229 286.794
3.800 77.230 286.794
3.802 77.232 286.794
3.804 77.234 286.794
3.807 77.236 286.794
3.809 77.238 286.794
3.812 77.240 286.794
3.816 77.243 286.794
3.819 77.246 286.794
3.822 77.248 286.794
3.827 77.252 286.794
3.831 77.255 286.794
3.838 77.261 286.794
3.843 77.264 286.794
3.846 77.267 286.794
3.852 77.273 286.794
3.855 77.275 286.794
3.857 77.277 286.794
3.860 77.279 286.794
3.863 77.281 286.794
3.867 77.285 286.794
3.872 77.289 286.794
3.879 77.295 286.794
3.884 77.298 286.794
3.886 77.300 286.794
3.889 77.301 286.794
3.892 77.302 286.794
3.895 77.304 286.794
3.898 77.305 286.794
3.901 77.307 286.794
3.904 77.308 286.794
3.908 77.310 286.794
3.911 77.312 286.794
3.914 77.312 286.794
3.917 77.314 286.794
3.920 77.315 286.794
3.924 77.317 286.794
3.928 77.319 286.794
3.931 77.321 286.794
3.934 77.322 286.794
3.938 77.324 286.794
3.943 77.326 286.794
3.946 77.329 286.794
3.949 77.329 286.794
3.955 77.333 286.794
3.959 77.334 286.794
3.972 77.343 286.794
3.978 77.350 286.794
3.987 77.363 286.794
3.988 77.366 286.794
4.000 77.379 286.794
4.020 77.401 286.794
4.021 77.404 286.794
4.026 77.409 286.794
4.027 77.412 286.794
4.057 77.441 286.794
4.075 77.456 286.794
4.078 77.458 286.794
4.082 77.461 286.794
4.089 77.467 286.794
4.098 77.475 286.794
4.104 77.481 286.794
4.118 77.492 286.794
4.120 77.494 286.794
4.124 77.497 286.794
4.137 77.508 286.794
4.146 77.514 286.794
4.151 77.512 286.794
4.154 77.514 286.794
4.160 77.516 286.794
4.164 77.518 286.794
4.167 77.520 286.794
4.171 77.524 286.794
4.180 77.531 286.794
4.187 77.534 286.794
4.191 77.536 286.794
4.199 77.540 286.794
4.203 77.543 286.794
4.209 77.548 286.794
4.224 77.558 286.794
4.239 77.572 286.794
4.244 77.573 286.794
4.249 77.576 286.794
4.264 77.590 286.794
4.271 77.596 286.794
4.276 77.597 286.794
4.290 77.606 286.794
4.298 77.613 286.794
4.308 77.619 286.794
4.320 77.628 286.794
4.338 77.645 286.794
4.343 77.646 286.794
4.356 77.654 286.794
4.361 77.658 286.794
4.369 77.665 286.794
4.377 77.671 286.794
4.383 77.675 286.794
4.390 77.680 286.794
4.393 77.681 286.794
4.399 77.685 286.794
4.407 77.692 286.794
4.422 77.704 286.794
4.425 77.704 286.794
4.430 77.707 286.794
4.434 77.710 286.794
4.443 77.716 286.794
4.453 77.724 286.794
4.458 77.728 286.794
4.465 77.733 286.794
4.471 77.737 286.794
4.478 77.743 286.794
4.482 77.746 286.794
4.494 77.755 286.794
4.498 77.758 286.794
4.507 77.765 286.794
4.514 77.771 286.794
4.520 77.775 286.794
4.536 77.790 286.794
4.540 77.793 286.794
4.550 77.802 286.794
4.555 77.806 286.794
4.558 77.807 286.794
4.566 77.814 286.794
4.584 77.830 286.794
4.590 77.834 286.794
4.600 77.843 286.794
4.604 77.846 286.794
4.621 77.861 286.794
4.625 77.864 286.794
4.631 77.869 286.794
4.644 77.881 286.794
4.649 77.885 286.794
4.677 77.911 286.794
4.683 77.918 286.794
4.711 77.943 286.794
4.715 77.946 286.794
4.719 77.949 286.794
4.723 77.952 286.794
4.727 77.955 286.794
4.732 77.959 286.794
4.737 77.962 286.794
4.741 77.965 286.794
4.748 77.970 286.794
4.754 77.975 286.794
4.757 77.977 286.794
4.763 77.982 286.794
4.768 77.986 286.794
4.772 77.989 286.794
4.783 77.998 286.794
4.792 78.007 286.794
4.803 78.018 286.794
4.810 78.025 286.794
4.819 78.037 286.794
4.832 78.058 286.794
4.835 78.064 286.794
4.852 78.098 286.794
4.858 78.105 286.794
4.864 78.114 286.794
4.868 78.119 286.794
4.876 78.131 286.794
4.884 78.143 286.794
4.888 78.147 286.794
4.890 78.150 286.794
4.893 78.154 286.794
4.895 78.157 286.794
4.898 78.161 286.794
4.908 78.175 286.794
4.914 78.181 286.794
4.919 78.189 286.794
4.926 78.202 286.794
4.938 78.245 286.794
4.939 78.248 286.794
4.941 78.254 286.794
4.948 78.285 286.794
4.948 78.288 286.794
4.949 78.293 286.794
4.952 78.310 286.794
4.957 78.336 286.794
4.964 78.357 286.794
4.974 78.390 286.794
4.975 78.393 286.794
4.977 78.397 286.794
4.980 78.405 286.794
4.981 78.408 286.794
4.983 78.417 286.794
4.985 78.430 286.794
4.982 78.431 286.794
4.986 78.447 286.794
4.986 78.455 286.794
4.987 78.469 286.794
4.990 78.485 286.794
4.989 78.491 286.794
4.989 78.499 286.794
4.991 78.507 286.794
4.992 78.512 286.794
4.992 78.524 286.794
4.993 78.531 286.794
4.994 78.536 286.794
4.993 78.539 286.794
4.995 78.553 286.794
4.996 78.564 286.794
4.994 78.569 286.794
4.996 78.577 286.794
4.999 78.599 286.794
5.000 78.604 286.794
5.001 78.619 286.794
5.002 78.624 286.794
5.002 78.631 286.794
5.002 78.634 286.794
5.003 78.639 286.794
5.004 78.654 286.794
5.007 78.671 286.794
5.008 78.678 286.794
5.006 78.682 286.794
5.011 78.705 286.794
5.014 78.727 286.794
5.014 78.735 286.794
5.013 78.746 286.794
5.013 78.749 286.794
5.014 78.759 286.794
5.014 78.769 286.794
5.010 78.773 286.794
5.010 78.781 286.794
5.011 78.788 286.794
5.010 78.793 286.794
5.009 78.798 286.794
5.017 78.842 286.794
5.018 78.845 286.794
5.020 78.851 286.794
5.022 78.857 286.794
5.023 78.861 286.794
5.027 78.874 286.794
5.029 78.877 286.794
5.029 78.880 286.794
5.031 78.890 286.794
5.032 78.895 286.794
5.032 78.899 286.794
5.033 78.904 286.794
5.030 78.905 286.794
5.030 78.911 286.794
5.025 78.921 286.794
5.022 78.925 286.794
5.019 78.926 286.794
5.019 78.929 286.794
5.017 78.931 286.794
5.016 78.935 286.794
5.015 78.942 286.794
5.014 78.947 286.794
5.013 78.950 286.794
5.012 78.953 286.794
5.012 78.956 286.794
5.010 78.959 286.794
5.010 78.963 286.794
5.009 78.968 286.794
5.008 78.972 286.794
5.008 78.976 286.794
5.007 78.979 286.794
5.005 78.981 286.794
5.005 78.987 286.794
5.004 78.990 286.794
5.003 78.994 286.794
5.004 79.004 286.794
5.006 79.015 286.794
5.007 79.021 286.794
5.008 79.025 286.794
5.009 79.031 286.794
5.019 79.064 286.794
5.024 79.075 286.794
5.026 79.081 286.794
5.028 79.084 286.794
5.033 79.088 286.794
5.035 79.090 286.794
5.040 79.102 286.794
5.043 79.102 286.794
5.046 79.107 286.794
5.048 79.119 286.794
5.052 79.121 286.794
5.054 79.123 286.794
5.054 79.127 286.794
5.051 79.130 286.794
5.048 79.134 286.794
5.047 79.138 286.794
5.047 79.145 286.794
5.046 79.155 286.794
5.046 79.163 286.794
5.045 79.167 286.794
5.044 79.173 286.794
5.046 79.183 286.794
5.046 79.187 286.794
5.046 79.194 286.794
5.056 79.232 286.794
5.062 79.242 286.794
5.065 79.247 286.794
5.067 79.249 286.794
5.071 79.256 286.794
5.074 79.260 286.794
5.075 79.267 286.794
5.078 79.267 286.794
5.080 79.279 286.794
5.082 79.286 286.794
5.084 79.291 286.794
5.086 79.300 286.794
5.088 79.304 286.794
5.092 79.305 286.794
5.095 79.310 286.794
5.100 79.317 286.794
5.102 79.326 286.794
5.106 79.327 286.794
5.107 79.332 286.794
5.112 79.338 286.794
5.117 79.351 286.794
5.121 79.355 286.794
5.125 79.364 286.794
5.128 79.364 286.794
5.130 79.366 286.794
5.134 79.380 286.794
5.140 79.383 286.794
5.141 79.394 286.794
5.143 79.406 286.794
5.143 79.409 286.794
5.143 79.413 286.794
5.140 79.415 286.794
5.145 79.436 286.794
5.144 79.439 286.794
5.144 79.443 286.794
5.145 79.462 286.794
5.146 79.472 286.794
5.147 79.484 286.794
5.146 79.492 286.794
5.146 79.506 286.794
5.147 79.511 286.794
5.146 79.514 286.794
5.146 79.517 286.794
5.144 79.523 286.794
5.142 79.527 286.794
5.143 79.533 286.794
5.142 79.536 286.794
5.141 79.540 286.794
5.141 79.548 286.794
5.140 79.554 286.794
5.138 79.561 286.794
5.138 79.568 286.794
5.137 79.572 286.794
5.137 79.576 286.794
5.137 79.580 286.794
5.134 79.581 286.794
5.134 79.584 286.794
5.135 79.593 286.794
5.133 79.596 286.794
5.133 79.601 286.794
5.132 79.605 286.794
5.132 79.613 286.794
5.130 79.615 286.794
5.128 79.618 286.794
5.129 79.624 286.794
5.130 79.628 286.794
5.128 79.630 286.794
5.129 79.634 286.794
5.131 79.642 286.794
5.131 79.645 286.794
5.129 79.647 286.794
5.129 79.650 286.794
5.130 79.657 286.794
5.131 79.666 286.794
5.131 79.669 286.794
5.131 79.673 286.794
5.132 79.690 286.794
5.132 79.701 286.794
5.131 79.706 286.794
5.131 79.709 286.794
5.132 79.715 286.794
5.133 79.725 286.794
5.133 79.728 286.794
5.133 79.731 286.794
5.134 79.736 286.794
5.134 79.739 286.794
5.134 79.742 286.794
5.135 79.746 286.794
5.135 79.750 286.794
5.136 79.755 286.794
5.136 79.758 286.794
5.137 79.766 286.794
5.137 79.769 286.794
5.138 79.775 286.794
5.138 79.778 286.794
5.138 79.781 286.794
5.138 79.784 286.794
5.139 79.788 286.794
5.139 79.791 286.794
5.139 79.794 286.794
5.140 79.797 286.794
5.140 79.800 286.794
5.141 79.805 286.794
5.142 79.809 286.794
5.144 79.815 286.794
5.145 79.819 286.794
5.145 79.822 286.794
5.147 79.827 286.794
5.148 79.830 286.794
5.149 79.836 286.794
5.150 79.840 286.794
5.151 79.844 286.794
5.152 79.847 286.794
5.153 79.850 286.794
5.154 79.853 286.794
5.155 79.858 286.794
5.172 79.896 286.794
5.177 79.908 286.794
5.182 79.918 286.794
5.187 79.927 286.794
5.193 79.939 286.794
5.198 79.956 286.794
5.201 79.957 286.794
5.203 79.961 286.794
5.205 79.964 286.794
5.208 79.967 286.794
5.212 79.979 286.794
5.217 79.999 286.794
5.220 80.012 286.794
5.223 80.024 286.794
5.228 80.043 286.794
5.230 80.051 286.794
5.234 80.067 286.794
5.235 80.073 286.794
5.242 80.100 286.794
5.253 80.135 286.794
5.255 80.139 286.794
5.259 80.152 286.794
5.262 80.160 286.794
5.265 80.166 286.794
5.267 80.172 286.794
5.269 80.175 286.794
5.273 80.186 286.794
5.273 80.189 286.794
5.277 80.207 286.794
5.285 80.242 286.794
5.291 80.262 286.794
5.295 80.272 286.794
5.300 80.293 286.794
5.303 80.310 286.794
5.310 80.338 286.794
5.313 80.352 286.794
5.314 80.356 286.794
5.315 80.363 286.794
5.324 80.400 286.794
5.324 80.405 286.794
5.329 80.423 286.794
5.331 80.432 286.794
5.334 80.443 286.794
5.336 80.462 286.794
5.335 80.467 286.794
5.341 80.496 286.794
5.341 80.507 286.794
5.346 80.534 286.794
5.345 80.542 286.794
5.348 80.554 286.794
5.352 80.575 286.794
5.354 80.597 286.794
5.355 80.602 286.794
5.360 80.627 286.794
5.359 80.631 286.794
5.360 80.638 286.794
5.360 80.642 286.794
5.360 80.645 286.794
5.360 80.654 286.794
5.362 80.662 286.794
5.360 80.665 286.794
5.365 80.692 286.794
5.365 80.701 286.794
5.362 80.707 286.794
5.364 80.718 286.794
5.366 80.726 286.794
5.367 80.740 286.794
5.363 80.742 286.794
5.365 80.755 286.794
5.365 80.759 286.794
5.366 80.764 286.794
5.361 80.768 286.794
5.362 80.781 286.794
5.363 80.786 286.794
5.363 80.797 286.794
5.359 80.802 286.794
5.361 80.811 286.794
5.362 80.819 286.794
5.362 80.825 286.794
5.362 80.831 286.794
5.361 80.835 286.794
5.361 80.838 286.794
5.362 80.849 286.794
5.363 80.854 286.794
5.361 80.858 286.794
5.360 80.867 286.794
5.360 80.870 286.794
5.360 80.873 286.794
5.361 80.880 286.794
5.357 80.883 286.794
5.356 80.888 286.794
5.355 80.893 286.794
5.356 80.901 286.794
5.360 80.913 286.794
5.361 80.927 286.794
5.360 80.936 286.794
5.358 80.938 286.794
5.358 80.941 286.794
5.357 80.945 286.794
5.356 80.952 286.794
5.357 80.955 286.794
5.358 80.961 286.794
5.361 80.974 286.794
5.361 80.978 286.794
5.360 80.986 286.794
5.360 80.990 286.794
5.360 80.996 286.794
5.359 81.000 286.794
5.361 81.012 286.794
5.361 81.015 286.794
5.359 81.023 286.794
5.360 81.028 286.794
5.359 81.039 286.794
5.359 81.042 286.794
5.359 81.048 286.794
5.355 81.050 286.794
5.355 81.054 286.794
5.356 81.059 286.794
5.357 81.064 286.794
5.355 81.066 286.794
5.356 81.070 286.794
5.355 81.078 286.794
5.354 81.082 286.794
5.352 81.084 286.794
5.350 81.089 286.794
5.352 81.095 286.794
5.350 81.106 286.794
5.348 81.113 286.794
5.346 81.116 286.794
5.346 81.120 286.794
5.343 81.125 286.794
5.341 81.128 286.794
5.343 81.136 286.794
5.344 81.141 286.794
5.343 81.145 286.794
5.344 81.152 286.794
5.341 81.154 286.794
5.341 81.158 286.794
5.340 81.163 286.794
5.342 81.168 286.794
5.341 81.171 286.794
5.341 81.177 286.794
5.341 81.186 286.794
5.341 81.189 286.794
5.340 81.192 286.794
5.341 81.195 286.794
5.341 81.199 286.794
5.340 81.204 286.794
5.340 81.212 286.794
5.339 81.219 286.794
5.341 81.229 286.794
5.342 81.234 286.794
5.343 81.239 286.794
5.344 81.248 286.794
5.346 81.255 286.794
5.344 81.257 286.794
5.344 81.267 286.794
5.345 81.271 286.794
5.343 81.273 286.794
5.343 81.277 286.794
5.343 81.284 286.794
5.341 81.290 286.794
5.342 81.297 286.794
5.344 81.306 286.794
5.344 81.309 286.794
5.342 81.311 286.794
5.343 81.314 286.794
5.342 81.317 286.794
5.344 81.326 286.794
5.343 81.329 286.794
5.342 81.332 286.794
5.344 81.337 286.794
5.344 81.345 286.794
5.342 81.348 286.794
5.342 81.357 286.794
5.341 81.363 286.794
5.340 81.366 286.794
5.343 81.379 286.794
5.345 81.385 286.794
5.345 81.389 286.794
5.347 81.398 286.794
5.344 81.404 286.794
5.347 81.415 286.794
5.348 81.419 286.794
5.348 81.423 286.794
5.349 81.443 286.794
5.350 81.454 286.794
5.350 81.457 286.794
5.350 81.466 286.794
5.350 81.470 286.794
5.348 81.473 286.794
5.351 81.483 286.794
5.348 81.485 286.794
5.349 81.493 286.794
5.349 81.497 286.794
5.352 81.506 286.794
5.352 81.517 286.794
5.351 81.520 286.794
5.352 81.523 286.794
5.352 81.526 286.794
5.346 81.530 286.794
5.347 81.538 286.794
5.351 81.546 286.794
5.345 81.550 286.794
5.348 81.557 286.794
5.349 81.570 286.794
5.348 81.575 286.794
5.342 81.581 286.794
5.345 81.588 286.794
5.343 81.596 286.794
5.345 81.604 286.794
5.342 81.606 286.794
5.339 81.617 286.794
5.337 81.622 286.794
5.337 81.627 286.794
5.331 81.631 286.794
5.334 81.637 286.794
5.328 81.645 286.794
5.334 81.656 286.794
5.329 81.663 286.794
5.331 81.666 286.794
5.323 81.670 286.794
5.323 81.673 286.794
5.325 81.689 286.794
5.323 81.693 286.794
5.325 81.705 286.794
5.325 81.725 286.794
5.329 81.765 286.794
5.331 81.771 286.794
5.332 81.774 286.794
5.338 81.798 286.794
5.343 81.805 286.794
5.352 81.820 286.794
5.358 81.818 286.794
5.364 81.827 286.794
5.370 81.825 286.794
5.375 81.832 286.794
5.378 81.832 286.794
5.384 81.841 286.794
5.386 81.844 286.794
5.388 81.847 286.794
5.393 81.847 286.794
5.398 81.847 286.794
5.401 81.849 286.794
5.406 81.855 286.794
5.414 81.859 286.794
5.423 81.865 286.794
5.433 81.869 286.794
5.439 81.871 286.794
5.449 81.887 286.794
5.453 81.887 286.794
5.463 81.898 286.794
5.470 81.901 286.794
5.473 81.904 286.794
5.495 81.932 286.794
5.499 81.937 286.794
5.509 81.946 286.794
5.524 81.970 286.794
5.539 81.983 286.794
5.553 81.999 286.794
5.561 82.011 286.794
5.564 82.017 286.794
5.566 82.020 286.794
5.576 82.034 286.794
5.578 82.037 286.794
5.579 82.042 286.794
5.596 82.071 286.794
5.610 82.091 286.794
5.613 82.092 286.794
5.623 82.103 286.794
5.630 82.104 286.794
5.636 82.112 286.794
5.645 82.121 286.794
5.657 82.120 286.794
5.664 82.129 286.794
5.667 82.134 286.794
5.674 82.130 286.794
5.679 82.131 286.794
5.682 82.134 286.794
5.691 82.136 286.794
5.696 82.143 286.794
5.699 82.145 286.794
5.706 82.149 286.794
5.713 82.145 286.794
5.729 82.171 286.794
5.740 82.182 286.794
5.750 82.197 286.794
5.753 82.198 286.794
5.764 82.208 286.794
5.768 82.218 286.794
5.772 82.220 286.794
5.780 82.228 286.794
5.783 82.230 286.794
5.788 82.235 286.794
5.793 82.242 286.794
5.798 82.243 286.794
5.800 82.245 286.794
5.803 82.248 286.794
5.807 82.253 286.794
5.814 82.257 286.794
5.819 82.263 286.794
5.822 82.262 286.794
5.824 82.266 286.794
5.830 82.266 286.794
5.832 82.269 286.794
5.835 82.272 286.794
5.841 82.290 286.794
5.846 82.289 286.794
5.848 82.293 286.794
5.850 82.296 286.794
5.859 82.309 286.794
5.864 82.320 286.794
5.867 82.322 286.794
5.868 82.325 286.794
5.873 82.334 286.794
5.877 82.346 286.794
5.882 82.351 286.794
5.886 82.354 286.794
5.893 82.366 286.794
5.898 82.365 286.794
5.902 82.370 286.794
5.904 82.376 286.794
5.908 82.378 286.794
5.915 82.393 286.794
5.916 82.396 286.794
5.919 82.402 286.794
5.924 82.412 286.794
5.926 82.420 286.794
5.928 82.438 286.794
5.925 82.443 286.794
5.925 82.446 286.794
5.927 82.452 286.794
5.926 82.456 286.794
5.926 82.459 286.794
5.926 82.463 286.794
5.932 82.504 286.794
5.937 82.515 286.794
5.941 82.528 286.794
5.946 82.532 286.794
5.949 82.538 286.794
5.951 82.543 286.794
5.955 82.545 286.794
5.959 82.554 286.794
5.968 82.567 286.794
5.971 82.574 286.794
5.975 82.587 286.794
5.976 82.590 286.794
5.979 82.590 286.794
5.981 82.595 286.794
5.985 82.606 286.794
5.990 82.617 286.794
5.993 82.628 286.794
5.996 82.638 286.794
5.999 82.638 286.794
6.004 82.655 286.794
6.005 82.658 286.794
6.008 82.660 286.794
6.013 82.666 286.794
6.017 82.674 286.794
6.020 82.680 286.794
6.024 82.687 286.794
6.025 82.690 286.794
6.027 82.695 286.794
6.030 82.695 286.794
6.032 82.701 286.794
6.034 82.703 286.794
6.037 82.706 286.794
6.039 82.708 286.794
6.042 82.719 286.794
6.047 82.719 286.794
6.051 82.723 286.794
6.052 82.726 286.794
6.055 82.729 286.794
6.058 82.733 286.794
6.061 82.735 286.794
6.065 82.739 286.794
6.068 82.741 286.794
6.070 82.743 286.794
6.072 82.746 286.794
6.074 82.749 286.794
6.079 82.756 286.794
6.081 82.761 286.794
6.083 82.763 286.794
6.086 82.767 286.794
6.089 82.771 286.794
6.091 82.775 286.794
6.092 82.778 286.794
6.094 82.780 286.794
6.096 82.782 286.794
6.099 82.788 286.794
6.100 82.791 286.794
6.103 82.795 286.794
6.106 82.801 286.794
6.108 82.806 286.794
6.110 82.810 286.794
6.112 82.816 286.794
6.114 82.822 286.794
6.118 82.836 286.794
6.122 82.846 286.794
6.127 82.861 286.794
6.128 82.864 286.794
6.133 82.874 286.794
6.137 82.879 286.794
6.141 82.889 286.794
6.147 82.898 286.794
6.149 82.901 286.794
6.151 82.904 286.794
6.152 82.908 286.794
6.153 82.915 286.794
6.142 82.919 286.794
6.127 82.919 286.794
