10.398 82.686 295.725
10.401 82.686 295.725
10.405 82.684 295.725
10.406 82.679 295.725
10.407 82.671 295.725
10.409 82.657 295.725
10.410 82.648 295.725
10.410 82.645 295.725
10.411 82.639 295.725
10.413 82.624 295.725
10.421 82.586 295.725
10.424 82.574 295.725
10.427 82.556 295.725
10.425 82.518 295.725
10.425 82.478 295.725
10.427 82.473 295.725
10.428 82.468 295.725
10.429 82.463 295.725
10.431 82.460 295.725
10.432 82.455 295.725
10.433 82.450 295.725
10.435 82.446 295.725
10.436 82.442 295.725
10.437 82.439 295.725
10.438 82.435 295.725
10.438 82.429 295.725
10.437 82.426 295.725
10.436 82.423 295.725
10.435 82.417 295.725
10.434 82.414 295.725
10.432 82.410 295.725
10.430 82.402 295.725
10.429 82.398 295.725
10.429 82.353 295.725
10.431 82.342 295.725
10.432 82.334 295.725
10.432 82.329 295.725
10.432 82.326 295.725
10.433 82.321 295.725
10.435 82.309 295.725
10.436 82.305 295.725
10.437 82.301 295.725
10.439 82.290 295.725
10.440 82.286 295.725
10.440 82.283 295.725
10.440 82.280 295.725
10.439 82.277 295.725
10.439 82.269 295.725
10.439 82.264 295.725
10.439 82.258 295.725
10.439 82.251 295.725
10.439 82.244 295.725
10.439 82.241 295.725
10.439 82.235 295.725
10.439 82.230 295.725
10.439 82.196 295.725
10.441 82.181 295.725
10.443 82.152 295.725
10.442 82.149 295.725
10.442 82.143 295.725
10.442 82.133 295.725
10.441 82.130 295.725
10.441 82.125 295.725
10.441 82.122 295.725
10.441 82.113 295.725
10.441 82.110 295.725
10.441 82.099 295.725
10.441 82.086 295.725
10.442 82.055 295.725
10.446 82.029 295.725
10.450 82.018 295.725
10.451 82.011 295.725
10.453 82.004 295.725
10.455 82.000 295.725
10.457 81.997 295.725
10.458 81.990 295.725
10.461 81.962 295.725
10.463 81.936 295.725
10.465 81.931 295.725
10.466 81.918 295.725
10.467 81.911 295.725
10.468 81.902 295.725
10.471 81.880 295.725
10.473 81.867 295.725
10.475 81.852 295.725
10.472 81.808 295.725
10.473 81.803 295.725
10.473 81.799 295.725
10.474 81.794 295.725
10.475 81.789 295.725
10.476 81.784 295.725
10.477 81.772 295.725
10.478 81.769 295.725
10.479 81.763 295.725
10.478 81.760 295.725
10.478 81.748 295.725
10.477 81.744 295.725
10.476 81.739 295.725
10.476 81.730 295.725
10.477 81.713 295.725
10.477 81.705 295.725
10.477 81.698 295.725
10.478 81.685 295.725
10.482 81.645 295.725
10.482 81.639 295.725
10.481 81.633 295.725
10.481 81.618 295.725
10.480 81.613 295.725
10.485 81.571 295.725
10.487 81.557 295.725
10.489 81.547 295.725
10.491 81.536 295.725
10.493 81.528 295.725
10.494 81.523 295.725
10.495 81.509 295.725
10.495 81.505 295.725
10.493 81.471 295.725
10.492 81.466 295.725
10.491 81.454 295.725
10.490 81.447 295.725
10.489 81.444 295.725
10.488 81.424 295.725
10.488 81.390 295.725
10.488 81.381 295.725
10.483 81.361 295.725
10.476 81.321 295.725
10.476 81.315 295.725
10.475 81.301 295.725
10.474 81.288 295.725
10.474 81.285 295.725
10.472 81.269 295.725
10.472 81.266 295.725
10.474 81.261 295.725
10.473 81.252 295.725
10.473 81.247 295.725
10.473 81.242 295.725
10.474 81.239 295.725
10.474 81.235 295.725
10.474 81.225 295.725
10.473 81.213 295.725
10.473 81.208 295.725
10.472 81.194 295.725
10.470 81.192 295.725
10.469 81.183 295.725
10.468 81.179 295.725
10.467 81.176 295.725
10.466 81.173 295.725
10.464 81.168 295.725
10.463 81.163 295.725
10.462 81.136 295.725
10.462 81.127 295.725
10.465 81.082 295.725
10.465 81.077 295.725
10.465 81.073 295.725
10.464 81.056 295.725
10.465 81.052 295.725
10.466 81.049 295.725
10.466 81.045 295.725
10.466 81.029 295.725
10.468 81.025 295.725
10.470 81.022 295.725
10.469 81.015 295.725
10.467 81.007 295.725
10.466 81.004 295.725
10.461 80.989 295.725
10.456 80.973 295.725
10.453 80.963 295.725
10.452 80.960 295.725
10.445 80.931 295.725
10.440 80.918 295.725
10.439 80.915 295.725
10.437 80.908 295.725
10.427 80.886 295.725
10.419 80.862 295.725
10.417 80.856 295.725
10.417 80.853 295.725
10.417 80.847 295.725
10.416 80.834 295.725
10.415 80.829 295.725
10.417 80.825 295.725
10.417 80.821 295.725
10.418 80.810 295.725
10.417 80.797 295.725
10.417 80.792 295.725
10.416 80.786 295.725
10.413 80.772 295.725
10.408 80.755 295.725
10.405 80.747 295.725
10.403 80.744 295.725
10.400 80.729 295.725
10.398 80.726 295.725
10.393 80.705 295.725
10.391 80.699 295.725
10.385 80.656 295.725
10.384 80.636 295.725
10.383 80.622 295.725
10.383 80.619 295.725
10.381 80.617 295.725
10.378 80.614 295.725
10.375 80.602 295.725
10.371 80.597 295.725
10.370 80.594 295.725
10.367 80.588 295.725
10.365 80.585 295.725
10.363 80.582 295.725
10.362 80.577 295.725
10.358 80.539 295.725
10.359 80.519 295.725
10.358 80.513 295.725
10.354 80.507 295.725
10.351 80.500 295.725
10.347 80.489 295.725
10.346 80.486 295.725
10.343 80.480 295.725
10.342 80.477 295.725
10.339 80.470 295.725
10.332 80.449 295.725
10.329 80.442 295.725
10.327 80.435 295.725
10.322 80.411 295.725
10.318 80.383 295.725
10.318 80.379 295.725
10.315 80.363 295.725
10.315 80.360 295.725
10.311 80.345 295.725
10.309 80.340 295.725
10.306 80.333 295.725
10.302 80.325 295.725
10.298 80.321 295.725
10.297 80.317 295.725
10.294 80.313 295.725
10.291 80.305 295.725
10.289 80.299 295.725
10.285 80.293 295.725
10.282 80.290 295.725
10.281 80.286 295.725
10.274 80.268 295.725
10.269 80.257 295.725
10.267 80.252 295.725
10.263 80.242 295.725
10.251 80.199 295.725
10.252 80.195 295.725
10.251 80.187 295.725
10.249 80.180 295.725
10.248 80.172 295.725
10.248 80.168 295.725
10.247 80.163 295.725
10.245 80.149 295.725
10.244 80.138 295.725
10.244 80.131 295.725
10.241 80.120 295.725
10.236 80.100 295.725
10.233 80.090 295.725
10.232 80.087 295.725
10.224 80.053 295.725
10.221 80.040 295.725
10.218 80.031 295.725
10.216 80.027 295.725
10.215 80.024 295.725
10.213 80.019 295.725
10.212 80.016 295.725
10.210 80.011 295.725
10.209 80.008 295.725
10.207 80.003 295.725
10.204 79.997 295.725
10.202 79.993 295.725
10.200 79.990 295.725
10.197 79.985 295.725
10.194 79.980 295.725
10.192 79.977 295.725
10.191 79.974 295.725
10.187 79.969 295.725
10.185 79.964 295.725
10.183 79.961 295.725
10.181 79.958 295.725
10.180 79.955 295.725
10.178 79.953 295.725
10.175 79.949 295.725
10.173 79.946 295.725
10.172 79.942 295.725
10.170 79.940 295.725
10.168 79.937 295.725
10.165 79.931 295.725
10.163 79.929 295.725
10.162 79.926 295.725
10.160 79.923 295.725
10.158 79.920 295.725
10.156 79.918 295.725
10.154 79.914 295.725
10.152 79.911 295.725
10.144 79.872 295.725
10.140 79.854 295.725
10.139 79.851 295.725
10.137 79.841 295.725
10.135 79.836 295.725
10.131 79.826 295.725
10.130 79.823 295.725
10.129 79.820 295.725
10.127 79.815 295.725
10.126 79.812 295.725
10.123 79.806 295.725
10.121 79.801 295.725
10.120 79.798 295.725
10.119 79.794 295.725
10.118 79.790 295.725
10.115 79.782 295.725
10.113 79.777 295.725
10.111 79.769 295.725
10.108 79.756 295.725
10.104 79.741 295.725
10.102 79.734 295.725
10.099 79.723 295.725
10.097 79.719 295.725
10.093 79.705 295.725
10.091 79.702 295.725
10.089 79.692 295.725
10.087 79.688 295.725
10.085 79.678 295.725
10.083 79.672 295.725
10.082 79.667 295.725
10.080 79.659 295.725
10.077 79.648 295.725
10.071 79.631 295.725
10.069 79.628 295.725
10.060 79.608 295.725
10.057 79.602 295.725
10.044 79.573 295.725
10.037 79.554 295.725
10.034 79.546 295.725
10.033 79.541 295.725
10.031 79.535 295.725
10.025 79.519 295.725
10.022 79.509 295.725
10.013 79.484 295.725
10.012 79.478 295.725
10.006 79.457 295.725
10.004 79.447 295.725
10.002 79.441 295.725
10.001 79.433 295.725
9.999 79.425 295.725
9.996 79.415 295.725
9.994 79.407 295.725
9.994 79.404 295.725
9.989 79.384 295.725
9.988 79.379 295.725
9.987 79.373 295.725
9.985 79.360 295.725
9.984 79.354 295.725
9.984 79.349 295.725
9.982 79.336 295.725
9.980 79.328 295.725
9.980 79.325 295.725
9.980 79.320 295.725
9.977 79.305 295.725
9.976 79.301 295.725
9.976 79.297 295.725
9.975 79.292 295.725
9.972 79.280 295.725
9.972 79.271 295.725
9.972 79.266 295.725
9.968 79.247 295.725
9.968 79.240 295.725
9.965 79.224 295.725
9.965 79.219 295.725
9.963 79.211 295.725
9.962 79.206 295.725
9.963 79.202 295.725
9.962 79.195 295.725
9.961 79.189 295.725
9.961 79.179 295.725
9.959 79.167 295.725
9.960 79.163 295.725
9.959 79.158 295.725
9.959 79.153 295.725
9.960 79.150 295.725
9.960 79.144 295.725
9.959 79.132 295.725
9.957 79.122 295.725
9.956 79.112 295.725
9.955 79.107 295.725
9.954 79.095 295.725
9.952 79.081 295.725
9.952 79.078 295.725
9.948 79.054 295.725
9.950 79.051 295.725
9.949 79.043 295.725
9.949 79.040 295.725
9.949 79.033 295.725
9.950 79.029 295.725
9.950 79.025 295.725
9.951 79.022 295.725
9.951 79.018 295.725
9.952 79.014 295.725
9.953 79.010 295.725
9.952 79.004 295.725
9.954 79.001 295.725
9.954 78.997 295.725
9.954 78.993 295.725
9.955 78.989 295.725
9.956 78.985 295.725
9.956 78.978 295.725
9.956 78.974 295.725
9.957 78.969 295.725
9.957 78.963 295.725
9.957 78.960 295.725
9.958 78.953 295.725
9.958 78.948 295.725
9.958 78.945 295.725
9.958 78.940 295.725
9.958 78.937 295.725
9.958 78.932 295.725
9.958 78.925 295.725
9.956 78.914 295.725
9.955 78.910 295.725
9.954 78.904 295.725
9.953 78.899 295.725
9.952 78.892 295.725
9.946 78.848 295.725
9.943 78.837 295.725
9.935 78.817 295.725
9.929 78.801 295.725
9.924 78.786 295.725
9.920 78.775 295.725
9.908 78.733 295.725
9.907 78.727 295.725
9.907 78.724 295.725
9.907 78.721 295.725
9.906 78.714 295.725
9.904 78.704 295.725
9.903 78.700 295.725
9.898 78.684 295.725
9.893 78.668 295.725
9.889 78.656 295.725
9.881 78.630 295.725
9.875 78.618 295.725
9.874 78.615 295.725
9.872 78.612 295.725
9.871 78.609 295.725
9.865 78.590 295.725
9.854 78.554 295.725
9.848 78.536 295.725
9.846 78.531 295.725
9.841 78.519 295.725
9.830 78.479 295.725
9.829 78.475 295.725
9.828 78.471 295.725
9.828 78.467 295.725
9.823 78.443 295.725
9.822 78.439 295.725
9.822 78.435 295.725
9.821 78.426 295.725
9.817 78.407 295.725
9.816 78.401 295.725
9.813 78.394 295.725
9.811 78.392 295.725
9.809 78.388 295.725
9.807 78.385 295.725
9.804 78.375 295.725
9.803 78.372 295.725
9.791 78.331 295.725
9.790 78.327 295.725
9.789 78.322 295.725
9.788 78.317 295.725
9.787 78.309 295.725
9.786 78.304 295.725
9.784 78.294 295.725
9.784 78.291 295.725
9.782 78.282 295.725
9.780 78.275 295.725
9.777 78.267 295.725
9.774 78.259 295.725
9.757 78.218 295.725
9.752 78.205 295.725
9.748 78.195 295.725
9.747 78.192 295.725
9.742 78.179 295.725
9.731 78.154 295.725
9.727 78.145 295.725
9.713 78.111 295.725
9.708 78.099 295.725
9.691 78.061 295.725
9.688 78.054 295.725
9.679 78.034 295.725
9.665 78.006 295.725
9.656 77.987 295.725
9.654 77.982 295.725
9.651 77.975 295.725
9.647 77.966 295.725
9.631 77.931 295.725
9.626 77.919 295.725
9.616 77.896 295.725
9.610 77.884 295.725
9.608 77.880 295.725
9.603 77.872 295.725
9.600 77.868 295.725
9.598 77.865 295.725
9.594 77.861 295.725
9.570 77.825 295.725
9.561 77.811 295.725
9.558 77.806 295.725
9.542 77.779 295.725
9.536 77.769 295.725
9.531 77.761 295.725
9.529 77.756 295.725
9.527 77.752 295.725
9.522 77.744 295.725
9.518 77.737 295.725
9.516 77.732 295.725
9.514 77.728 295.725
9.512 77.724 295.725
9.499 77.704 295.725
9.484 77.681 295.725
9.473 77.664 295.725
9.453 77.633 295.725
9.445 77.622 295.725
9.440 77.615 295.725
9.437 77.611 295.725
9.431 77.602 295.725
9.429 77.600 295.725
9.419 77.585 295.725
9.411 77.573 295.725
9.408 77.569 295.725
9.405 77.565 295.725
9.401 77.559 295.725
9.392 77.547 295.725
9.386 77.539 295.725
9.384 77.536 295.725
9.382 77.533 295.725
9.380 77.530 295.725
9.376 77.525 295.725
9.369 77.515 295.725
9.365 77.509 295.725
9.362 77.505 295.725
9.360 77.503 295.725
9.358 77.500 295.725
9.352 77.491 295.725
9.347 77.484 295.725
9.326 77.448 295.725
9.317 77.433 295.725
9.311 77.423 295.725
9.302 77.408 295.725
9.296 77.398 295.725
9.294 77.395 295.725
9.285 77.381 295.725
9.283 77.378 295.725
9.274 77.364 295.725
9.250 77.329 295.725
9.238 77.312 295.725
9.235 77.308 295.725
9.228 77.298 295.725
9.224 77.293 295.725
9.218 77.285 295.725
9.216 77.283 295.725
9.212 77.277 295.725
9.190 77.241 295.725
9.182 77.228 295.725
9.179 77.223 295.725
9.175 77.218 295.725
9.169 77.210 295.725
9.143 77.174 295.725
9.141 77.171 295.725
9.139 77.168 295.725
9.137 77.165 295.725
9.131 77.156 295.725
9.129 77.153 295.725
9.127 77.150 295.725
9.125 77.147 295.725
9.118 77.137 295.725
9.114 77.131 295.725
9.110 77.125 295.725
9.106 77.119 295.725
9.100 77.110 295.725
9.098 77.107 295.725
9.096 77.104 295.725
9.094 77.101 295.725
9.092 77.098 295.725
9.089 77.093 295.725
9.087 77.090 295.725
9.085 77.087 295.725
9.078 77.076 295.725
9.070 77.064 295.725
9.068 77.061 295.725
9.066 77.058 295.725
9.062 77.052 295.725
9.060 77.049 295.725
9.058 77.047 295.725
9.052 77.039 295.725
9.048 77.034 295.725
9.044 77.030 295.725
9.042 77.028 295.725
9.040 77.025 295.725
9.038 77.022 295.725
9.036 77.020 295.725
9.034 77.017 295.725
9.031 77.013 295.725
9.029 77.010 295.725
9.027 77.007 295.725
9.024 77.003 295.725
9.019 76.996 295.725
9.017 76.994 295.725
9.015 76.991 295.725
9.007 76.979 295.725
8.987 76.946 295.725
8.983 76.938 295.725
8.977 76.928 295.725
8.975 76.926 295.725
8.968 76.917 295.725
8.965 76.914 295.725
8.960 76.908 295.725
8.956 76.903 295.725
8.954 76.901 295.725
8.951 76.897 295.725
8.949 76.895 295.725
8.946 76.891 295.725
8.942 76.886 295.725
8.938 76.881 295.725
8.915 76.846 295.725
8.905 76.830 295.725
8.898 76.821 295.725
8.893 76.815 295.725
8.870 76.787 295.725
8.858 76.774 295.725
8.853 76.768 295.725
8.851 76.766 295.725
8.826 76.736 295.725
8.797 76.701 295.725
8.792 76.695 295.725
8.787 76.689 295.725
8.784 76.686 295.725
8.782 76.684 295.725
8.770 76.670 295.725
8.764 76.663 295.725
8.754 76.651 295.725
8.747 76.643 295.725
8.745 76.641 295.725
8.736 76.631 295.725
8.729 76.624 295.725
8.724 76.618 295.725
8.720 76.614 295.725
8.715 76.608 295.725
8.704 76.597 295.725
8.699 76.592 295.725
8.693 76.587 295.725
8.691 76.585 295.725
8.685 76.579 295.725
8.683 76.577 295.725
8.680 76.574 295.725
8.674 76.568 295.725
8.645 76.535 295.725
8.640 76.528 295.725
8.635 76.522 295.725
8.630 76.515 295.725
8.624 76.507 295.725
8.621 76.503 295.725
8.615 76.496 295.725
8.613 76.493 295.725
8.610 76.489 295.725
8.607 76.485 295.725
8.605 76.482 295.725
8.600 76.476 295.725
8.598 76.473 295.725
8.595 76.469 295.725
8.593 76.466 295.725
8.589 76.461 295.725
8.586 76.456 295.725
8.579 76.447 295.725
8.578 76.444 295.725
8.575 76.439 295.725
8.573 76.436 295.725
8.571 76.432 295.725
8.569 76.428 295.725
8.566 76.424 295.725
8.565 76.421 295.725
8.563 76.418 295.725
8.561 76.415 295.725
8.560 76.412 295.725
8.551 76.401 295.725
8.549 76.398 295.725
8.545 76.393 295.725
8.542 76.389 295.725
8.536 76.381 295.725
8.532 76.376 295.725
8.530 76.372 295.725
8.528 76.370 295.725
8.524 76.366 295.725
8.515 76.357 295.725
8.511 76.353 295.725
8.508 76.350 295.725
8.505 76.347 295.725
8.500 76.342 295.725
8.496 76.339 295.725
8.466 76.308 295.725
8.462 76.303 295.725
8.460 76.300 295.725
8.456 76.295 295.725
8.440 76.278 295.725
8.416 76.251 295.725
8.386 76.217 295.725
8.381 76.211 295.725
8.372 76.201 295.725
8.369 76.197 295.725
8.360 76.187 295.725
8.356 76.184 295.725
8.354 76.182 295.725
8.351 76.179 295.725
8.347 76.175 295.725
8.344 76.173 295.725
8.342 76.171 295.725
8.339 76.169 295.725
8.336 76.166 295.725
8.332 76.163 295.725
8.330 76.161 295.725
8.327 76.159 295.725
8.324 76.156 295.725
8.322 76.154 295.725
8.320 76.152 295.725
8.258 76.082 295.725
8.241 76.064 295.725
8.234 76.056 295.725
8.228 76.049 295.725
8.204 76.027 295.725
8.189 76.014 295.725
8.154 75.985 295.725
8.131 75.966 295.725
8.111 75.950 295.725
8.097 75.939 295.725
8.068 75.916 295.725
8.061 75.911 295.725
8.055 75.907 295.725
8.040 75.897 295.725
8.026 75.889 295.725
8.021 75.886 295.725
8.018 75.884 295.725
8.014 75.882 295.725
8.010 75.879 295.725
8.004 75.875 295.725
8.001 75.873 295.725
7.991 75.865 295.725
7.986 75.861 295.725
7.981 75.858 295.725
7.970 75.849 295.725
7.962 75.844 295.725
7.951 75.835 295.725
7.945 75.831 295.725
7.934 75.822 295.725
7.930 75.819 295.725
7.921 75.812 295.725
7.914 75.807 295.725
7.909 75.804 295.725
7.898 75.796 295.725
7.894 75.793 295.725
7.880 75.782 295.725
7.873 75.776 295.725
7.870 75.774 295.725
7.863 75.768 295.725
7.856 75.763 295.725
7.852 75.760 295.725
7.848 75.757 295.725
7.843 75.752 295.725
7.812 75.722 295.725
7.805 75.713 295.725
7.800 75.708 295.725
7.798 75.706 295.725
7.794 75.704 295.725
7.782 75.695 295.725
7.774 75.691 295.725
7.767 75.687 295.725
7.764 75.685 295.725
7.751 75.677 295.725
7.745 75.674 295.725
7.741 75.671 295.725
7.734 75.667 295.725
7.727 75.662 295.725
7.721 75.659 295.725
7.709 75.650 295.725
7.704 75.647 295.725
7.701 75.645 295.725
7.692 75.638 295.725
7.674 75.627 295.725
7.664 75.621 295.725
7.661 75.619 295.725
7.651 75.613 295.725
7.647 75.610 295.725
7.639 75.604 295.725
7.617 75.587 295.725
7.608 75.580 295.725
7.600 75.574 295.725
7.566 75.545 295.725
7.562 75.540 295.725
7.559 75.536 295.725
7.557 75.534 295.725
7.556 75.531 295.725
7.553 75.527 295.725
7.551 75.524 295.725
7.549 75.522 295.725
7.548 75.519 295.725
7.544 75.515 295.725
7.539 75.510 295.725
7.532 75.509 295.725
7.529 75.509 295.725
