5.281 88.448 286.888
5.299 88.448 286.888
5.300 88.451 286.888
5.301 88.456 286.888
5.304 88.463 286.888
5.304 88.467 286.888
5.306 88.473 286.888
5.309 88.480 286.888
5.314 88.492 286.888
5.321 88.505 286.888
5.331 88.531 286.888
5.332 88.536 286.888
5.334 88.541 286.888
5.345 88.562 286.888
5.353 88.581 286.888
5.355 88.587 286.888
5.366 88.610 286.888
5.387 88.647 286.888
5.406 88.675 286.888
5.414 88.686 286.888
5.419 88.694 286.888
5.425 88.702 286.888
5.428 88.707 286.888
5.431 88.711 286.888
5.433 88.714 286.888
5.447 88.736 286.888
5.453 88.744 286.888
5.457 88.751 286.888
5.470 88.779 286.888
5.486 88.818 286.888
5.491 88.828 286.888
5.506 88.866 286.888
5.515 88.890 286.888
5.523 88.910 286.888
5.524 88.916 286.888
5.524 88.921 286.888
5.525 88.931 286.888
5.528 88.943 286.888
5.542 88.983 286.888
5.556 89.021 286.888
5.562 89.038 286.888
5.568 89.055 286.888
5.578 89.080 286.888
5.581 89.092 286.888
5.580 89.097 286.888
5.582 89.107 286.888
5.586 89.119 286.888
5.586 89.123 286.888
5.588 89.131 286.888
5.592 89.146 286.888
5.593 89.152 286.888
5.595 89.160 286.888
5.601 89.181 286.888
5.602 89.186 286.888
5.604 89.192 286.888
5.607 89.205 286.888
5.607 89.208 286.888
5.609 89.213 286.888
5.612 89.222 286.888
5.613 89.227 286.888
5.614 89.231 286.888
5.622 89.257 286.888
5.623 89.264 286.888
5.624 89.269 286.888
5.628 89.281 286.888
5.629 89.284 286.888
5.630 89.288 286.888
5.631 89.291 286.888
5.633 89.297 286.888
5.634 89.303 286.888
5.635 89.306 286.888
5.650 89.348 286.888
5.653 89.355 286.888
5.660 89.372 286.888
5.676 89.410 286.888
5.683 89.426 286.888
5.687 89.438 286.888
5.689 89.444 286.888
5.699 89.482 286.888
5.705 89.489 286.888
5.715 89.509 286.888
5.718 89.517 286.888
5.719 89.522 286.888
5.723 89.533 286.888
5.725 89.539 286.888
5.737 89.568 286.888
5.745 89.587 286.888
5.759 89.622 286.888
5.772 89.654 286.888
5.771 89.657 286.888
5.773 89.663 286.888
5.773 89.671 286.888
5.776 89.681 286.888
5.794 89.723 286.888
5.796 89.732 286.888
5.795 89.739 286.888
5.798 89.746 286.888
5.799 89.749 286.888
5.799 89.755 286.888
5.801 89.762 286.888
5.803 89.770 286.888
5.803 89.775 286.888
5.806 89.782 286.888
5.808 89.794 286.888
5.812 89.808 286.888
5.813 89.813 286.888
5.818 89.829 286.888
5.820 89.835 286.888
5.827 89.855 286.888
5.828 89.862 286.888
5.831 89.870 286.888
5.832 89.873 286.888
5.834 89.879 286.888
5.835 89.886 286.888
5.837 89.892 286.888
5.838 89.898 286.888
5.840 89.908 286.888
5.839 89.914 286.888
5.839 89.918 286.888
5.840 89.922 286.888
5.839 89.927 286.888
5.836 89.930 286.888
5.839 89.939 286.888
5.841 89.944 286.888
5.839 89.950 286.888
5.839 89.954 286.888
5.838 89.960 286.888
5.841 89.967 286.888
5.841 89.971 286.888
5.837 89.976 286.888
5.841 89.992 286.888
5.842 89.996 286.888
5.840 89.999 286.888
5.838 90.003 286.888
5.840 90.008 286.888
5.841 90.016 286.888
5.842 90.022 286.888
5.842 90.027 286.888
5.843 90.030 286.888
5.843 90.034 286.888
5.842 90.038 286.888
5.843 90.041 286.888
5.844 90.047 286.888
5.844 90.055 286.888
5.845 90.058 286.888
5.842 90.063 286.888
5.843 90.069 286.888
5.844 90.073 286.888
5.848 90.084 286.888
5.845 90.087 286.888
5.849 90.095 286.888
5.851 90.103 286.888
5.853 90.112 286.888
5.851 90.116 286.888
5.853 90.123 286.888
5.855 90.132 286.888
5.856 90.136 286.888
5.855 90.141 286.888
5.856 90.146 286.888
5.857 90.149 286.888
5.859 90.154 286.888
5.861 90.160 286.888
5.860 90.165 286.888
5.866 90.176 286.888
5.867 90.186 286.888
5.869 90.194 286.888
5.869 90.199 286.888
5.877 90.215 286.888
5.876 90.223 286.888
5.888 90.246 286.888
5.891 90.256 286.888
5.890 90.262 286.888
5.897 90.274 286.888
5.903 90.287 286.888
5.909 90.298 286.888
5.908 90.301 286.888
5.914 90.312 286.888
5.925 90.329 286.888
5.928 90.337 286.888
5.936 90.352 286.888
5.936 90.356 286.888
5.941 90.365 286.888
5.949 90.377 286.888
5.952 90.387 286.888
5.961 90.400 286.888
5.963 90.408 286.888
5.966 90.415 286.888
5.974 90.426 286.888
5.975 90.429 286.888
5.982 90.446 286.888
5.986 90.452 286.888
5.989 90.456 286.888
6.007 90.485 286.888
6.016 90.495 286.888
6.026 90.506 286.888
6.031 90.514 286.888
6.032 90.517 286.888
6.039 90.526 286.888
6.044 90.532 286.888
6.051 90.544 286.888
6.052 90.547 286.888
6.053 90.550 286.888
6.058 90.559 286.888
6.087 90.594 286.888
6.092 90.598 286.888
6.096 90.601 286.888
6.101 90.603 286.888
6.112 90.609 286.888
6.118 90.613 286.888
6.123 90.618 286.888
6.133 90.630 286.888
6.141 90.640 286.888
6.157 90.658 286.888
6.179 90.686 286.888
6.182 90.692 286.888
6.189 90.699 286.888
6.196 90.711 286.888
6.202 90.712 286.888
6.207 90.716 286.888
6.209 90.720 286.888
6.218 90.734 286.888
6.227 90.741 286.888
6.244 90.762 286.888
6.251 90.767 286.888
6.254 90.770 286.888
6.261 90.779 286.888
6.265 90.787 286.888
6.267 90.789 286.888
6.276 90.807 286.888
6.281 90.818 286.888
6.284 90.824 286.888
6.288 90.834 286.888
6.291 90.840 286.888
6.295 90.843 286.888
6.298 90.846 286.888
6.301 90.852 286.888
6.306 90.862 286.888
6.310 90.865 286.888
6.313 90.868 286.888
6.317 90.872 286.888
6.322 90.880 286.888
6.324 90.884 286.888
6.327 90.890 286.888
6.330 90.891 286.888
6.333 90.894 286.888
6.335 90.898 286.888
6.341 90.907 286.888
6.344 90.912 286.888
6.347 90.917 286.888
6.349 90.919 286.888
6.352 90.925 286.888
6.356 90.932 286.888
6.358 90.936 286.888
6.362 90.944 286.888
6.369 90.960 286.888
6.372 90.965 286.888
6.379 90.980 286.888
6.387 90.998 286.888
6.391 91.011 286.888
6.392 91.015 286.888
6.393 91.020 286.888
6.394 91.025 286.888
6.395 91.029 286.888
6.397 91.036 286.888
6.400 91.048 286.888
6.401 91.052 286.888
6.401 91.056 286.888
6.402 91.060 286.888
6.403 91.066 286.888
6.405 91.074 286.888
6.411 91.094 286.888
6.420 91.121 286.888
6.427 91.142 286.888
6.429 91.146 286.888
6.431 91.150 286.888
6.433 91.155 286.888
6.435 91.159 286.888
6.437 91.164 286.888
6.439 91.168 286.888
6.441 91.173 286.888
6.443 91.177 286.888
6.445 91.181 286.888
6.447 91.185 286.888
6.449 91.189 286.888
6.453 91.198 286.888
6.455 91.203 286.888
6.458 91.209 286.888
6.461 91.216 286.888
6.463 91.220 286.888
6.465 91.224 286.888
6.469 91.234 286.888
6.471 91.238 286.888
6.474 91.244 286.888
6.476 91.249 286.888
6.478 91.254 286.888
6.480 91.257 286.888
6.482 91.262 286.888
6.485 91.268 286.888
6.487 91.273 286.888
6.489 91.276 286.888
6.492 91.283 286.888
6.494 91.287 286.888
6.497 91.293 286.888
6.499 91.297 286.888
6.501 91.302 286.888
6.503 91.305 286.888
6.506 91.312 286.888
6.511 91.324 286.888
6.513 91.328 286.888
6.516 91.334 286.888
6.519 91.341 286.888
6.524 91.352 286.888
6.526 91.356 286.888
6.530 91.367 286.888
6.531 91.371 286.888
6.534 91.380 286.888
6.539 91.394 286.888
6.545 91.410 286.888
6.554 91.434 286.888
6.560 91.451 286.888
6.565 91.464 286.888
6.569 91.476 286.888
6.570 91.479 286.888
6.576 91.496 286.888
6.587 91.524 286.888
6.592 91.536 286.888
6.594 91.539 286.888
6.606 91.567 286.888
6.616 91.597 286.888
6.627 91.638 286.888
6.632 91.653 286.888
6.635 91.663 286.888
6.642 91.684 286.888
6.654 91.722 286.888
6.658 91.734 286.888
6.665 91.756 286.888
6.668 91.763 286.888
6.679 91.797 286.888
6.682 91.806 286.888
6.685 91.815 286.888
6.692 91.837 286.888
6.700 91.860 286.888
6.710 91.890 286.888
6.711 91.893 286.888
6.716 91.908 286.888
6.723 91.928 286.888
6.727 91.939 286.888
6.729 91.950 286.888
6.732 91.965 286.888
6.732 91.973 286.888
6.733 91.977 286.888
6.739 92.001 286.888
6.743 92.020 286.888
6.745 92.035 286.888
6.755 92.078 286.888
6.757 92.081 286.888
6.759 92.085 286.888
6.763 92.097 286.888
6.764 92.100 286.888
6.767 92.105 286.888
6.776 92.128 286.888
6.780 92.136 286.888
6.784 92.141 286.888
6.786 92.146 286.888
6.790 92.156 286.888
6.795 92.164 286.888
6.804 92.188 286.888
6.807 92.198 286.888
6.808 92.207 286.888
6.809 92.212 286.888
6.809 92.215 286.888
6.810 92.220 286.888
6.810 92.223 286.888
6.810 92.227 286.888
6.810 92.233 286.888
6.811 92.237 286.888
6.812 92.244 286.888
6.813 92.250 286.888
6.813 92.253 286.888
6.815 92.262 286.888
6.816 92.271 286.888
6.816 92.279 286.888
6.818 92.286 286.888
6.817 92.292 286.888
6.817 92.295 286.888
6.816 92.301 286.888
6.817 92.308 286.888
6.816 92.313 286.888
6.818 92.320 286.888
6.817 92.323 286.888
6.816 92.332 286.888
6.816 92.342 286.888
6.815 92.346 286.888
6.815 92.351 286.888
6.815 92.358 286.888
6.815 92.371 286.888
6.816 92.379 286.888
6.818 92.390 286.888
6.825 92.414 286.888
6.834 92.435 286.888
6.838 92.452 286.888
6.844 92.474 286.888
6.846 92.477 286.888
6.847 92.481 286.888
6.849 92.486 286.888
6.851 92.495 286.888
6.853 92.503 286.888
6.857 92.521 286.888
6.858 92.525 286.888
6.860 92.534 286.888
6.863 92.547 286.888
6.868 92.568 286.888
6.878 92.605 286.888
6.882 92.614 286.888
6.883 92.618 286.888
6.886 92.623 286.888
6.887 92.627 286.888
6.889 92.632 286.888
6.891 92.640 286.888
6.892 92.643 286.888
6.895 92.644 286.888
6.898 92.651 286.888
6.900 92.657 286.888
6.901 92.661 286.888
6.902 92.664 286.888
6.904 92.670 286.888
6.910 92.681 286.888
6.911 92.684 286.888
6.915 92.692 286.888
6.918 92.701 286.888
6.922 92.706 286.888
6.928 92.721 286.888
6.930 92.725 286.888
6.932 92.730 286.888
6.935 92.737 286.888
6.937 92.743 286.888
6.939 92.748 286.888
6.942 92.755 286.888
6.943 92.758 286.888
6.945 92.762 286.888
6.949 92.773 286.888
6.951 92.778 286.888
6.954 92.786 286.888
6.957 92.792 286.888
6.960 92.800 286.888
6.961 92.803 286.888
6.962 92.806 286.888
6.964 92.811 286.888
6.965 92.814 286.888
6.967 92.820 286.888
6.968 92.824 286.888
6.970 92.831 286.888
6.974 92.846 286.888
6.975 92.851 286.888
6.979 92.865 286.888
6.979 92.868 286.888
6.981 92.876 286.888
6.983 92.885 286.888
6.983 92.890 286.888
6.984 92.893 286.888
6.984 92.898 286.888
6.985 92.902 286.888
6.986 92.913 286.888
6.996 92.952 286.888
7.002 92.963 286.888
7.011 92.980 286.888
7.013 92.982 286.888
7.017 92.989 286.888
7.026 93.008 286.888
7.030 93.019 286.888
7.033 93.027 286.888
7.036 93.033 286.888
7.039 93.040 286.888
7.040 93.043 286.888
7.044 93.055 286.888
7.047 93.061 286.888
7.049 93.066 286.888
7.051 93.071 286.888
7.053 93.075 286.888
7.055 93.080 286.888
7.059 93.089 286.888
7.060 93.092 286.888
7.066 93.108 286.888
7.070 93.120 286.888
7.073 93.127 286.888
7.078 93.138 286.888
7.081 93.146 286.888
7.085 93.157 286.888
7.090 93.171 286.888
7.097 93.192 286.888
7.100 93.199 286.888
7.106 93.217 286.888
7.118 93.249 286.888
7.124 93.267 286.888
7.128 93.279 286.888
7.131 93.282 286.888
7.134 93.291 286.888
7.142 93.314 286.888
7.147 93.330 286.888
7.152 93.348 286.888
7.157 93.364 286.888
7.159 93.374 286.888
7.162 93.385 286.888
7.167 93.402 286.888
7.171 93.421 286.888
7.175 93.436 286.888
7.182 93.463 286.888
7.183 93.473 286.888
7.187 93.487 286.888
7.188 93.492 286.888
7.189 93.495 286.888
7.190 93.500 286.888
7.192 93.509 286.888
7.193 93.513 286.888
7.193 93.518 286.888
7.193 93.522 286.888
7.195 93.531 286.888
7.197 93.543 286.888
7.198 93.547 286.888
7.197 93.552 286.888
7.198 93.555 286.888
7.199 93.562 286.888
7.197 93.564 286.888
7.201 93.576 286.888
7.203 93.584 286.888
7.206 93.592 286.888
7.210 93.604 286.888
7.218 93.624 286.888
7.236 93.663 286.888
7.239 93.670 286.888
7.242 93.677 286.888
7.247 93.689 286.888
7.256 93.713 286.888
7.260 93.725 286.888
7.259 93.729 286.888
7.260 93.732 286.888
7.264 93.744 286.888
7.270 93.761 286.888
7.272 93.769 286.888
7.274 93.775 286.888
7.276 93.785 286.888
7.276 93.788 286.888
7.279 93.797 286.888
7.283 93.808 286.888
7.283 93.813 286.888
7.286 93.820 286.888
7.289 93.829 286.888
7.291 93.835 286.888
7.292 93.840 286.888
7.295 93.851 286.888
7.301 93.866 286.888
7.306 93.879 286.888
7.321 93.918 286.888
7.324 93.924 286.888
7.328 93.931 286.888
7.334 93.939 286.888
7.340 93.947 286.888
7.352 93.966 286.888
7.354 93.971 286.888
7.356 93.975 286.888
7.359 93.983 286.888
7.361 93.988 286.888
7.363 93.991 286.888
7.366 93.999 286.888
7.369 94.005 286.888
7.371 94.011 286.888
7.373 94.016 286.888
7.376 94.024 286.888
7.379 94.031 286.888
7.379 94.037 286.888
7.380 94.043 286.888
7.383 94.052 286.888
7.388 94.068 286.888
7.393 94.085 286.888
7.393 94.088 286.888
7.395 94.097 286.888
7.396 94.101 286.888
7.399 94.110 286.888
7.399 94.113 286.888
7.402 94.121 286.888
7.403 94.125 286.888
7.416 94.165 286.888
7.421 94.176 286.888
7.425 94.186 286.888
7.427 94.188 286.888
7.435 94.204 286.888
7.437 94.208 286.888
7.440 94.212 286.888
7.450 94.238 286.888
7.455 94.244 286.888
7.461 94.258 286.888
7.463 94.260 286.888
7.468 94.273 286.888
7.471 94.277 286.888
7.477 94.294 286.888
7.480 94.297 286.888
7.486 94.314 286.888
7.488 94.319 286.888
7.492 94.327 286.888
7.493 94.330 286.888
7.495 94.333 286.888
7.496 94.336 286.888
7.498 94.338 286.888
7.501 94.347 286.888
7.504 94.350 286.888
7.506 94.352 286.888
7.508 94.356 286.888
7.511 94.362 286.888
7.513 94.366 286.888
7.516 94.371 286.888
7.523 94.385 286.888
7.525 94.391 286.888
7.527 94.393 286.888
7.528 94.396 286.888
7.530 94.398 286.888
7.531 94.401 286.888
7.532 94.404 286.888
7.534 94.406 286.888
7.536 94.411 286.888
7.539 94.416 286.888
7.542 94.425 286.888
7.543 94.428 286.888
7.546 94.436 286.888
7.549 94.443 286.888
7.552 94.451 286.888
7.554 94.457 286.888
7.559 94.472 286.888
7.561 94.478 286.888
7.562 94.481 286.888
7.565 94.489 286.888
7.569 94.500 286.888
7.573 94.512 286.888
7.585 94.549 286.888
7.587 94.556 286.888
7.590 94.568 286.888
7.590 94.571 286.888
7.590 94.574 286.888
7.592 94.584 286.888
7.597 94.600 286.888
7.606 94.628 286.888
7.611 94.644 286.888
7.614 94.656 286.888
7.621 94.679 286.888
7.629 94.710 286.888
7.633 94.725 286.888
7.634 94.729 286.888
7.634 94.732 286.888
7.635 94.737 286.888
7.635 94.742 286.888
7.636 94.747 286.888
7.637 94.753 286.888
7.638 94.757 286.888
7.638 94.760 286.888
7.639 94.764 286.888
7.640 94.769 286.888
7.641 94.774 286.888
7.642 94.782 286.888
7.644 94.791 286.888
7.644 94.794 286.888
7.652 94.837 286.888
7.653 94.840 286.888
7.655 94.843 286.888
7.656 94.846 286.888
7.658 94.850 286.888
7.661 94.856 286.888
7.662 94.859 286.888
7.664 94.864 286.888
7.667 94.868 286.888
7.672 94.879 286.888
7.673 94.882 286.888
7.675 94.885 286.888
7.677 94.891 286.888
7.679 94.893 286.888
7.681 94.897 286.888
7.684 94.905 286.888
7.686 94.907 286.888
7.688 94.914 286.888
7.688 94.917 286.888
7.689 94.921 286.888
7.690 94.924 286.888
7.691 94.929 286.888
7.692 94.933 286.888
7.693 94.938 286.888
7.694 94.943 286.888
7.695 94.949 286.888
7.697 94.955 286.888
7.698 94.960 286.888
7.698 94.963 286.888
7.698 94.968 286.888
7.699 94.972 286.888
7.700 94.976 286.888
7.701 94.981 286.888
7.702 94.984 286.888
7.714 95.022 286.888
7.724 95.051 286.888
7.726 95.055 286.888
7.731 95.065 286.888
7.734 95.073 286.888
7.736 95.076 286.888
7.738 95.079 286.888
7.747 95.098 286.888
7.755 95.115 286.888
7.758 95.122 286.888
7.760 95.125 286.888
7.761 95.128 286.888
7.762 95.131 286.888
7.764 95.133 286.888
7.767 95.141 286.888
7.773 95.160 286.888
7.775 95.169 286.888
7.779 95.183 286.888
7.781 95.190 286.888
7.783 95.197 286.888
7.786 95.207 286.888
7.790 95.220 286.888
7.794 95.235 286.888
7.802 95.261 286.888
7.808 95.283 286.888
7.815 95.306 286.888
7.819 95.319 286.888
7.824 95.335 286.888
7.832 95.359 286.888
7.840 95.382 286.888
7.851 95.416 286.888
7.852 95.419 286.888
7.853 95.422 286.888
7.855 95.425 286.888
7.859 95.436 286.888
7.861 95.440 286.888
7.865 95.450 286.888
7.868 95.458 286.888
7.871 95.467 286.888
7.873 95.469 286.888
7.874 95.472 286.888
7.876 95.477 286.888
7.881 95.489 286.888
7.882 95.492 286.888
7.883 95.495 286.888
7.884 95.498 286.888
7.886 95.500 286.888
7.885 95.503 286.888
