13.066 95.058 297.290
13.076 95.044 297.290
13.079 95.039 297.290
13.081 95.036 297.290
13.107 95.000 297.290
13.113 94.992 297.290
13.121 94.982 297.290
13.126 94.976 297.290
13.130 94.972 297.290
13.134 94.967 297.290
13.145 94.952 297.290
13.153 94.941 297.290
13.165 94.924 297.290
13.183 94.897 297.290
13.208 94.859 297.290
13.225 94.833 297.290
13.229 94.826 297.290
13.232 94.820 297.290
13.248 94.783 297.290
13.258 94.758 297.290
13.266 94.739 297.290
13.268 94.735 297.290
13.274 94.721 297.290
13.281 94.704 297.290
13.287 94.689 297.290
13.298 94.662 297.290
13.307 94.641 297.290
13.317 94.616 297.290
13.334 94.574 297.290
13.341 94.557 297.290
13.342 94.554 297.290
13.347 94.539 297.290
13.348 94.533 297.290
13.349 94.529 297.290
13.350 94.526 297.290
13.352 94.518 297.290
13.366 94.476 297.290
13.369 94.469 297.290
13.371 94.464 297.290
13.373 94.460 297.290
13.378 94.452 297.290
13.380 94.447 297.290
13.383 94.442 297.290
13.385 94.439 297.290
13.392 94.424 297.290
13.396 94.417 297.290
13.399 94.411 297.290
13.403 94.403 297.290
13.407 94.395 297.290
13.411 94.388 297.290
13.412 94.384 297.290
13.414 94.378 297.290
13.416 94.369 297.290
13.432 94.327 297.290
13.434 94.324 297.290
13.438 94.314 297.290
13.440 94.312 297.290
13.450 94.291 297.290
13.466 94.252 297.290
13.472 94.238 297.290
13.482 94.200 297.290
13.482 94.197 297.290
13.484 94.187 297.290
13.485 94.180 297.290
13.489 94.161 297.290
13.490 94.152 297.290
13.491 94.146 297.290
13.490 94.139 297.290
13.491 94.129 297.290
13.493 94.116 297.290
13.494 94.100 297.290
13.493 94.095 297.290
13.495 94.080 297.290
13.496 94.069 297.290
13.496 94.063 297.290
13.496 94.059 297.290
13.496 94.053 297.290
13.502 94.016 297.290
13.505 94.008 297.290
13.506 94.004 297.290
13.508 94.002 297.290
13.510 93.996 297.290
13.514 93.987 297.290
13.516 93.979 297.290
13.518 93.976 297.290
13.519 93.973 297.290
13.520 93.969 297.290
13.523 93.963 297.290
13.526 93.956 297.290
13.527 93.952 297.290
13.530 93.947 297.290
13.531 93.944 297.290
13.533 93.939 297.290
13.534 93.936 297.290
13.535 93.933 297.290
13.536 93.929 297.290
13.538 93.924 297.290
13.541 93.919 297.290
13.545 93.906 297.290
13.546 93.902 297.290
13.548 93.897 297.290
13.552 93.883 297.290
13.554 93.880 297.290
13.559 93.868 297.290
13.559 93.865 297.290
13.566 93.825 297.290
13.574 93.785 297.290
13.578 93.762 297.290
13.579 93.754 297.290
13.581 93.738 297.290
13.589 93.696 297.290
13.591 93.682 297.290
13.590 93.673 297.290
13.593 93.628 297.290
13.597 93.595 297.290
13.598 93.592 297.290
13.602 93.572 297.290
13.604 93.561 297.290
13.609 93.526 297.290
13.610 93.520 297.290
13.614 93.490 297.290
13.617 93.479 297.290
13.623 93.436 297.290
13.627 93.422 297.290
13.633 93.391 297.290
13.635 93.380 297.290
13.639 93.353 297.290
13.640 93.347 297.290
13.642 93.336 297.290
13.644 93.331 297.290
13.646 93.320 297.290
13.646 93.317 297.290
13.645 93.314 297.290
13.645 93.311 297.290
13.650 93.274 297.290
13.651 93.265 297.290
13.651 93.260 297.290
13.654 93.237 297.290
13.655 93.223 297.290
13.655 93.212 297.290
13.655 93.186 297.290
13.658 93.162 297.290
13.659 93.154 297.290
13.660 93.148 297.290
13.664 93.109 297.290
13.665 93.106 297.290
13.666 93.098 297.290
13.668 93.089 297.290
13.671 93.072 297.290
13.674 93.047 297.290
13.675 93.044 297.290
13.676 93.036 297.290
13.678 93.025 297.290
13.680 93.019 297.290
13.681 93.012 297.290
13.682 93.004 297.290
13.683 92.998 297.290
13.686 92.978 297.290
13.688 92.972 297.290
13.691 92.953 297.290
13.695 92.933 297.290
13.697 92.919 297.290
13.704 92.879 297.290
13.706 92.867 297.290
13.710 92.841 297.290
13.712 92.798 297.290
13.713 92.786 297.290
13.716 92.750 297.290
13.717 92.728 297.290
13.716 92.718 297.290
13.715 92.706 297.290
13.714 92.703 297.290
13.713 92.692 297.290
13.712 92.683 297.290
13.711 92.678 297.290
13.710 92.669 297.290
13.709 92.654 297.290
13.707 92.611 297.290
13.707 92.600 297.290
13.708 92.596 297.290
13.709 92.583 297.290
13.710 92.563 297.290
13.711 92.559 297.290
13.711 92.554 297.290
13.711 92.550 297.290
13.711 92.544 297.290
13.711 92.541 297.290
13.711 92.536 297.290
13.711 92.532 297.290
13.711 92.528 297.290
13.712 92.524 297.290
13.712 92.516 297.290
13.712 92.513 297.290
13.712 92.509 297.290
13.712 92.501 297.290
13.712 92.496 297.290
13.712 92.489 297.290
13.712 92.486 297.290
13.712 92.478 297.290
13.712 92.469 297.290
13.711 92.426 297.290
13.711 92.423 297.290
13.711 92.420 297.290
13.711 92.416 297.290
13.711 92.413 297.290
13.711 92.409 297.290
13.711 92.404 297.290
13.711 92.401 297.290
13.711 92.398 297.290
13.711 92.395 297.290
13.710 92.352 297.290
13.711 92.343 297.290
13.711 92.340 297.290
13.711 92.337 297.290
13.711 92.328 297.290
13.711 92.324 297.290
13.711 92.321 297.290
13.712 92.318 297.290
13.712 92.290 297.290
13.712 92.282 297.290
13.712 92.279 297.290
13.711 92.265 297.290
13.710 92.254 297.290
13.706 92.214 297.290
13.705 92.202 297.290
13.705 92.199 297.290
13.704 92.186 297.290
13.703 92.172 297.290
13.702 92.159 297.290
13.702 92.156 297.290
13.701 92.144 297.290
13.699 92.124 297.290
13.698 92.116 297.290
13.696 92.103 297.290
13.695 92.099 297.290
13.692 92.081 297.290
13.690 92.079 297.290
13.688 92.067 297.290
13.685 92.056 297.290
13.683 92.043 297.290
13.682 92.040 297.290
13.678 92.026 297.290
13.675 92.006 297.290
13.672 91.993 297.290
13.668 91.963 297.290
13.666 91.952 297.290
13.665 91.948 297.290
13.662 91.935 297.290
13.659 91.924 297.290
13.657 91.921 297.290
13.655 91.915 297.290
13.654 91.912 297.290
13.652 91.904 297.290
13.649 91.899 297.290
13.646 91.890 297.290
13.644 91.880 297.290
13.642 91.872 297.290
13.633 91.830 297.290
13.631 91.814 297.290
13.629 91.796 297.290
13.630 91.792 297.290
13.630 91.777 297.290
13.629 91.766 297.290
13.629 91.758 297.290
13.630 91.753 297.290
13.630 91.745 297.290
13.630 91.738 297.290
13.631 91.733 297.290
13.632 91.729 297.290
13.633 91.726 297.290
13.634 91.723 297.290
13.635 91.720 297.290
13.636 91.717 297.290
13.636 91.714 297.290
13.638 91.711 297.290
13.639 91.708 297.290
13.639 91.705 297.290
13.641 91.703 297.290
13.641 91.692 297.290
13.640 91.684 297.290
13.641 91.681 297.290
13.640 91.673 297.290
13.635 91.633 297.290
13.635 91.629 297.290
13.633 91.619 297.290
13.632 91.616 297.290
13.629 91.607 297.290
13.625 91.596 297.290
13.622 91.588 297.290
13.616 91.568 297.290
13.605 91.532 297.290
13.597 91.504 297.290
13.593 91.487 297.290
13.590 91.477 297.290
13.587 91.468 297.290
13.576 91.436 297.290
13.563 91.401 297.290
13.554 91.375 297.290
13.545 91.349 297.290
13.539 91.331 297.290
13.535 91.320 297.290
13.532 91.313 297.290
13.529 91.306 297.290
13.526 91.302 297.290
13.524 91.299 297.290
13.522 91.297 297.290
13.520 91.295 297.290
13.515 91.287 297.290
13.513 91.283 297.290
13.510 91.279 297.290
13.503 91.268 297.290
13.490 91.249 297.290
13.470 91.216 297.290
13.468 91.212 297.290
13.466 91.207 297.290
13.464 91.202 297.290
13.459 91.192 297.290
13.457 91.188 297.290
13.455 91.184 297.290
13.451 91.175 297.290
13.448 91.168 297.290
13.444 91.160 297.290
13.440 91.152 297.290
13.438 91.145 297.290
13.432 91.133 297.290
13.431 91.130 297.290
13.429 91.125 297.290
13.427 91.119 297.290
13.424 91.112 297.290
13.423 91.109 297.290
13.421 91.104 297.290
13.415 91.090 297.290
13.414 91.087 297.290
13.413 91.084 297.290
13.412 91.079 297.290
13.411 91.074 297.290
13.410 91.069 297.290
13.408 91.062 297.290
13.407 91.057 297.290
13.404 91.050 297.290
13.404 91.046 297.290
13.403 91.042 297.290
13.402 91.038 297.290
13.400 91.033 297.290
13.400 91.030 297.290
13.399 91.025 297.290
13.398 91.022 297.290
13.397 91.016 297.290
13.396 91.013 297.290
13.395 91.010 297.290
13.394 91.005 297.290
13.393 91.000 297.290
13.392 90.996 297.290
13.391 90.992 297.290
13.390 90.989 297.290
13.390 90.986 297.290
13.390 90.983 297.290
13.389 90.980 297.290
13.389 90.977 297.290
13.389 90.974 297.290
13.388 90.971 297.290
13.388 90.967 297.290
13.388 90.963 297.290
13.387 90.957 297.290
13.387 90.954 297.290
13.386 90.950 297.290
13.386 90.947 297.290
13.385 90.942 297.290
13.384 90.931 297.290
13.383 90.925 297.290
13.379 90.913 297.290
13.378 90.909 297.290
13.369 90.895 297.290
13.361 90.882 297.290
13.341 90.845 297.290
13.340 90.842 297.290
13.338 90.836 297.290
13.336 90.832 297.290
13.335 90.827 297.290
13.333 90.823 297.290
13.332 90.818 297.290
13.330 90.813 297.290
13.330 90.810 297.290
13.327 90.802 297.290
13.325 90.796 297.290
13.324 90.793 297.290
13.323 90.790 297.290
13.318 90.780 297.290
13.315 90.777 297.290
13.313 90.775 297.290
13.311 90.772 297.290
13.309 90.770 297.290
13.305 90.766 297.290
13.302 90.762 297.290
13.300 90.760 297.290
13.298 90.758 297.290
13.291 90.750 297.290
13.289 90.748 297.290
13.286 90.746 297.290
13.283 90.742 297.290
13.279 90.740 297.290
13.277 90.738 297.290
13.275 90.735 297.290
13.273 90.732 297.290
13.270 90.730 297.290
13.265 90.724 297.290
13.258 90.718 297.290
13.253 90.716 297.290
13.249 90.713 297.290
13.246 90.713 297.290
13.243 90.709 297.290
13.239 90.706 297.290
13.236 90.705 297.290
13.231 90.701 297.290
13.227 90.698 297.290
13.224 90.696 297.290
13.221 90.696 297.290
13.219 90.693 297.290
13.217 90.691 297.290
13.214 90.689 297.290
13.211 90.688 297.290
13.208 90.684 297.290
13.205 90.684 297.290
13.202 90.680 297.290
13.200 90.677 297.290
13.182 90.646 297.290
13.179 90.643 297.290
13.174 90.645 297.290
13.165 90.636 297.290
13.156 90.637 297.290
13.153 90.637 297.290
13.149 90.636 297.290
13.143 90.636 297.290
13.139 90.636 297.290
13.134 90.637 297.290
13.128 90.636 297.290
13.124 90.638 297.290
13.121 90.640 297.290
13.118 90.637 297.290
13.113 90.637 297.290
13.109 90.639 297.290
13.104 90.639 297.290
13.100 90.641 297.290
13.092 90.640 297.290
13.089 90.638 297.290
13.085 90.638 297.290
13.080 90.641 297.290
13.077 90.639 297.290
13.074 90.639 297.290
13.071 90.639 297.290
13.066 90.640 297.290
13.063 90.639 297.290
13.055 90.637 297.290
13.051 90.635 297.290
13.047 90.635 297.290
13.042 90.635 297.290
13.037 90.636 297.290
13.031 90.635 297.290
13.029 90.633 297.290
13.023 90.631 297.290
13.019 90.633 297.290
13.016 90.633 297.290
13.013 90.634 297.290
13.010 90.630 297.290
13.007 90.630 297.290
13.004 90.628 297.290
13.002 90.626 297.290
12.995 90.623 297.290
12.991 90.622 297.290
12.988 90.622 297.290
12.986 90.620 297.290
12.983 90.619 297.290
12.979 90.619 297.290
12.974 90.615 297.290
12.969 90.614 297.290
12.966 90.615 297.290
12.961 90.610 297.290
12.958 90.609 297.290
12.955 90.609 297.290
12.952 90.607 297.290
12.948 90.605 297.290
12.939 90.598 297.290
12.934 90.594 297.290
12.931 90.592 297.290
12.925 90.585 297.290
12.917 90.582 297.290
12.914 90.582 297.290
12.911 90.578 297.290
12.908 90.573 297.290
12.903 90.569 297.290
12.900 90.570 297.290
12.897 90.566 297.290
12.892 90.565 297.290
12.888 90.560 297.290
12.884 90.558 297.290
12.881 90.558 297.290
12.879 90.556 297.290
12.875 90.556 297.290
12.871 90.555 297.290
12.866 90.550 297.290
12.862 90.548 297.290
12.858 90.547 297.290
12.855 90.550 297.290
12.849 90.551 297.290
12.839 90.545 297.290
12.834 90.543 297.290
12.830 90.541 297.290
12.821 90.536 297.290
12.817 90.535 297.290
12.813 90.532 297.290
12.803 90.523 297.290
12.795 90.519 297.290
12.791 90.516 297.290
12.782 90.509 297.290
12.778 90.508 297.290
12.767 90.501 297.290
12.761 90.498 297.290
12.750 90.493 297.290
12.744 90.488 297.290
12.734 90.482 297.290
12.721 90.475 297.290
12.708 90.469 297.290
12.702 90.467 297.290
12.698 90.467 297.290
12.694 90.466 297.290
12.688 90.462 297.290
12.681 90.457 297.290
12.677 90.458 297.290
12.673 90.454 297.290
12.671 90.452 297.290
12.666 90.451 297.290
12.659 90.445 297.290
12.640 90.427 297.290
12.635 90.423 297.290
12.630 90.420 297.290
12.618 90.412 297.290
12.604 90.401 297.290
12.598 90.401 297.290
12.590 90.395 297.290
12.584 90.389 297.290
12.580 90.386 297.290
12.573 90.384 297.290
12.563 90.375 297.290
12.559 90.372 297.290
12.554 90.369 297.290
12.545 90.363 297.290
12.535 90.356 297.290
12.526 90.350 297.290
12.522 90.348 297.290
12.514 90.344 297.290
12.510 90.339 297.290
12.492 90.315 297.290
12.483 90.306 297.290
12.477 90.298 297.290
12.475 90.296 297.290
12.468 90.290 297.290
12.462 90.283 297.290
12.459 90.280 297.290
12.454 90.275 297.290
12.439 90.251 297.290
12.423 90.224 297.290
12.415 90.206 297.290
12.412 90.202 297.290
12.408 90.194 297.290
12.404 90.188 297.290
12.400 90.181 297.290
12.387 90.159 297.290
12.383 90.149 297.290
12.382 90.146 297.290
12.373 90.130 297.290
12.368 90.124 297.290
12.363 90.119 297.290
12.365 90.116 297.290
12.358 90.107 297.290
12.357 90.104 297.290
12.353 90.098 297.290
12.345 90.090 297.290
12.340 90.083 297.290
12.335 90.077 297.290
12.333 90.074 297.290
12.326 90.066 297.290
12.321 90.060 297.290
12.308 90.048 297.290
12.309 90.044 297.290
12.307 90.041 297.290
12.303 90.034 297.290
12.301 90.032 297.290
12.297 90.025 297.290
12.294 90.021 297.290
12.291 90.018 297.290
12.289 90.016 297.290
12.288 90.013 297.290
12.285 90.005 297.290
12.283 90.001 297.290
12.281 89.999 297.290
12.280 89.996 297.290
12.278 89.994 297.290
12.276 89.991 297.290
12.273 89.986 297.290
12.270 89.980 297.290
12.261 89.968 297.290
12.255 89.961 297.290
12.257 89.958 297.290
12.256 89.955 297.290
12.253 89.947 297.290
12.251 89.942 297.290
12.249 89.940 297.290
12.248 89.937 297.290
12.246 89.934 297.290
12.245 89.930 297.290
12.244 89.927 297.290
12.240 89.921 297.290
12.240 89.916 297.290
12.236 89.903 297.290
12.233 89.899 297.290
12.233 89.895 297.290
12.229 89.888 297.290
12.227 89.884 297.290
12.226 89.879 297.290
12.222 89.874 297.290
12.219 89.868 297.290
12.220 89.865 297.290
12.219 89.862 297.290
12.219 89.858 297.290
12.221 89.855 297.290
12.220 89.849 297.290
12.221 89.846 297.290
12.220 89.843 297.290
12.216 89.837 297.290
12.213 89.833 297.290
12.212 89.829 297.290
12.210 89.825 297.290
12.208 89.821 297.290
12.206 89.817 297.290
12.203 89.813 297.290
12.201 89.809 297.290
12.199 89.804 297.290
12.197 89.801 297.290
12.194 89.797 297.290
12.189 89.789 297.290
12.183 89.779 297.290
12.180 89.775 297.290
12.179 89.772 297.290
12.178 89.769 297.290
12.175 89.765 297.290
12.174 89.762 297.290
12.176 89.760 297.290
12.174 89.754 297.290
12.172 89.750 297.290
12.169 89.745 297.290
12.170 89.738 297.290
12.168 89.734 297.290
12.166 89.730 297.290
12.163 89.726 297.290
12.165 89.724 297.290
12.165 89.720 297.290
12.160 89.713 297.290
12.158 89.709 297.290
12.159 89.705 297.290
12.159 89.701 297.290
12.159 89.698 297.290
12.157 89.693 297.290
12.156 89.688 297.290
12.156 89.685 297.290
12.153 89.681 297.290
12.155 89.678 297.290
12.154 89.675 297.290
12.154 89.670 297.290
12.153 89.667 297.290
12.151 89.662 297.290
12.153 89.655 297.290
12.147 89.647 297.290
12.129 89.624 297.290
12.122 89.615 297.290
12.116 89.606 297.290
12.114 89.603 297.290
12.112 89.599 297.290
12.110 89.596 297.290
12.109 89.592 297.290
12.106 89.587 297.290
12.105 89.584 297.290
12.103 89.579 297.290
12.100 89.574 297.290
12.100 89.571 297.290
12.098 89.568 297.290
12.097 89.564 297.290
12.095 89.560 297.290
12.093 89.555 297.290
12.091 89.549 297.290
12.088 89.542 297.290
12.087 89.539 297.290
12.086 89.536 297.290
12.084 89.532 297.290
12.082 89.528 297.290
12.080 89.524 297.290
12.077 89.519 297.290
12.065 89.500 297.290
12.054 89.483 297.290
12.049 89.476 297.290
12.022 89.440 297.290
12.021 89.436 297.290
12.017 89.430 297.290
12.017 89.427 297.290
12.015 89.423 297.290
12.013 89.418 297.290
12.012 89.415 297.290
12.010 89.411 297.290
12.008 89.407 297.290
12.007 89.404 297.290
12.006 89.400 297.290
12.004 89.397 297.290
12.003 89.394 297.290
12.000 89.389 297.290
11.998 89.385 297.290
11.995 89.380 297.290
11.996 89.377 297.290
11.990 89.368 297.290
11.991 89.365 297.290
11.987 89.358 297.290
11.985 89.355 297.290
11.979 89.341 297.290
11.977 89.338 297.290
11.973 89.327 297.290
11.968 89.318 297.290
11.966 89.314 297.290
11.966 89.311 297.290
11.965 89.308 297.290
11.964 89.304 297.290
11.966 89.302 297.290
11.965 89.299 297.290
11.965 89.295 297.290
11.964 89.290 297.290
11.964 89.285 297.290
11.963 89.282 297.290
11.963 89.278 297.290
11.959 89.271 297.290
11.957 89.268 297.290
11.954 89.262 297.290
11.951 89.257 297.290
11.949 89.254 297.290
11.947 89.250 297.290
11.944 89.245 297.290
11.942 89.242 297.290
11.940 89.238 297.290
11.937 89.233 297.290
11.934 89.228 297.290
11.932 89.224 297.290
11.931 89.221 297.290
11.929 89.218 297.290
11.929 89.215 297.290
11.927 89.212 297.290
11.926 89.209 297.290
11.924 89.206 297.290
11.924 89.203 297.290
11.922 89.199 297.290
11.921 89.195 297.290
11.920 89.190 297.290
11.919 89.187 297.290
11.916 89.181 297.290
11.915 89.178 297.290
11.914 89.175 297.290
11.913 89.172 297.290
11.910 89.166 297.290
11.910 89.163 297.290
11.907 89.158 297.290
11.907 89.155 297.290
11.905 89.150 297.290
11.903 89.146 297.290
11.902 89.142 297.290
11.901 89.139 297.290
11.900 89.136 297.290
11.899 89.132 297.290
11.898 89.128 297.290
11.897 89.125 297.290
11.896 89.122 297.290
11.895 89.118 297.290
11.894 89.115 297.290
11.892 89.112 297.290
11.892 89.109 297.290
11.891 89.106 297.290
11.890 89.103 297.290
11.889 89.099 297.290
11.888 89.096 297.290
11.887 89.093 297.290
11.886 89.088 297.290
11.885 89.084 297.290
11.884 89.081 297.290
11.883 89.077 297.290
11.883 89.074 297.290
11.881 89.069 297.290
11.880 89.065 297.290
11.879 89.059 297.290
11.878 89.055 297.290
11.878 89.051 297.290
11.877 89.048 297.290
11.876 89.044 297.290
11.875 89.041 297.290
11.875 89.038 297.290
11.873 89.033 297.290
11.872 89.028 297.290
11.872 89.025 297.290
11.870 89.019 297.290
11.869 89.015 297.290
11.869 89.012 297.290
11.868 89.009 297.290
11.867 89.005 297.290
11.866 89.000 297.290
11.865 88.994 297.290
11.864 88.989 297.290
11.863 88.983 297.290
11.862 88.980 297.290
11.861 88.976 297.290
11.859 88.971 297.290
11.857 88.964 297.290
11.853 88.954 297.290
11.855 88.952 297.290
11.852 88.947 297.290
11.853 88.944 297.290
11.851 88.937 297.290
11.848 88.932 297.290
11.849 88.929 297.290
11.847 88.924 297.290
11.845 88.916 297.290
11.841 88.908 297.290
11.839 88.904 297.290
11.840 88.901 297.290
11.839 88.897 297.290
11.839 88.894 297.290
11.839 88.891 297.290
11.837 88.885 297.290
11.839 88.883 297.290
11.838 88.879 297.290
11.839 88.876 297.290
11.837 88.870 297.290
11.840 88.868 297.290
11.838 88.864 297.290
11.840 88.862 297.290
11.841 88.858 297.290
11.840 88.855 297.290
11.839 88.852 297.290
11.838 88.847 297.290
11.840 88.845 297.290
11.840 88.841 297.290
11.843 88.839 297.290
11.841 88.826 297.290
11.842 88.823 297.290
11.841 88.820 297.290
11.840 88.807 297.290
11.840 88.802 297.290
11.839 88.799 297.290
11.837 88.792 297.290
11.832 88.783 297.290
11.834 88.771 297.290
11.832 88.767 297.290
11.833 88.763 297.290
11.828 88.754 297.290
11.830 88.748 297.290
11.826 88.738 297.290
11.824 88.735 297.290
11.826 88.733 297.290
11.826 88.728 297.290
11.827 88.723 297.290
11.825 88.713 297.290
11.822 88.707 297.290
11.819 88.702 297.290
11.817 88.693 297.290
11.817 88.690 297.290
11.810 88.678 297.290
11.809 88.675 297.290
11.809 88.672 297.290
11.808 88.669 297.290
11.801 88.655 297.290
11.801 88.652 297.290
11.796 88.642 297.290
11.796 88.638 297.290
11.794 88.635 297.290
11.794 88.632 297.290
11.792 88.629 297.290
11.794 88.627 297.290
11.793 88.623 297.290
11.791 88.619 297.290
11.789 88.611 297.290
11.786 88.602 297.290
11.784 88.599 297.290
11.780 88.591 297.290
11.782 88.588 297.290
11.779 88.583 297.290
11.777 88.577 297.290
11.779 88.575 297.290
11.778 88.572 297.290
11.777 88.569 297.290
11.777 88.566 297.290
11.777 88.563 297.290
11.777 88.560 297.290
11.776 88.555 297.290
11.776 88.551 297.290
11.776 88.547 297.290
11.775 88.544 297.290
11.774 88.538 297.290
11.772 88.534 297.290
11.773 88.530 297.290
11.772 88.526 297.290
11.772 88.522 297.290
11.770 88.517 297.290
11.769 88.514 297.290
11.767 88.509 297.290
11.769 88.507 297.290
11.769 88.504 297.290
11.768 88.501 297.290
11.768 88.496 297.290
11.767 88.493 297.290
11.767 88.490 297.290
11.767 88.487 297.290
11.766 88.483 297.290
11.766 88.479 297.290
11.767 88.476 297.290
11.767 88.473 297.290
11.766 88.470 297.290
11.767 88.466 297.290
11.767 88.459 297.290
11.765 88.451 297.290
11.763 88.447 297.290
11.762 88.444 297.290
11.767 88.440 297.290
11.764 88.435 297.290
11.765 88.432 297.290
11.766 88.429 297.290
11.767 88.426 297.290
11.766 88.423 297.290
11.768 88.421 297.290
11.768 88.417 297.290
11.768 88.414 297.290
11.769 88.410 297.290
11.770 88.406 297.290
11.770 88.403 297.290
11.771 88.400 297.290
11.771 88.397 297.290
11.771 88.394 297.290
11.772 88.391 297.290
11.772 88.386 297.290
11.773 88.383 297.290
11.773 88.379 297.290
11.772 88.376 297.290
11.773 88.373 297.290
11.773 88.370 297.290
11.773 88.367 297.290
11.773 88.364 297.290
11.773 88.361 297.290
11.773 88.358 297.290
11.771 88.354 297.290
11.773 88.352 297.290
11.773 88.349 297.290
11.774 88.346 297.290
11.772 88.342 297.290
11.774 88.339 297.290
11.772 88.335 297.290
11.774 88.333 297.290
11.774 88.328 297.290
11.774 88.325 297.290
11.776 88.323 297.290
11.776 88.320 297.290
11.775 88.317 297.290
11.775 88.313 297.290
11.775 88.309 297.290
11.777 88.305 297.290
11.777 88.297 297.290
11.778 88.290 297.290
11.775 88.281 297.290
11.777 88.279 297.290
11.775 88.272 297.290
11.774 88.269 297.290
11.774 88.265 297.290
11.772 88.258 297.290
11.767 88.246 297.290
11.769 88.243 297.290
11.763 88.232 297.290
11.766 88.230 297.290
11.766 88.227 297.290
11.769 88.225 297.290
11.769 88.220 297.290
11.770 88.216 297.290
11.770 88.212 297.290
11.768 88.207 297.290
11.770 88.196 297.290
11.768 88.183 297.290
11.765 88.168 297.290
11.764 88.162 297.290
11.763 88.156 297.290
11.762 88.152 297.290
11.761 88.147 297.290
11.755 88.133 297.290
11.758 88.131 297.290
11.757 88.128 297.290
11.759 88.126 297.290
11.759 88.122 297.290
11.761 88.116 297.290
11.762 88.111 297.290
11.761 88.107 297.290
11.763 88.105 297.290
11.762 88.102 297.290
11.764 88.100 297.290
11.765 88.097 297.290
11.766 88.093 297.290
11.766 88.085 297.290
11.766 88.080 297.290
11.765 88.075 297.290
11.764 88.070 297.290
11.765 88.067 297.290
11.764 88.063 297.290
11.763 88.060 297.290
11.762 88.056 297.290
11.762 88.053 297.290
11.761 88.049 297.290
11.761 88.045 297.290
11.760 88.042 297.290
11.759 88.039 297.290
11.759 88.035 297.290
11.754 88.023 297.290
11.752 88.019 297.290
11.752 88.015 297.290
11.750 88.011 297.290
11.751 88.007 297.290
11.731 87.969 297.290
11.724 87.959 297.290
11.718 87.950 297.290
11.713 87.942 297.290
11.702 87.926 297.290
11.699 87.921 297.290
11.693 87.914 297.290
11.689 87.912 297.290
11.680 87.898 297.290
11.660 87.866 297.290
11.645 87.838 297.290
11.640 87.832 297.290
11.635 87.823 297.290
11.620 87.788 297.290
11.616 87.780 297.290
11.609 87.766 297.290
11.606 87.761 297.290
11.598 87.747 297.290
11.579 87.708 297.290
11.577 87.702 297.290
11.577 87.698 297.290
11.576 87.694 297.290
11.573 87.686 297.290
11.569 87.677 297.290
11.569 87.673 297.290
11.568 87.666 297.290
11.566 87.661 297.290
11.565 87.657 297.290
11.556 87.641 297.290
11.547 87.630 297.290
11.545 87.627 297.290
11.539 87.619 297.290
11.535 87.614 297.290
11.531 87.608 297.290
11.525 87.601 297.290
11.523 87.598 297.290
11.520 87.593 297.290
11.500 87.553 297.290
11.496 87.544 297.290
11.494 87.540 297.290
11.490 87.535 297.290
11.487 87.531 297.290
11.485 87.529 297.290
11.482 87.526 297.290
11.480 87.524 297.290
11.478 87.521 297.290
11.472 87.514 297.290
11.468 87.511 297.290
11.463 87.504 297.290
11.461 87.501 297.290
11.454 87.493 297.290
11.449 87.488 297.290
11.447 87.486 297.290
11.444 87.482 297.290
11.438 87.473 297.290
11.435 87.471 297.290
11.433 87.468 297.290
11.428 87.460 297.290
11.412 87.435 297.290
11.407 87.429 297.290
11.396 87.412 297.290
11.392 87.406 297.290
11.387 87.401 297.290
11.384 87.398 297.290
11.382 87.395 297.290
11.380 87.392 297.290
11.376 87.387 297.290
11.371 87.379 297.290
11.367 87.375 297.290
11.363 87.369 297.290
11.343 87.331 297.290
11.339 87.324 297.290
11.339 87.321 297.290
11.336 87.315 297.290
11.334 87.311 297.290
11.333 87.306 297.290
11.331 87.302 297.290
11.330 87.299 297.290
11.327 87.292 297.290
11.325 87.288 297.290
11.324 87.284 297.290
11.323 87.281 297.290
11.322 87.278 297.290
11.320 87.273 297.290
11.318 87.268 297.290
11.315 87.261 297.290
11.313 87.257 297.290
11.312 87.254 297.290
11.311 87.251 297.290
11.309 87.244 297.290
11.307 87.240 297.290
11.306 87.237 297.290
11.305 87.234 297.290
11.303 87.231 297.290
11.301 87.228 297.290
11.293 87.217 297.290
11.285 87.206 297.290
11.281 87.201 297.290
11.273 87.191 297.290
11.266 87.184 297.290
11.262 87.181 297.290
11.257 87.176 297.290
11.254 87.173 297.290
11.249 87.168 297.290
11.243 87.162 297.290
11.240 87.159 297.290
11.237 87.156 297.290
11.231 87.151 297.290
11.226 87.147 297.290
11.221 87.143 297.290
11.216 87.139 297.290
11.213 87.137 297.290
11.194 87.120 297.290
11.181 87.104 297.290
11.173 87.095 297.290
11.164 87.084 297.290
11.157 87.073 297.290
11.148 87.064 297.290
11.144 87.061 297.290
11.136 87.052 297.290
11.108 87.023 297.290
11.104 87.018 297.290
11.102 87.015 297.290
11.100 87.011 297.290
11.089 86.998 297.290
11.086 86.994 297.290
11.084 86.989 297.290
11.082 86.986 297.290
11.079 86.982 297.290
11.076 86.977 297.290
11.066 86.965 297.290
11.061 86.959 297.290
11.056 86.954 297.290
11.035 86.934 297.290
11.028 86.928 297.290
11.024 86.925 297.290
11.020 86.923 297.290
