-134.486 -177.967 286.152
-134.478 -177.966 286.152
-134.472 -177.964 286.152
-134.452 -177.956 286.152
-134.449 -177.954 286.152
-134.449 -177.951 286.152
-134.448 -177.949 286.152
-134.445 -177.943 286.152
-134.447 -177.939 286.152
-134.448 -177.936 286.152
-134.449 -177.933 286.152
-134.449 -177.927 286.152
-134.451 -177.921 286.152
-134.452 -177.917 286.152
-134.452 -177.915 286.152
-134.453 -177.912 286.152
-134.454 -177.911 286.152
-134.455 -177.909 286.152
-134.455 -177.906 286.152
-134.455 -177.904 286.152
-134.456 -177.900 286.152
-134.458 -177.897 286.152
-134.458 -177.891 286.151
-134.459 -177.888 286.151
-134.461 -177.887 286.151
-134.462 -177.880 286.151
-134.464 -177.879 286.151
-134.467 -177.870 286.151
-134.466 -177.868 286.151
-134.465 -177.866 286.151
-134.467 -177.862 286.151
-134.471 -177.856 286.151
-134.471 -177.851 286.151
-134.385 -177.725 286.150
-134.382 -177.727 286.150
-134.378 -177.725 286.150
-134.370 -177.721 286.150
-134.363 -177.719 286.150
-134.354 -177.711 286.150
-134.352 -177.711 286.150
-134.345 -177.702 286.150
-134.339 -177.693 286.150
-134.333 -177.685 286.150
-134.322 -177.672 286.150
-134.314 -177.663 286.150
-134.308 -177.657 286.150
-134.306 -177.656 286.150
-134.303 -177.652 286.150
-134.301 -177.652 286.150
-134.299 -177.650 286.150
-134.294 -177.644 286.150
-134.290 -177.639 286.150
-134.285 -177.636 286.150
-134.283 -177.634 286.150
-134.277 -177.628 286.150
-134.274 -177.625 286.150
-134.268 -177.619 286.150
-134.260 -177.610 286.149
-134.256 -177.607 286.149
-134.240 -177.586 286.149
-134.231 -177.577 286.149
-134.226 -177.571 286.149
-134.222 -177.567 286.149
-134.217 -177.561 286.149
-134.213 -177.556 286.149
-134.209 -177.551 286.149
-134.190 -177.526 286.149
-134.188 -177.524 286.149
-134.185 -177.520 286.149
-134.183 -177.519 286.149
-134.177 -177.513 286.149
-134.172 -177.508 286.149
-134.161 -177.495 286.149
-134.157 -177.490 286.149
-134.155 -177.489 286.149
-134.137 -177.467 286.148
-134.126 -177.453 286.148
-134.121 -177.448 286.148
-134.116 -177.442 286.148
-134.105 -177.429 286.148
-134.102 -177.428 286.148
-134.097 -177.422 286.148
-134.086 -177.409 286.148
-134.081 -177.403 286.148
-134.079 -177.402 286.148
-134.075 -177.400 286.148
-134.069 -177.393 286.148
-134.057 -177.381 286.148
-134.051 -177.377 286.148
-134.038 -177.362 286.148
-134.035 -177.360 286.148
-134.029 -177.354 286.148
-134.023 -177.350 286.148
-134.012 -177.338 286.147
-134.006 -177.333 286.147
-134.000 -177.328 286.147
-133.991 -177.318 286.147
-133.987 -177.315 286.147
-133.980 -177.310 286.147
-133.974 -177.306 286.147
-133.971 -177.303 286.147
-133.968 -177.304 286.147
-133.962 -177.300 286.147
-133.955 -177.294 286.147
-133.949 -177.289 286.147
-133.945 -177.286 286.147
-133.941 -177.285 286.147
-133.929 -177.273 286.147
-133.927 -177.273 286.147
-133.923 -177.270 286.147
-133.921 -177.269 286.147
-133.918 -177.268 286.147
-133.907 -177.260 286.147
-133.896 -177.249 286.147
-133.893 -177.248 286.147
-133.890 -177.248 286.147
-133.880 -177.238 286.147
-133.874 -177.235 286.147
-133.868 -177.230 286.147
-133.863 -177.226 286.147
-133.859 -177.225 286.147
-133.857 -177.223 286.147
-133.852 -177.220 286.147
-133.841 -177.210 286.147
-133.838 -177.208 286.147
-133.832 -177.202 286.146
-133.830 -177.202 286.146
-133.816 -177.191 286.146
-133.813 -177.190 286.146
-133.811 -177.190 286.146
-133.808 -177.188 286.146
-133.801 -177.184 286.146
-133.790 -177.176 286.146
-133.784 -177.173 286.146
-133.781 -177.170 286.146
-133.774 -177.165 286.146
-133.767 -177.162 286.146
-133.759 -177.154 286.146
-133.757 -177.153 286.146
-133.751 -177.148 286.146
-133.749 -177.147 286.146
-133.747 -177.145 286.146
-133.745 -177.144 286.146
-133.742 -177.143 286.146
-133.729 -177.133 286.146
-133.724 -177.128 286.146
-133.721 -177.127 286.146
-133.718 -177.125 286.146
-133.713 -177.120 286.146
-133.710 -177.119 286.146
-133.704 -177.114 286.146
-133.702 -177.113 286.146
-133.700 -177.112 286.146
-133.698 -177.110 286.146
-133.695 -177.108 286.146
-133.692 -177.105 286.146
-133.688 -177.103 286.146
-133.686 -177.102 286.146
-133.681 -177.097 286.146
-133.679 -177.095 286.146
-133.676 -177.094 286.146
-133.667 -177.087 286.146
-133.661 -177.081 286.146
-133.659 -177.080 286.146
-133.654 -177.076 286.146
-133.650 -177.073 286.146
-133.645 -177.069 286.145
-133.643 -177.067 286.145
-133.634 -177.060 286.145
-133.631 -177.057 286.145
-133.624 -177.052 286.145
-133.616 -177.044 286.145
-133.614 -177.042 286.145
-133.611 -177.041 286.145
-133.605 -177.037 286.145
-133.601 -177.034 286.145
-133.597 -177.030 286.145
-133.594 -177.028 286.145
-133.588 -177.022 286.145
-133.583 -177.018 286.145
-133.581 -177.017 286.145
-133.579 -177.016 286.145
-133.562 -177.000 286.145
-133.555 -176.994 286.145
-133.543 -176.983 286.145
-133.541 -176.981 286.145
-133.519 -176.960 286.145
-133.514 -176.956 286.145
-133.511 -176.953 286.145
-133.506 -176.949 286.145
-133.487 -176.931 286.144
-133.479 -176.924 286.144
-133.474 -176.919 286.144
-133.448 -176.894 286.144
-133.446 -176.892 286.144
-133.441 -176.888 286.144
-133.431 -176.879 286.144
-133.416 -176.865 286.144
-133.406 -176.855 286.144
-133.402 -176.852 286.144
-133.396 -176.846 286.144
-133.391 -176.842 286.144
-133.388 -176.840 286.144
-133.386 -176.839 286.144
-133.380 -176.834 286.144
-133.374 -176.829 286.144
-133.370 -176.826 286.144
-133.362 -176.821 286.144
-133.355 -176.816 286.144
-133.349 -176.813 286.144
-133.347 -176.812 286.144
-133.344 -176.810 286.144
-133.341 -176.809 286.144
-133.339 -176.808 286.144
-133.335 -176.805 286.144
-133.331 -176.804 286.144
-133.327 -176.802 286.144
-133.324 -176.801 286.144
-133.320 -176.798 286.144
-133.317 -176.797 286.144
-133.314 -176.796 286.144
-133.310 -176.793 286.143
-133.305 -176.790 286.143
-133.302 -176.789 286.143
-133.295 -176.786 286.143
-133.288 -176.781 286.143
-133.286 -176.781 286.143
-133.278 -176.776 286.143
-133.272 -176.772 286.143
-133.268 -176.770 286.143
-133.254 -176.757 286.143
-133.252 -176.756 286.143
-133.243 -176.750 286.143
-133.240 -176.748 286.143
-133.236 -176.746 286.143
-133.228 -176.743 286.143
-133.225 -176.743 286.143
-133.217 -176.736 286.143
-133.213 -176.735 286.143
-133.209 -176.736 286.143
-133.207 -176.736 286.143
-133.203 -176.735 286.143
-133.199 -176.733 286.143
-133.195 -176.730 286.143
-133.188 -176.729 286.143
-133.185 -176.727 286.143
-133.176 -176.723 286.143
-133.173 -176.721 286.143
-133.167 -176.716 286.143
-133.164 -176.718 286.143
-133.161 -176.718 286.143
-133.152 -176.712 286.143
-133.149 -176.712 286.143
-133.139 -176.705 286.143
-133.132 -176.699 286.143
-133.130 -176.700 286.143
-133.108 -176.684 286.143
-133.096 -176.679 286.143
-133.093 -176.678 286.143
-133.084 -176.672 286.143
-133.082 -176.672 286.143
-133.074 -176.665 286.143
-133.070 -176.662 286.143
-133.062 -176.656 286.142
-133.055 -176.658 286.142
-133.052 -176.656 286.142
-133.038 -176.648 286.142
-133.027 -176.642 286.142
-133.018 -176.636 286.142
-132.998 -176.626 286.142
-132.985 -176.615 286.142
-132.969 -176.604 286.142
-132.965 -176.602 286.142
-132.950 -176.592 286.142
-132.943 -176.587 286.142
-132.919 -176.571 286.142
-132.913 -176.567 286.142
-132.905 -176.561 286.142
-132.901 -176.560 286.142
-132.877 -176.540 286.142
-132.869 -176.536 286.142
-132.855 -176.529 286.142
-132.845 -176.521 286.141
-132.834 -176.514 286.141
-132.818 -176.505 286.141
-132.816 -176.507 286.141
-132.811 -176.505 286.141
-132.805 -176.502 286.141
-132.800 -176.500 286.141
-132.795 -176.497 286.141
-132.792 -176.495 286.141
-132.784 -176.492 286.141
-132.776 -176.487 286.141
-132.769 -176.485 286.141
-132.767 -176.484 286.141
-132.763 -176.482 286.141
-132.758 -176.479 286.141
-132.755 -176.477 286.141
-132.751 -176.476 286.141
-132.748 -176.474 286.141
-132.746 -176.474 286.141
-132.744 -176.474 286.141
-132.742 -176.473 286.141
-132.731 -176.468 286.141
-132.728 -176.466 286.141
-132.716 -176.461 286.141
-132.714 -176.460 286.141
-132.707 -176.452 286.141
-132.704 -176.448 286.141
-132.700 -176.439 286.141
-132.700 -176.437 286.141
-132.700 -176.431 286.141
-132.700 -176.429 286.141
-132.699 -176.427 286.141
-132.698 -176.424 286.141
-132.698 -176.418 286.141
-132.701 -176.410 286.141
-132.702 -176.408 286.141
-132.706 -176.403 286.141
-132.705 -176.400 286.141
-132.709 -176.396 286.141
-132.709 -176.394 286.141
-132.710 -176.387 286.141
-132.713 -176.381 286.140
-132.714 -176.377 286.140
-132.715 -176.373 286.140
-132.721 -176.367 286.140
-132.721 -176.365 286.140
-132.721 -176.363 286.140
-132.723 -176.361 286.140
-132.728 -176.357 286.140
-132.734 -176.353 286.140
-132.733 -176.351 286.140
-132.736 -176.349 286.140
-132.739 -176.347 286.140
-132.748 -176.338 286.140
-132.749 -176.334 286.140
-132.756 -176.332 286.140
-132.759 -176.325 286.140
-132.764 -176.322 286.140
-132.766 -176.319 286.140
-132.767 -176.317 286.140
-132.774 -176.310 286.140
-132.776 -176.309 286.140
-132.778 -176.309 286.140
-132.783 -176.305 286.140
-132.789 -176.301 286.140
-132.792 -176.296 286.140
-132.796 -176.296 286.140
-132.798 -176.296 286.140
-132.800 -176.290 286.140
-132.802 -176.290 286.140
-132.804 -176.290 286.140
-132.806 -176.288 286.140
-132.808 -176.287 286.140
-132.810 -176.285 286.140
-132.812 -176.284 286.140
-132.816 -176.283 286.140
-132.819 -176.280 286.140
-132.820 -176.278 286.140
-132.822 -176.278 286.140
-132.824 -176.278 286.140
-132.833 -176.276 286.140
-132.837 -176.274 286.140
-132.844 -176.267 286.140
-132.846 -176.265 286.140
-132.849 -176.265 286.140
-132.851 -176.265 286.140
-132.852 -176.262 286.140
-132.853 -176.259 286.140
-132.856 -176.258 286.140
-132.860 -176.258 286.140
-132.863 -176.256 286.140
-132.867 -176.252 286.140
-132.869 -176.251 286.140
-132.873 -176.248 286.140
-132.876 -176.246 286.139
-132.879 -176.245 286.139
-132.882 -176.244 286.139
-132.887 -176.240 286.139
-132.889 -176.238 286.139
-132.892 -176.237 286.139
-132.898 -176.237 286.139
-132.899 -176.233 286.139
-132.901 -176.232 286.139
-132.904 -176.231 286.139
-132.908 -176.227 286.139
-132.913 -176.225 286.139
-132.919 -176.223 286.139
-132.923 -176.221 286.139
-132.929 -176.219 286.139
-132.929 -176.215 286.139
-132.933 -176.214 286.139
-132.936 -176.212 286.139
-132.939 -176.207 286.139
-132.941 -176.206 286.139
-132.944 -176.205 286.139
-132.946 -176.204 286.139
-132.949 -176.203 286.139
-132.955 -176.201 286.139
-132.962 -176.200 286.139
-132.965 -176.198 286.139
-132.967 -176.194 286.139
-132.970 -176.193 286.139
-132.972 -176.192 286.139
-132.985 -176.191 286.139
-132.990 -176.187 286.139
-132.993 -176.184 286.139
-132.998 -176.182 286.139
-133.008 -176.178 286.139
-133.013 -176.173 286.139
-133.022 -176.169 286.139
-133.024 -176.168 286.139
-133.027 -176.167 286.139
-133.035 -176.164 286.139
-133.042 -176.161 286.139
-133.049 -176.157 286.139
-133.056 -176.154 286.139
-133.067 -176.150 286.139
-133.072 -176.147 286.139
-133.082 -176.143 286.139
-133.089 -176.141 286.139
-133.092 -176.140 286.139
-133.095 -176.138 286.139
-133.096 -176.136 286.139
-133.101 -176.136 286.139
-133.105 -176.136 286.139
-133.108 -176.133 286.139
-133.110 -176.132 286.139
-133.112 -176.131 286.139
-133.117 -176.126 286.139
-133.123 -176.122 286.139
-133.132 -176.122 286.139
-133.138 -176.118 286.139
-133.138 -176.115 286.139
-133.141 -176.114 286.139
-133.143 -176.113 286.139
-133.155 -176.111 286.139
-133.156 -176.108 286.138
-133.160 -176.108 286.138
-133.166 -176.103 286.138
-133.172 -176.101 286.138
-133.173 -176.097 286.138
-133.177 -176.095 286.138
-133.181 -176.093 286.138
-133.185 -176.091 286.138
-133.187 -176.090 286.138
-133.193 -176.087 286.138
-133.194 -176.085 286.138
-133.195 -176.049 286.138
-133.191 -176.047 286.138
-133.190 -176.045 286.138
-133.189 -176.038 286.138
-133.183 -176.032 286.138
-133.176 -176.022 286.138
-133.170 -176.017 286.138
-133.163 -176.003 286.138
-133.158 -176.004 286.138
-133.157 -176.002 286.138
-133.148 -175.999 286.138
-133.142 -175.997 286.138
-133.141 -175.993 286.138
-133.136 -175.987 286.138
-133.131 -175.988 286.138
-133.125 -175.989 286.138
-133.116 -175.982 286.138
-133.113 -175.981 286.138
-133.112 -175.977 286.138
-133.111 -175.972 286.137
-133.100 -175.973 286.137
-133.098 -175.972 286.137
-133.093 -175.972 286.137
-133.087 -175.970 286.137
-133.075 -175.971 286.137
-133.064 -175.971 286.137
-133.060 -175.969 286.137
-133.051 -175.971 286.137
-133.049 -175.971 286.137
-133.034 -175.970 286.137
-133.029 -175.969 286.137
-133.021 -175.962 286.137
-133.015 -175.962 286.137
-133.004 -175.963 286.137
-132.997 -175.961 286.137
-132.995 -175.960 286.137
-132.993 -175.957 286.137
-132.987 -175.958 286.137
-132.963 -175.954 286.137
-132.960 -175.952 286.137
-132.952 -175.948 286.137
-132.948 -175.945 286.137
-132.946 -175.944 286.137
-132.941 -175.941 286.137
-132.939 -175.939 286.137
-132.933 -175.934 286.137
-132.931 -175.933 286.137
-132.926 -175.923 286.137
-132.918 -175.924 286.137
-132.915 -175.922 286.137
-132.913 -175.920 286.137
-132.909 -175.918 286.137
-132.907 -175.917 286.137
-132.906 -175.914 286.137
-132.902 -175.913 286.137
-132.901 -175.911 286.137
-132.897 -175.910 286.137
-132.897 -175.908 286.137
-132.892 -175.906 286.137
-132.890 -175.905 286.137
-132.884 -175.901 286.137
-132.883 -175.899 286.137
-132.882 -175.897 286.137
-132.879 -175.896 286.137
-132.876 -175.895 286.137
-132.875 -175.892 286.137
-132.870 -175.890 286.137
-132.868 -175.888 286.137
-132.865 -175.887 286.137
-132.865 -175.885 286.137
-132.859 -175.884 286.137
-132.854 -175.878 286.137
-132.849 -175.873 286.137
-132.845 -175.870 286.137
-132.840 -175.866 286.137
-132.833 -175.860 286.137
-132.827 -175.856 286.137
-132.824 -175.851 286.137
-132.822 -175.850 286.137
-132.820 -175.849 286.137
-132.818 -175.847 286.137
-132.816 -175.844 286.137
-132.811 -175.841 286.137
-132.811 -175.839 286.137
-132.808 -175.838 286.137
-132.806 -175.837 286.137
-132.802 -175.833 286.136
-132.801 -175.831 286.136
-132.799 -175.830 286.136
-132.798 -175.828 286.136
-132.795 -175.826 286.136
-132.794 -175.824 286.136
-132.792 -175.823 286.136
-132.786 -175.819 286.136
-132.784 -175.815 286.136
-132.781 -175.814 286.136
-132.779 -175.811 286.136
-132.779 -175.809 286.136
-132.775 -175.808 286.136
-132.773 -175.807 286.136
-132.772 -175.805 286.136
-132.770 -175.802 286.136
-132.768 -175.801 286.136
-132.762 -175.799 286.136
-132.762 -175.797 286.136
-132.760 -175.796 286.136
-132.758 -175.794 286.136
-132.756 -175.792 286.136
-132.755 -175.790 286.136
-132.751 -175.789 286.136
-132.746 -175.784 286.136
-132.744 -175.782 286.136
-132.741 -175.780 286.136
-132.737 -175.778 286.136
-132.734 -175.775 286.136
-132.730 -175.769 286.136
-132.729 -175.767 286.136
-132.727 -175.765 286.136
-132.726 -175.764 286.136
-132.725 -175.762 286.136
-132.724 -175.760 286.136
-132.722 -175.758 286.136
-132.721 -175.756 286.136
-132.719 -175.755 286.136
-132.717 -175.752 286.136
-132.716 -175.748 286.136
-132.714 -175.747 286.136
-132.710 -175.741 286.136
-132.709 -175.740 286.136
-132.707 -175.736 286.136
-132.705 -175.734 286.136
-132.702 -175.729 286.136
-132.700 -175.728 286.136
-132.699 -175.725 286.136
-132.697 -175.723 286.136
-132.696 -175.721 286.136
-132.695 -175.719 286.136
-132.693 -175.718 286.136
-132.687 -175.708 286.136
-132.685 -175.705 286.136
-132.683 -175.705 286.136
-132.682 -175.703 286.136
-132.681 -175.701 286.136
-132.680 -175.699 286.135
-132.678 -175.697 286.135
-132.677 -175.694 286.135
-132.674 -175.693 286.135
-132.671 -175.688 286.135
-132.669 -175.683 286.135
-132.666 -175.683 286.135
-132.665 -175.680 286.135
-132.664 -175.678 286.135
-132.663 -175.676 286.135
-132.660 -175.671 286.135
-132.658 -175.670 286.135
-132.657 -175.667 286.135
-132.655 -175.664 286.135
-132.653 -175.660 286.135
-132.651 -175.657 286.135
-132.648 -175.654 286.135
-132.644 -175.650 286.135
-132.642 -175.649 286.135
-132.640 -175.647 286.135
-132.638 -175.645 286.135
-132.636 -175.643 286.135
-132.633 -175.640 286.135
-132.631 -175.639 286.135
-132.629 -175.637 286.135
-132.627 -175.635 286.135
-132.625 -175.633 286.135
-132.624 -175.631 286.135
-132.621 -175.629 286.135
-132.619 -175.627 286.135
-132.616 -175.626 286.135
-132.614 -175.623 286.135
-132.612 -175.621 286.135
-132.610 -175.620 286.135
-132.608 -175.618 286.135
-132.606 -175.616 286.135
-132.604 -175.615 286.135
-132.603 -175.613 286.135
-132.601 -175.611 286.135
-132.599 -175.610 286.135
-132.597 -175.608 286.135
-132.593 -175.605 286.135
-132.590 -175.602 286.135
-132.584 -175.596 286.135
-132.581 -175.594 286.135
-132.580 -175.592 286.135
-132.578 -175.591 286.135
-132.576 -175.589 286.135
-132.573 -175.586 286.135
-132.571 -175.585 286.135
-132.569 -175.584 286.135
-132.568 -175.583 286.135
-132.559 -175.578 286.135
-132.556 -175.576 286.135
-132.554 -175.575 286.135
-132.550 -175.573 286.135
-132.547 -175.571 286.135
-132.546 -175.570 286.135
-132.543 -175.569 286.135
-132.541 -175.568 286.135
-132.538 -175.566 286.135
-132.536 -175.565 286.135
-132.530 -175.562 286.134
-132.528 -175.560 286.134
-132.525 -175.559 286.134
-132.521 -175.556 286.134
-132.517 -175.554 286.134
-132.515 -175.553 286.134
-132.514 -175.552 286.134
-132.511 -175.550 286.134
-132.509 -175.550 286.134
-132.507 -175.548 286.134
-132.505 -175.547 286.134
-132.503 -175.546 286.134
-132.497 -175.542 286.134
-132.494 -175.541 286.134
-132.488 -175.537 286.134
-132.486 -175.536 286.134
-132.484 -175.535 286.134
-132.482 -175.534 286.134
-132.480 -175.533 286.134
-132.475 -175.530 286.134
-132.473 -175.528 286.134
-132.471 -175.527 286.134
-132.469 -175.526 286.134
-132.465 -175.527 286.134
-132.462 -175.525 286.134
-132.458 -175.523 286.134
-132.455 -175.518 286.134
-132.451 -175.516 286.134
-132.449 -175.514 286.134
-132.447 -175.513 286.134
-132.445 -175.513 286.134
-132.443 -175.511 286.134
-132.440 -175.510 286.134
-132.436 -175.508 286.134
-132.435 -175.506 286.134
-132.432 -175.506 286.134
-132.429 -175.504 286.134
-132.428 -175.502 286.134
-132.423 -175.501 286.134
-132.420 -175.497 286.134
-132.418 -175.496 286.134
-132.416 -175.493 286.134
-132.414 -175.492 286.134
-132.412 -175.490 286.134
-132.408 -175.487 286.134
-132.407 -175.485 286.134
-132.405 -175.483 286.134
-132.403 -175.482 286.134
-132.401 -175.480 286.134
-132.399 -175.478 286.134
-132.396 -175.475 286.134
-132.390 -175.468 286.134
-132.387 -175.465 286.134
-132.385 -175.463 286.134
-132.383 -175.462 286.134
-132.380 -175.459 286.134
-132.376 -175.455 286.134
-132.374 -175.453 286.134
-132.371 -175.449 286.134
-132.369 -175.445 286.134
-132.367 -175.442 286.134
-132.364 -175.438 286.134
-132.360 -175.430 286.134
-132.358 -175.428 286.134
-132.354 -175.422 286.133
-132.353 -175.420 286.133
-132.351 -175.419 286.133
-132.347 -175.414 286.133
-132.344 -175.409 286.133
-132.343 -175.407 286.133
-132.340 -175.403 286.133
-132.338 -175.401 286.133
-132.334 -175.396 286.133
-132.331 -175.394 286.133
-132.327 -175.390 286.133
-132.324 -175.388 286.133
-132.322 -175.387 286.133
-132.318 -175.385 286.133
-132.316 -175.382 286.133
-132.314 -175.381 286.133
-132.312 -175.380 286.133
-132.309 -175.378 286.133
-132.306 -175.376 286.133
-132.304 -175.375 286.133
-132.303 -175.373 286.133
-132.299 -175.371 286.133
-132.295 -175.368 286.133
-132.291 -175.367 286.133
-132.289 -175.366 286.133
-132.286 -175.363 286.133
-132.284 -175.360 286.133
-132.282 -175.360 286.133
-132.280 -175.359 286.133
-132.278 -175.358 286.133
-132.273 -175.356 286.133
-132.269 -175.353 286.133
-132.266 -175.349 286.133
-132.264 -175.347 286.133
-132.259 -175.349 286.133
-132.258 -175.347 286.133
-132.255 -175.346 286.133
-132.253 -175.345 286.133
-132.251 -175.344 286.133
-132.245 -175.339 286.133
-132.243 -175.337 286.133
-132.235 -175.333 286.133
-132.232 -175.331 286.133
-132.224 -175.325 286.133
-132.222 -175.326 286.133
-132.219 -175.325 286.133
-132.213 -175.323 286.133
-132.211 -175.321 286.133
-132.209 -175.321 286.133
-132.207 -175.318 286.133
-132.206 -175.316 286.133
-132.201 -175.311 286.133
-132.199 -175.312 286.133
-132.196 -175.311 286.133
-132.189 -175.307 286.133
-132.186 -175.306 286.133
-132.181 -175.298 286.133
-132.179 -175.296 286.133
-132.177 -175.294 286.133
-132.171 -175.296 286.133
-132.167 -175.292 286.133
-132.164 -175.287 286.132
-132.161 -175.285 286.132
-132.157 -175.284 286.132
-132.155 -175.283 286.132
-132.152 -175.283 286.132
-132.147 -175.279 286.132
-132.145 -175.278 286.132
-132.142 -175.277 286.132
-132.139 -175.275 286.132
-132.137 -175.274 286.132
-132.135 -175.272 286.132
-132.133 -175.271 286.132
-132.130 -175.270 286.132
-132.128 -175.269 286.132
-132.126 -175.268 286.132
-132.123 -175.266 286.132
-132.121 -175.266 286.132
-132.119 -175.266 286.132
-132.117 -175.265 286.132
-132.112 -175.263 286.132
-132.110 -175.261 286.132
-132.106 -175.256 286.132
-132.100 -175.256 286.132
-132.098 -175.256 286.132
-132.095 -175.257 286.132
-132.086 -175.256 286.132
-132.081 -175.255 286.132
-132.079 -175.255 286.132
-132.077 -175.254 286.132
-132.071 -175.254 286.132
-132.069 -175.251 286.132
-132.065 -175.247 286.132
-132.058 -175.245 286.132
-132.047 -175.248 286.132
-132.039 -175.243 286.132
-132.034 -175.240 286.132
-132.030 -175.240 286.132
-132.022 -175.240 286.132
-132.018 -175.239 286.132
-132.011 -175.239 286.132
-132.007 -175.236 286.132
-132.003 -175.231 286.132
-132.001 -175.232 286.132
-131.998 -175.228 286.132
-131.990 -175.217 286.132
-131.986 -175.212 286.132
-131.980 -175.203 286.132
-131.978 -175.201 286.132
-131.971 -175.190 286.132
-131.966 -175.182 286.132
-131.962 -175.176 286.132
-131.959 -175.173 286.132
-131.957 -175.170 286.132
-131.951 -175.158 286.132
-131.948 -175.151 286.131
-131.947 -175.148 286.131
-131.945 -175.144 286.131
-131.943 -175.139 286.131
-131.940 -175.134 286.131
-131.939 -175.132 286.131
-131.939 -175.130 286.131
-131.938 -175.128 286.131
-131.937 -175.126 286.131
-131.936 -175.124 286.131
-131.936 -175.122 286.131
-131.933 -175.117 286.131
-131.933 -175.115 286.131
-131.930 -175.110 286.131
-131.928 -175.105 286.131
-131.927 -175.103 286.131
-131.926 -175.100 286.131
-131.925 -175.098 286.131
-131.925 -175.096 286.131
-131.924 -175.094 286.131
-131.922 -175.091 286.131
-131.921 -175.089 286.131
-131.920 -175.087 286.131
-131.919 -175.084 286.131
-131.917 -175.079 286.131
-131.913 -175.072 286.131
-131.909 -175.066 286.131
-131.908 -175.064 286.131
-131.898 -175.050 286.131
-131.897 -175.048 286.131
-131.888 -175.035 286.131
-131.886 -175.032 286.131
-131.880 -175.022 286.131
-131.874 -175.013 286.130
-131.867 -175.002 286.130
-131.864 -174.998 286.130
-131.842 -174.970 286.130
-131.832 -174.960 286.130
-131.829 -174.956 286.130
-131.826 -174.954 286.130
-131.824 -174.953 286.130
-131.822 -174.952 286.130
-131.819 -174.948 286.130
-131.816 -174.946 286.130
-131.813 -174.943 286.130
-131.809 -174.940 286.130
-131.803 -174.937 286.130
-131.799 -174.933 286.130
-131.796 -174.930 286.130
-131.794 -174.929 286.130
-131.791 -174.926 286.130
-131.789 -174.925 286.130
-131.786 -174.922 286.130
-131.782 -174.918 286.130
-131.779 -174.916 286.130
-131.778 -174.915 286.130
-131.776 -174.913 286.130
-131.772 -174.910 286.130
-131.768 -174.907 286.130
-131.764 -174.903 286.130
-131.762 -174.901 286.130
-131.760 -174.900 286.130
-131.759 -174.899 286.130
-131.757 -174.896 286.130
-131.755 -174.894 286.130
-131.747 -174.881 286.130
-131.734 -174.863 286.129
-131.734 -174.860 286.129
-131.736 -174.854 286.129
-131.737 -174.850 286.129
-131.739 -174.839 286.129
-131.745 -174.830 286.129
-131.753 -174.829 286.129
-131.756 -174.823 286.129
-131.764 -174.800 286.129
-131.768 -174.800 286.129
-131.769 -174.793 286.129
-131.780 -174.786 286.129
-131.785 -174.784 286.129
-131.785 -174.772 286.129
-131.787 -174.766 286.129
-131.790 -174.760 286.129
-131.793 -174.758 286.129
-131.794 -174.756 286.129
-131.799 -174.748 286.129
-131.803 -174.746 286.129
-131.809 -174.729 286.128
-131.812 -174.726 286.128
-131.820 -174.721 286.128
-131.821 -174.714 286.128
-131.822 -174.712 286.128
-131.830 -174.700 286.128
-131.830 -174.698 286.128
-131.836 -174.696 286.128
-131.836 -174.691 286.128
-131.842 -174.686 286.128
-131.854 -174.677 286.128
-131.857 -174.673 286.128
-131.857 -174.671 286.128
-131.859 -174.667 286.128
-131.862 -174.666 286.128
-131.864 -174.661 286.128
-131.866 -174.659 286.128
-131.868 -174.658 286.128
-131.869 -174.655 286.128
-131.871 -174.649 286.128
-131.873 -174.648 286.128
-131.874 -174.646 286.128
-131.875 -174.644 286.128
-131.876 -174.642 286.128
-131.878 -174.641 286.128
-131.878 -174.638 286.128
-131.880 -174.635 286.128
-131.881 -174.633 286.128
-131.883 -174.630 286.128
-131.886 -174.628 286.128
-131.888 -174.626 286.128
-131.888 -174.623 286.128
-131.891 -174.619 286.128
-131.894 -174.616 286.128
-131.894 -174.614 286.128
-131.898 -174.607 286.128
-131.901 -174.603 286.127
-131.902 -174.602 286.127
-131.903 -174.600 286.127
-131.904 -174.598 286.127
-131.908 -174.594 286.127
-131.908 -174.592 286.127
-131.909 -174.590 286.127
-131.910 -174.588 286.127
-131.912 -174.587 286.127
-131.912 -174.585 286.127
-131.913 -174.583 286.127
-131.915 -174.582 286.127
-131.916 -174.580 286.127
-131.917 -174.578 286.127
-131.917 -174.576 286.127
-131.919 -174.575 286.127
-131.919 -174.573 286.127
-131.920 -174.572 286.127
-131.921 -174.570 286.127
-131.922 -174.568 286.127
-131.923 -174.565 286.127
-131.925 -174.564 286.127
-131.925 -174.562 286.127
-131.926 -174.560 286.127
-131.927 -174.558 286.127
-131.928 -174.556 286.127
-131.933 -174.547 286.127
-131.934 -174.545 286.127
-131.936 -174.542 286.127
-131.938 -174.540 286.127
-131.938 -174.537 286.127
-131.940 -174.535 286.127
-131.941 -174.533 286.127
-131.942 -174.531 286.127
-131.943 -174.529 286.127
-131.944 -174.527 286.127
-131.945 -174.525 286.127
-131.945 -174.522 286.127
-131.946 -174.517 286.127
-131.952 -174.507 286.127
-131.951 -174.505 286.127
-131.955 -174.499 286.127
-131.955 -174.495 286.127
-131.958 -174.493 286.127
-131.958 -174.486 286.127
-131.958 -174.483 286.127
-131.961 -174.461 286.126
-131.959 -174.452 286.126
-131.959 -174.448 286.126
-131.959 -174.446 286.126
-131.960 -174.428 286.126
-131.960 -174.413 286.126
-131.960 -174.402 286.126
-131.961 -174.397 286.126
-131.963 -174.389 286.126
-131.966 -174.387 286.126
-131.962 -174.371 286.126
-131.963 -174.368 286.126
-131.964 -174.362 286.126
-131.966 -174.359 286.126
-131.964 -174.354 286.126
-131.965 -174.351 286.126
-131.964 -174.347 286.126
-131.967 -174.332 286.126
-131.969 -174.326 286.125
-131.969 -174.323 286.125
-131.969 -174.310 286.125
-131.968 -174.308 286.125
-131.974 -174.272 286.125
-131.975 -174.257 286.125
-131.972 -174.256 286.125
-131.972 -174.254 286.125
-131.968 -174.252 286.125
-131.966 -174.245 286.125
-131.963 -174.243 286.125
-131.961 -174.242 286.125
-131.954 -174.239 286.125
-131.952 -174.235 286.125
-131.951 -174.232 286.125
-131.948 -174.229 286.125
-131.945 -174.229 286.125
-131.943 -174.226 286.125
-131.939 -174.224 286.125
-131.937 -174.223 286.125
-131.933 -174.220 286.125
-131.931 -174.220 286.125
-131.928 -174.215 286.125
-131.924 -174.216 286.125
-131.918 -174.213 286.125
-131.915 -174.214 286.125
-131.912 -174.214 286.125
-131.908 -174.209 286.125
-131.896 -174.210 286.125
-131.892 -174.209 286.125
-131.890 -174.205 286.125
-131.884 -174.206 286.125
-131.880 -174.205 286.125
-131.878 -174.204 286.125
-131.876 -174.204 286.125
-131.873 -174.204 286.125
-131.868 -174.202 286.125
-131.865 -174.201 286.125
-131.862 -174.197 286.125
-131.859 -174.198 286.125
-131.857 -174.198 286.125
-131.849 -174.194 286.125
-131.843 -174.196 286.125
-131.834 -174.194 286.125
-131.832 -174.193 286.125
-131.830 -174.190 286.124
-131.826 -174.191 286.124
-131.823 -174.191 286.124
-131.821 -174.191 286.124
-131.815 -174.188 286.124
-131.811 -174.188 286.124
-131.808 -174.185 286.124
-131.800 -174.185 286.124
-131.796 -174.180 286.124
-131.792 -174.180 286.124
-131.788 -174.182 286.124
-131.782 -174.183 286.124
-131.780 -174.183 286.124
-131.776 -174.182 286.124
-131.759 -174.174 286.124
-131.757 -174.174 286.124
-131.767 -174.173 286.124
