-131.685 -173.396 289.651
-131.680 -173.398 289.651
-131.648 -173.413 289.651
-131.644 -173.416 289.651
-131.639 -173.419 289.651
-131.617 -173.429 289.650
-131.614 -173.431 289.650
-131.609 -173.435 289.650
-131.600 -173.439 289.650
-131.594 -173.444 289.650
-131.589 -173.448 289.650
-131.587 -173.449 289.650
-131.582 -173.455 289.650
-131.578 -173.458 289.650
-131.563 -173.467 289.650
-131.561 -173.469 289.650
-131.556 -173.473 289.650
-131.552 -173.477 289.650
-131.548 -173.479 289.650
-131.544 -173.482 289.650
-131.518 -173.502 289.650
-131.492 -173.519 289.650
-131.487 -173.522 289.650
-131.479 -173.526 289.650
-131.476 -173.525 289.650
-131.466 -173.530 289.650
-131.447 -173.538 289.650
-131.415 -173.553 289.650
-131.412 -173.553 289.650
-131.401 -173.558 289.650
-131.398 -173.558 289.650
-131.391 -173.558 289.650
-131.378 -173.563 289.650
-131.367 -173.568 289.650
-131.362 -173.569 289.650
-131.336 -173.578 289.650
-131.322 -173.583 289.650
-131.298 -173.592 289.650
-131.282 -173.599 289.650
-131.277 -173.601 289.650
-131.274 -173.601 289.650
-131.268 -173.603 289.650
-131.265 -173.603 289.650
-131.257 -173.606 289.650
-131.249 -173.608 289.650
-131.246 -173.608 289.650
-131.243 -173.609 289.650
-131.234 -173.613 289.650
-131.229 -173.613 289.650
-131.225 -173.614 289.650
-131.221 -173.615 289.650
-131.216 -173.617 289.650
-131.213 -173.617 289.650
-131.206 -173.618 289.650
-131.201 -173.619 289.650
-131.194 -173.621 289.650
-131.191 -173.621 289.650
-131.181 -173.625 289.650
-131.178 -173.624 289.650
-131.173 -173.626 289.650
-131.169 -173.627 289.650
-131.162 -173.628 289.650
-131.159 -173.629 289.650
-131.153 -173.630 289.650
-131.146 -173.632 289.650
-131.141 -173.633 289.650
-131.137 -173.634 289.650
-131.115 -173.647 289.650
-131.094 -173.662 289.650
-131.085 -173.674 289.650
-131.082 -173.680 289.650
-131.075 -173.696 289.650
-131.063 -173.721 289.650
-131.060 -173.732 289.650
-131.054 -173.753 289.650
-131.055 -173.755 289.650
-131.051 -173.772 289.650
-131.043 -173.791 289.650
-131.043 -173.796 289.650
-131.043 -173.804 289.650
-131.042 -173.815 289.650
-131.041 -173.826 289.650
-131.040 -173.839 289.650
-131.040 -173.850 289.650
-131.038 -173.870 289.650
-131.039 -173.873 289.650
-131.037 -173.890 289.649
-131.033 -173.920 289.649
-131.031 -173.930 289.649
-131.028 -173.944 289.649
-131.023 -173.972 289.649
-131.019 -173.991 289.649
-131.018 -173.994 289.649
-131.018 -174.000 289.649
-131.017 -174.005 289.649
-131.016 -174.012 289.649
-131.010 -174.042 289.649
-131.007 -174.060 289.649
-131.007 -174.063 289.649
-131.004 -174.076 289.649
-131.003 -174.080 289.649
-131.002 -174.085 289.649
-131.001 -174.089 289.649
-131.000 -174.093 289.649
-131.000 -174.097 289.649
-130.989 -174.132 289.649
-130.987 -174.137 289.649
-130.984 -174.148 289.649
-130.983 -174.151 289.649
-130.981 -174.170 289.649
-130.980 -174.177 289.649
-130.980 -174.181 289.649
-130.978 -174.198 289.649
-130.975 -174.230 289.649
-130.975 -174.233 289.649
-130.973 -174.248 289.649
-130.972 -174.256 289.649
-130.971 -174.263 289.649
-130.969 -174.281 289.649
-130.968 -174.289 289.649
-130.965 -174.322 289.649
-130.963 -174.333 289.649
-130.961 -174.340 289.649
-130.959 -174.342 289.649
-130.955 -174.363 289.648
-130.954 -174.366 289.648
-130.953 -174.369 289.648
-130.952 -174.372 289.648
-130.950 -174.377 289.648
-130.946 -174.397 289.648
-130.946 -174.422 289.648
-130.948 -174.436 289.648
-130.952 -174.444 289.648
-130.952 -174.464 289.648
-130.953 -174.497 289.648
-130.953 -174.505 289.648
-130.953 -174.526 289.648
-130.952 -174.533 289.648
-130.951 -174.544 289.648
-130.952 -174.573 289.648
-130.953 -174.576 289.648
-130.953 -174.583 289.648
-130.953 -174.593 289.648
-130.953 -174.611 289.648
-130.953 -174.618 289.648
-130.953 -174.622 289.648
-130.953 -174.626 289.648
-130.954 -174.629 289.648
-130.953 -174.653 289.648
-130.953 -174.661 289.648
-130.954 -174.672 289.648
-130.954 -174.681 289.648
-130.954 -174.686 289.648
-130.954 -174.692 289.648
-130.955 -174.695 289.648
-130.955 -174.701 289.648
-130.955 -174.718 289.648
-130.955 -174.722 289.648
-130.955 -174.731 289.648
-130.955 -174.734 289.648
-130.955 -174.743 289.648
-130.953 -174.774 289.648
-130.953 -174.781 289.648
-130.954 -174.790 289.648
-130.955 -174.795 289.648
-130.955 -174.824 289.647
-130.954 -174.860 289.647
-130.953 -174.881 289.647
-130.952 -174.908 289.647
-130.951 -174.918 289.647
-130.950 -174.934 289.647
-130.949 -174.945 289.647
-130.948 -174.955 289.647
-130.946 -174.976 289.647
-130.947 -174.983 289.647
-130.950 -174.985 289.647
-130.950 -174.991 289.647
-130.951 -174.998 289.647
-130.951 -175.005 289.647
-130.953 -175.012 289.647
-130.955 -175.037 289.647
-130.957 -175.048 289.647
-130.958 -175.060 289.647
-130.959 -175.066 289.647
-130.961 -175.077 289.647
-130.961 -175.080 289.647
-130.961 -175.088 289.647
-130.962 -175.098 289.647
-130.961 -175.115 289.647
-130.961 -175.135 289.647
-130.962 -175.142 289.647
-130.957 -175.175 289.647
-130.956 -175.192 289.647
-130.956 -175.202 289.647
-130.955 -175.211 289.647
-130.955 -175.216 289.647
-130.955 -175.228 289.647
-130.955 -175.239 289.647
-130.955 -175.255 289.647
-130.958 -175.266 289.647
-130.954 -175.293 289.646
-130.953 -175.305 289.646
-130.952 -175.312 289.646
-130.951 -175.314 289.646
-130.947 -175.348 289.646
-130.942 -175.377 289.646
-130.942 -175.391 289.646
-130.942 -175.401 289.646
-130.936 -175.429 289.646
-130.934 -175.445 289.646
-130.935 -175.453 289.646
-130.934 -175.463 289.646
-130.935 -175.466 289.646
-130.936 -175.468 289.646
-130.934 -175.479 289.646
-130.933 -175.494 289.646
-130.929 -175.523 289.646
-130.927 -175.532 289.646
-130.925 -175.536 289.646
-130.924 -175.539 289.646
-130.919 -175.559 289.646
-130.912 -175.580 289.646
-130.908 -175.595 289.646
-130.907 -175.600 289.646
-130.907 -175.630 289.646
-130.911 -175.650 289.646
-130.912 -175.683 289.646
-130.911 -175.685 289.646
-130.911 -175.694 289.646
-130.911 -175.722 289.646
-130.912 -175.737 289.646
-130.915 -175.772 289.645
-130.915 -175.782 289.645
-130.915 -175.787 289.645
-130.916 -175.811 289.645
-130.918 -175.820 289.645
-130.917 -175.855 289.645
-130.915 -175.860 289.645
-130.914 -175.862 289.645
-130.913 -175.867 289.645
-130.912 -175.870 289.645
-130.912 -175.877 289.645
-130.910 -175.878 289.645
-130.909 -175.886 289.645
-130.909 -175.889 289.645
-130.908 -175.907 289.645
-130.907 -175.931 289.645
-130.906 -175.944 289.645
-130.905 -175.965 289.645
-130.904 -175.979 289.645
-130.903 -176.011 289.645
-130.902 -176.023 289.645
-130.901 -176.033 289.645
-130.900 -176.038 289.645
-130.899 -176.046 289.645
-130.898 -176.063 289.645
-130.897 -176.074 289.645
-130.895 -176.081 289.645
-130.893 -176.101 289.645
-130.892 -176.109 289.645
-130.891 -176.124 289.645
-130.889 -176.136 289.645
-130.888 -176.145 289.645
-130.886 -176.166 289.645
-130.884 -176.196 289.645
-130.883 -176.205 289.644
-130.882 -176.209 289.644
-130.880 -176.216 289.644
-130.878 -176.222 289.644
-130.877 -176.229 289.644
-130.876 -176.237 289.644
-130.874 -176.249 289.644
-130.872 -176.256 289.644
-130.871 -176.271 289.644
-130.870 -176.277 289.644
-130.868 -176.282 289.644
-130.867 -176.288 289.644
-130.866 -176.293 289.644
-130.865 -176.300 289.644
-130.863 -176.306 289.644
-130.861 -176.308 289.644
-130.860 -176.319 289.644
-130.858 -176.327 289.644
-130.856 -176.331 289.644
-130.855 -176.335 289.644
-130.853 -176.341 289.644
-130.851 -176.349 289.644
-130.850 -176.352 289.644
-130.849 -176.364 289.644
-130.848 -176.367 289.644
-130.847 -176.374 289.644
-130.846 -176.381 289.644
-130.845 -176.386 289.644
-130.847 -176.409 289.644
-130.848 -176.413 289.644
-130.850 -176.428 289.644
-130.851 -176.431 289.644
-130.853 -176.443 289.644
-130.854 -176.448 289.644
-130.855 -176.457 289.644
-130.856 -176.461 289.644
-130.858 -176.473 289.644
-130.861 -176.509 289.644
-130.861 -176.512 289.644
-130.861 -176.519 289.644
-130.862 -176.526 289.644
-130.863 -176.532 289.644
-130.864 -176.534 289.644
-130.873 -176.570 289.644
-130.876 -176.579 289.644
-130.877 -176.582 289.644
-130.879 -176.592 289.644
-130.882 -176.607 289.644
-130.885 -176.642 289.644
-130.886 -176.659 289.644
-130.888 -176.673 289.643
-130.889 -176.681 289.643
-130.891 -176.691 289.643
-130.898 -176.726 289.643
-130.903 -176.755 289.643
-130.903 -176.760 289.643
-130.903 -176.763 289.643
-130.908 -176.790 289.643
-130.911 -176.798 289.643
-130.916 -176.818 289.643
-130.919 -176.830 289.643
-130.927 -176.860 289.643
-130.928 -176.867 289.643
-130.931 -176.885 289.643
-130.934 -176.903 289.643
-130.934 -176.911 289.643
-130.934 -176.915 289.643
-130.939 -176.937 289.643
-130.947 -176.971 289.643
-130.950 -176.986 289.643
-130.954 -177.005 289.643
-130.959 -177.028 289.643
-130.964 -177.041 289.643
-130.968 -177.052 289.643
-130.975 -177.071 289.643
-130.984 -177.097 289.643
-130.994 -177.124 289.643
-130.998 -177.135 289.642
-130.999 -177.138 289.642
-131.011 -177.163 289.642
-131.016 -177.172 289.642
-131.022 -177.182 289.642
-131.027 -177.190 289.642
-131.046 -177.214 289.642
-131.051 -177.222 289.642
-131.060 -177.237 289.642
-131.064 -177.241 289.642
-131.071 -177.248 289.642
-131.077 -177.255 289.642
-131.085 -177.266 289.642
-131.101 -177.287 289.642
-131.106 -177.293 289.642
-131.128 -177.321 289.642
-131.132 -177.326 289.642
-131.142 -177.337 289.642
-131.147 -177.341 289.642
-131.158 -177.350 289.642
-131.177 -177.371 289.642
-131.183 -177.379 289.642
-131.187 -177.385 289.642
-131.191 -177.392 289.642
-131.192 -177.396 289.642
-131.200 -177.407 289.642
-131.209 -177.421 289.642
-131.211 -177.424 289.642
-131.211 -177.427 289.642
-131.221 -177.443 289.642
-131.236 -177.467 289.642
-131.244 -177.481 289.642
-131.248 -177.488 289.642
-131.257 -177.504 289.642
-131.256 -177.507 289.642
-131.258 -177.509 289.642
-131.261 -177.512 289.642
-131.273 -177.524 289.642
-131.286 -177.537 289.642
-131.292 -177.539 289.642
-131.301 -177.549 289.642
-131.310 -177.561 289.642
-131.314 -177.563 289.642
-131.320 -177.569 289.642
-131.322 -177.570 289.642
-131.329 -177.578 289.642
-131.336 -177.587 289.642
-131.339 -177.590 289.642
-131.342 -177.593 289.642
-131.360 -177.615 289.641
-131.366 -177.621 289.641
-131.372 -177.629 289.641
-131.382 -177.641 289.641
-131.385 -177.640 289.641
-131.391 -177.647 289.641
-131.406 -177.662 289.641
-131.411 -177.667 289.641
-131.414 -177.669 289.641
-131.422 -177.676 289.641
-131.430 -177.683 289.641
-131.435 -177.688 289.641
-131.441 -177.692 289.641
-131.448 -177.699 289.641
-131.453 -177.700 289.641
-131.455 -177.702 289.641
-131.461 -177.706 289.641
-131.468 -177.714 289.641
-131.476 -177.725 289.641
-131.484 -177.735 289.641
-131.487 -177.737 289.641
-131.493 -177.746 289.641
-131.517 -177.772 289.641
-131.537 -177.798 289.641
-131.547 -177.811 289.641
-131.569 -177.839 289.641
-131.573 -177.842 289.641
-131.577 -177.846 289.641
-131.596 -177.877 289.641
-131.599 -177.882 289.641
-131.603 -177.893 289.641
-131.610 -177.905 289.641
-131.611 -177.908 289.641
-131.617 -177.917 289.641
-131.621 -177.925 289.641
-131.626 -177.934 289.641
-131.629 -177.939 289.641
-131.642 -177.964 289.641
-131.652 -177.980 289.641
-131.657 -177.990 289.641
-131.660 -177.996 289.641
-131.676 -178.024 289.641
-131.685 -178.040 289.641
-131.688 -178.048 289.641
-131.690 -178.054 289.641
-131.698 -178.067 289.640
-131.699 -178.069 289.640
-131.705 -178.079 289.640
-131.707 -178.088 289.640
-131.716 -178.103 289.640
-131.717 -178.107 289.640
-131.721 -178.116 289.640
-131.727 -178.128 289.640
-131.729 -178.132 289.640
-131.744 -178.157 289.640
-131.742 -178.160 289.640
-131.743 -178.162 289.640
-131.747 -178.169 289.640
-131.748 -178.171 289.640
-131.750 -178.175 289.640
-131.758 -178.195 289.640
-131.759 -178.198 289.640
-131.761 -178.202 289.640
-131.765 -178.211 289.640
-131.766 -178.213 289.640
-131.768 -178.217 289.640
-131.771 -178.222 289.640
-131.777 -178.232 289.640
-131.782 -178.244 289.640
-131.783 -178.247 289.640
-131.784 -178.251 289.640
-131.792 -178.269 289.640
-131.797 -178.277 289.640
-131.799 -178.280 289.640
-131.818 -178.307 289.640
-131.829 -178.323 289.640
-131.833 -178.329 289.640
-131.835 -178.332 289.640
-131.840 -178.340 289.640
-131.846 -178.349 289.640
-131.855 -178.363 289.640
-131.864 -178.376 289.640
-131.885 -178.405 289.640
-131.892 -178.414 289.640
-131.916 -178.442 289.640
-131.925 -178.453 289.640
-131.929 -178.457 289.640
-131.935 -178.464 289.640
-131.945 -178.476 289.640
-131.957 -178.490 289.640
-131.964 -178.498 289.640
-131.982 -178.522 289.640
-132.004 -178.549 289.639
-132.024 -178.573 289.639
-132.048 -178.599 289.639
-132.052 -178.603 289.639
-132.077 -178.629 289.639
-132.080 -178.632 289.639
-132.096 -178.638 289.639
-132.102 -178.640 289.639
-132.131 -178.651 289.639
-132.140 -178.652 289.639
