38.912 135.476 272.482
38.912 135.486 272.482
38.902 135.496 272.482
38.892 135.506 272.482
38.892 135.516 272.482
38.882 135.526 272.482
38.872 135.536 272.482
38.872 135.546 272.482
38.862 135.556 272.482
38.852 135.566 272.482
38.842 135.576 272.482
38.832 135.586 272.482
38.832 135.596 272.482
38.822 135.606 272.482
38.812 135.616 272.482
38.802 135.626 272.482
38.792 135.636 272.482
38.782 135.646 272.482
38.782 135.656 272.482
38.772 135.666 272.482
38.762 135.676 272.482
38.762 135.686 272.482
38.752 135.696 272.482
38.752 135.706 272.482
38.742 135.716 272.482
38.732 135.726 272.482
38.732 135.736 272.482
38.722 135.746 272.482
38.722 135.756 272.482
38.712 135.766 272.482
38.712 135.776 272.482
38.702 135.786 272.482
38.692 135.796 272.482
38.692 135.806 272.482
38.672 135.816 272.482
38.662 135.826 272.482
38.662 135.846 272.482
38.652 135.856 272.482
38.652 135.866 272.482
38.642 135.876 272.482
38.642 135.886 272.482
38.642 135.896 272.482
38.642 135.906 272.482
38.632 135.916 272.482
38.632 135.926 272.482
38.622 135.936 272.482
38.622 135.946 272.482
38.622 135.956 272.482
38.622 135.966 272.482
38.622 135.976 272.482
38.622 135.986 272.482
38.612 135.996 272.482
38.612 136.006 272.482
38.602 136.016 272.482
38.602 136.026 272.482
38.602 136.036 272.482
38.602 136.046 272.482
38.592 136.066 272.482
38.592 136.076 272.482
38.592 136.086 272.482
38.582 136.096 272.482
38.582 136.106 272.482
38.572 136.116 272.482
38.572 136.126 272.482
38.562 136.136 272.482
38.562 136.146 272.482
38.552 136.156 272.482
38.552 136.166 272.482
38.542 136.176 272.482
38.532 136.186 272.482
38.532 136.196 272.482
38.522 136.206 272.482
38.522 136.216 272.482
38.522 136.226 272.482
38.512 136.236 272.482
38.512 136.256 272.482
38.512 136.276 272.482
38.502 136.286 272.482
38.502 136.296 272.482
38.502 136.306 272.482
38.502 136.326 272.482
38.482 136.336 272.482
38.482 136.346 272.482
38.482 136.356 272.482
38.472 136.366 272.482
38.462 136.376 272.482
38.452 136.386 272.482
38.452 136.396 272.482
38.432 136.406 272.482
38.432 136.416 272.482
38.422 136.426 272.482
38.412 136.436 272.482
38.412 136.446 272.482
38.402 136.456 272.482
38.392 136.466 272.482
38.372 136.476 272.482
38.372 136.486 272.482
38.362 136.496 272.482
38.352 136.506 272.482
38.342 136.516 272.482
38.332 136.516 272.482
38.322 136.526 272.482
38.312 136.546 272.482
38.302 136.556 272.482
38.292 136.576 272.482
38.282 136.596 272.482
38.272 136.616 272.482
38.262 136.646 272.482
38.252 136.666 272.482
38.242 136.686 272.482
38.232 136.726 272.482
38.232 136.736 272.482
38.232 136.746 272.482
38.232 136.756 272.482
38.222 136.796 272.482
38.212 136.816 272.482
38.202 136.856 272.482
38.202 136.866 272.482
38.202 136.876 272.482
38.192 136.916 272.482
38.192 136.926 272.482
38.182 136.936 272.482
38.172 136.936 272.482
38.162 136.936 272.482
38.152 136.936 272.482
38.142 136.966 272.482
38.132 136.966 272.482
38.122 136.976 272.482
38.112 136.996 272.482
38.102 136.996 272.482
38.092 137.016 272.482
38.082 137.026 272.482
38.072 137.046 272.482
38.062 137.056 272.482
38.052 137.066 272.482
38.042 137.076 272.482
38.032 137.096 272.482
38.022 137.106 272.482
38.002 137.126 272.482
37.992 137.136 272.482
37.982 137.156 272.482
37.972 137.156 272.482
37.962 137.166 272.482
37.952 137.176 272.482
37.942 137.206 272.482
37.932 137.226 272.482
37.922 137.246 272.482
37.912 137.276 272.482
37.912 137.306 272.482
37.912 137.316 272.482
37.912 137.336 272.482
37.912 137.346 272.482
37.912 137.356 272.482
37.912 137.366 272.482
37.922 137.366 272.482
37.922 137.376 272.482
37.922 137.386 272.482
37.932 137.386 272.482
37.932 137.396 272.482
37.942 137.396 272.482
37.942 137.406 272.482
37.952 137.406 272.482
37.952 137.416 272.482
37.952 137.426 272.482
37.962 137.426 272.482
37.962 137.436 272.482
37.972 137.436 272.482
37.972 137.446 272.482
37.982 137.446 272.482
37.982 137.456 272.482
37.992 137.466 272.482
38.002 137.466 272.482
38.012 137.476 272.482
38.012 137.486 272.482
38.022 137.486 272.482
38.022 137.496 272.482
38.032 137.496 272.482
38.032 137.506 272.482
38.042 137.506 272.482
38.052 137.516 272.482
38.062 137.516 272.482
38.062 137.526 272.482
38.072 137.526 272.482
38.082 137.526 272.482
38.082 137.536 272.482
38.092 137.536 272.482
38.102 137.536 272.482
38.102 137.546 272.482
38.112 137.546 272.482
38.122 137.546 272.482
38.132 137.556 272.482
38.142 137.556 272.482
38.142 137.566 272.482
38.152 137.566 272.482
38.152 137.576 272.482
38.162 137.576 272.482
38.172 137.576 272.482
38.172 137.586 272.482
38.182 137.586 272.482
38.182 137.596 272.482
38.192 137.606 272.482
38.192 137.616 272.482
38.202 137.616 272.482
38.202 137.626 272.482
38.212 137.636 272.482
38.212 137.646 272.482
38.222 137.646 272.482
38.222 137.656 272.482
38.222 137.666 272.482
38.222 137.676 272.482
38.232 137.676 272.482
38.232 137.686 272.482
38.232 137.696 272.482
38.242 137.696 272.482
38.242 137.706 272.482
38.242 137.716 272.482
38.242 137.726 272.482
38.252 137.726 272.482
38.252 137.736 272.482
38.252 137.746 272.482
38.262 137.746 272.482
38.262 137.756 272.482
38.262 137.766 272.482
38.262 137.776 272.482
38.272 137.786 272.482
38.272 137.796 272.482
38.272 137.806 272.482
38.282 137.806 272.482
38.282 137.816 272.482
38.292 137.816 272.482
38.292 137.826 272.482
38.302 137.836 272.482
38.312 137.836 272.482
38.312 137.846 272.482
38.322 137.846 272.482
38.332 137.846 272.482
38.332 137.856 272.482
38.342 137.856 272.482
38.352 137.856 272.482
38.362 137.866 272.482
38.372 137.866 272.482
38.382 137.866 272.482
38.392 137.876 272.482
38.402 137.876 272.482
38.412 137.876 272.482
38.422 137.876 272.482
38.432 137.886 272.482
38.442 137.886 272.482
38.452 137.886 272.482
38.462 137.886 272.482
38.472 137.886 272.482
38.482 137.886 272.482
38.492 137.886 272.482
38.502 137.886 272.482
38.512 137.896 272.482
38.522 137.896 272.482
38.532 137.896 272.482
38.542 137.896 272.482
38.552 137.906 272.482
38.562 137.906 272.482
38.572 137.916 272.482
38.582 137.926 272.482
38.592 137.926 272.482
38.602 137.936 272.482
38.612 137.946 272.482
38.622 137.966 272.482
38.632 137.976 272.482
38.642 137.986 272.482
38.652 138.006 272.482
38.662 138.016 272.482
38.672 138.036 272.482
38.682 138.046 272.482
38.692 138.056 272.482
38.702 138.066 272.482
38.712 138.076 272.482
38.722 138.076 272.482
38.732 138.086 272.482
38.742 138.086 272.482
38.752 138.096 272.482
38.762 138.096 272.482
38.772 138.106 272.482
38.782 138.106 272.482
38.792 138.106 272.482
38.802 138.116 272.482
38.812 138.116 272.482
38.822 138.126 272.482
38.832 138.126 272.482
38.842 138.136 272.482
38.852 138.136 272.482
38.862 138.146 272.482
38.872 138.146 272.482
38.882 138.156 272.482
38.892 138.156 272.482
38.902 138.166 272.482
38.912 138.176 272.482
38.922 138.176 272.482
38.932 138.186 272.482
38.942 138.186 272.482
38.952 138.186 272.482
38.962 138.196 272.482
38.972 138.206 272.482
38.982 138.206 272.482
38.992 138.216 272.482
39.002 138.226 272.482
39.012 138.236 272.482
39.022 138.236 272.482
39.032 138.246 272.482
39.042 138.246 272.482
39.052 138.256 272.482
39.062 138.256 272.482
39.072 138.256 272.482
39.082 138.266 272.482
39.092 138.276 272.482
39.102 138.296 272.482
39.112 138.306 272.482
39.122 138.326 272.482
39.132 138.336 272.482
39.142 138.356 272.482
39.152 138.366 272.482
39.162 138.386 272.482
39.172 138.406 272.482
39.182 138.436 272.482
39.192 138.456 272.482
39.202 138.486 272.482
39.212 138.506 272.482
39.222 138.536 272.482
39.232 138.556 272.482
39.242 138.576 272.482
39.252 138.596 272.482
39.272 138.626 272.482
39.282 138.646 272.482
39.292 138.656 272.482
39.302 138.666 272.482
39.312 138.686 272.482
39.322 138.696 272.482
39.332 138.706 272.482
39.342 138.726 272.482
39.352 138.736 272.482
39.362 138.746 272.482
39.372 138.766 272.482
39.382 138.776 272.482
39.392 138.806 272.482
39.402 138.826 272.482
39.412 138.846 272.482
39.422 138.866 272.482
39.432 138.886 272.482
39.442 138.906 272.482
39.452 138.916 272.482
39.462 138.936 272.482
39.472 138.946 272.482
39.482 138.946 272.482
39.492 138.946 272.482
39.502 138.956 272.482
39.512 138.966 272.482
39.522 138.966 272.482
39.532 138.966 272.482
39.542 138.966 272.482
39.562 138.956 272.482
39.572 138.956 272.482
39.592 138.946 272.482
39.602 138.946 272.482
39.612 138.946 272.482
39.632 138.936 272.482
39.642 138.936 272.482
39.662 138.926 272.482
39.672 138.926 272.482
39.682 138.926 272.482
39.702 138.916 272.482
39.712 138.916 272.482
39.722 138.916 272.482
39.742 138.906 272.482
39.752 138.906 272.482
39.762 138.906 272.482
39.782 138.896 272.482
39.792 138.896 272.482
39.802 138.896 272.482
39.812 138.896 272.482
39.822 138.896 272.482
39.842 138.886 272.482
39.852 138.886 272.482
39.862 138.886 272.482
39.872 138.886 272.482
39.882 138.896 272.482
39.892 138.896 272.482
39.902 138.896 272.482
39.912 138.896 272.482
39.922 138.896 272.482
39.932 138.896 272.482
39.942 138.896 272.482
39.952 138.906 272.482
39.962 138.906 272.482
39.972 138.906 272.482
39.982 138.906 272.482
39.992 138.906 272.482
40.002 138.906 272.482
40.012 138.916 272.482
40.022 138.916 272.482
40.032 138.916 272.482
40.042 138.916 272.482
40.052 138.916 272.482
40.062 138.916 272.482
40.072 138.916 272.482
40.082 138.916 272.482
40.092 138.916 272.482
40.102 138.916 272.482
40.112 138.926 272.482
40.122 138.926 272.482
40.132 138.926 272.482
40.142 138.926 272.482
40.152 138.926 272.482
40.162 138.926 272.482
40.172 138.926 272.482
40.182 138.926 272.482
40.192 138.926 272.482
40.202 138.926 272.482
40.212 138.926 272.482
40.222 138.926 272.482
40.232 138.926 272.482
40.242 138.926 272.482
40.252 138.926 272.482
40.272 138.916 272.482
40.282 138.926 272.482
40.302 138.916 272.482
40.312 138.926 272.482
40.332 138.916 272.482
40.352 138.916 272.482
40.372 138.916 272.482
40.382 138.916 272.482
40.392 138.916 272.482
40.402 138.926 272.482
40.422 138.926 272.482
40.432 138.936 272.482
40.442 138.936 272.482
40.462 138.946 272.482
40.472 138.956 272.482
40.482 138.956 272.482
40.492 138.966 272.482
40.502 138.976 272.482
40.512 138.986 272.482
40.522 138.986 272.482
40.542 139.016 272.482
40.552 139.026 272.482
40.562 139.026 272.482
40.572 139.036 272.482
40.582 139.046 272.482
40.592 139.046 272.482
40.602 139.056 272.482
40.612 139.066 272.482
40.622 139.066 272.482
40.632 139.076 272.482
40.642 139.076 272.482
40.652 139.076 272.482
40.662 139.086 272.482
40.672 139.086 272.482
40.682 139.086 272.482
40.692 139.096 272.482
40.702 139.096 272.482
40.712 139.096 272.482
40.722 139.096 272.482
40.732 139.096 272.482
40.742 139.106 272.482
40.752 139.106 272.482
40.762 139.116 272.482
40.772 139.116 272.482
40.782 139.116 272.482
40.792 139.116 272.482
40.802 139.126 272.482
40.812 139.126 272.482
40.822 139.136 272.482
40.832 139.146 272.482
40.842 139.146 272.482
40.852 139.156 272.482
40.862 139.156 272.482
40.872 139.156 272.482
40.882 139.166 272.482
40.892 139.166 272.482
40.902 139.166 272.482
40.912 139.176 272.482
40.922 139.176 272.482
40.932 139.176 272.482
40.942 139.186 272.482
40.952 139.196 272.482
40.962 139.196 272.482
40.972 139.206 272.482
40.982 139.206 272.482
40.992 139.216 272.482
41.002 139.216 272.482
41.012 139.216 272.482
41.022 139.226 272.482
41.032 139.226 272.482
41.042 139.236 272.482
41.052 139.246 272.482
41.062 139.256 272.482
41.072 139.256 272.482
41.092 139.276 272.482
41.102 139.286 272.482
41.112 139.286 272.482
41.122 139.296 272.482
41.132 139.296 272.482
41.142 139.296 272.482
41.152 139.296 272.482
41.162 139.296 272.482
41.172 139.296 272.482
41.182 139.296 272.482
41.192 139.296 272.482
41.202 139.296 272.482
41.212 139.306 272.482
41.222 139.306 272.482
41.232 139.306 272.482
41.242 139.306 272.482
41.252 139.306 272.482
41.262 139.316 272.482
41.272 139.316 272.482
41.282 139.316 272.482
41.292 139.326 272.482
41.302 139.326 272.482
41.312 139.336 272.482
41.322 139.336 272.482
41.332 139.336 272.482
41.342 139.346 272.482
41.352 139.346 272.482
41.362 139.346 272.482
41.372 139.356 272.482
41.382 139.356 272.482
41.392 139.366 272.482
41.402 139.366 272.482
41.412 139.366 272.482
41.422 139.366 272.482
41.432 139.376 272.482
41.442 139.386 272.482
41.452 139.386 272.482
41.462 139.386 272.482
41.472 139.396 272.482
41.482 139.406 272.482
41.492 139.406 272.482
41.502 139.406 272.482
41.512 139.416 272.482
41.522 139.426 272.482
41.532 139.426 272.482
41.542 139.436 272.482
41.552 139.436 272.482
41.562 139.446 272.482
41.572 139.446 272.482
41.582 139.456 272.482
41.592 139.456 272.482
41.602 139.466 272.482
41.612 139.466 272.482
41.622 139.476 272.482
41.632 139.476 272.482
41.642 139.486 272.482
41.652 139.486 272.482
41.662 139.496 272.482
41.672 139.496 272.482
41.682 139.506 272.482
41.692 139.516 272.482
41.702 139.526 272.482
41.712 139.526 272.482
41.722 139.526 272.482
41.732 139.536 272.482
41.742 139.536 272.482
41.752 139.546 272.482
41.762 139.546 272.482
41.782 139.556 272.482
41.792 139.566 272.482
41.802 139.566 272.482
41.812 139.576 272.482
41.822 139.576 272.482
41.832 139.586 272.482
41.842 139.586 272.482
41.852 139.596 272.482
41.862 139.596 272.482
41.872 139.596 272.482
41.882 139.606 272.482
41.892 139.606 272.482
41.902 139.616 272.482
41.912 139.616 272.482
41.922 139.626 272.482
41.932 139.626 272.482
41.942 139.636 272.482
41.952 139.636 272.482
41.962 139.646 272.482
41.972 139.646 272.482
41.982 139.656 272.482
41.992 139.656 272.482
42.002 139.666 272.482
42.012 139.666 272.482
42.022 139.676 272.482
42.032 139.676 272.482
42.042 139.686 272.482
42.052 139.686 272.482
42.062 139.696 272.482
42.072 139.696 272.482
42.082 139.696 272.482
42.092 139.706 272.482
42.102 139.706 272.482
42.112 139.716 272.482
42.122 139.716 272.482
42.132 139.726 272.482
42.142 139.726 272.482
42.152 139.726 272.482
42.162 139.736 272.482
42.172 139.736 272.482
42.182 139.736 272.482
42.192 139.746 272.482
42.202 139.746 272.482
42.212 139.756 272.482
42.222 139.756 272.482
42.232 139.766 272.482
42.242 139.766 272.482
42.252 139.776 272.482
42.262 139.776 272.482
42.272 139.776 272.482
42.282 139.786 272.482
42.292 139.786 272.482
42.302 139.796 272.482
42.312 139.796 272.482
42.322 139.806 272.482
42.332 139.806 272.482
42.342 139.816 272.482
42.352 139.816 272.482
42.362 139.826 272.482
42.372 139.826 272.482
42.382 139.826 272.482
42.392 139.836 272.482
42.402 139.836 272.482
42.412 139.846 272.482
42.422 139.846 272.482
42.432 139.856 272.482
42.442 139.856 272.482
42.452 139.866 272.482
42.462 139.866 272.482
42.472 139.876 272.482
42.482 139.876 272.482
42.492 139.886 272.482
42.502 139.886 272.482
42.512 139.886 272.482
42.522 139.896 272.482
42.532 139.896 272.482
42.542 139.896 272.482
42.552 139.896 272.482
42.562 139.896 272.482
42.572 139.906 272.482
42.582 139.906 272.482
42.592 139.906 272.482
42.602 139.906 272.482
42.612 139.916 272.482
42.622 139.916 272.482
42.632 139.916 272.482
42.642 139.916 272.482
42.652 139.916 272.482
42.662 139.916 272.482
42.672 139.926 272.482
42.692 139.916 272.482
42.702 139.916 272.482
42.712 139.916 272.482
42.722 139.916 272.482
42.732 139.916 272.482
42.742 139.916 272.482
42.752 139.916 272.482
42.772 139.906 272.482
42.782 139.906 272.482
42.792 139.906 272.482
42.802 139.906 272.482
42.812 139.906 272.482
42.822 139.906 272.482
42.832 139.896 272.482
42.842 139.896 272.482
42.852 139.896 272.482
42.862 139.886 272.482
42.872 139.886 272.482
42.882 139.876 272.482
42.892 139.876 272.482
42.902 139.876 272.482
42.912 139.866 272.482
42.922 139.856 272.482
42.932 139.856 272.482
42.952 139.846 272.482
42.962 139.836 272.482
42.972 139.836 272.482
42.982 139.826 272.482
42.992 139.816 272.482
43.002 139.806 272.482
43.012 139.806 272.482
43.022 139.796 272.482
43.032 139.796 272.482
43.042 139.786 272.482
43.062 139.766 272.482
43.072 139.766 272.482
43.082 139.756 272.482
43.092 139.756 272.482
43.112 139.736 272.482
43.122 139.736 272.482
43.132 139.726 272.482
43.142 139.726 272.482
43.152 139.716 272.482
43.162 139.716 272.482
43.172 139.716 272.482
43.182 139.706 272.482
43.192 139.696 272.482
43.202 139.696 272.482
43.222 139.706 272.482
43.232 139.696 272.482
43.252 139.706 272.482
43.252 139.716 272.482
43.262 139.726 272.482
43.252 139.746 272.482
43.242 139.786 272.482
43.242 139.796 272.482
43.242 139.836 272.482
43.232 139.866 272.482
43.222 139.906 272.482
43.222 139.916 272.482
43.212 139.936 272.482
43.202 139.966 272.482
43.192 139.986 272.482
43.182 140.006 272.482
43.172 140.036 272.482
43.162 140.066 272.482
43.162 140.086 272.482
43.162 140.096 272.482
43.162 140.106 272.482
43.172 140.106 272.482
43.172 140.116 272.482
43.182 140.116 272.482
43.182 140.126 272.482
43.192 140.126 272.482
43.192 140.136 272.482
43.192 140.146 272.482
43.202 140.156 272.482
43.212 140.156 272.482
43.222 140.156 272.482
43.232 140.156 272.482
43.232 140.166 272.482
43.232 140.176 272.482
43.242 140.176 272.482
43.242 140.186 272.482
43.252 140.186 272.482
43.252 140.196 272.482
43.262 140.196 272.482
43.272 140.196 272.482
43.282 140.196 272.482
43.292 140.206 272.482
43.302 140.206 272.482
43.312 140.216 272.482
43.322 140.216 272.482
43.332 140.226 272.482
43.342 140.226 272.482
43.352 140.236 272.482
43.362 140.236 272.482
43.372 140.246 272.482
43.382 140.246 272.482
43.392 140.256 272.482
43.402 140.276 272.482
43.412 140.286 272.482
43.422 140.286 272.482
43.432 140.296 272.482
43.442 140.296 272.482
43.452 140.306 272.482
43.462 140.316 272.482
43.472 140.336 272.482
43.482 140.336 272.482
43.492 140.336 272.482
43.502 140.356 272.482
43.512 140.356 272.482
43.522 140.356 272.482
43.532 140.376 272.482
43.542 140.376 272.482
43.552 140.386 272.482
43.562 140.396 272.482
43.572 140.406 272.482
43.582 140.406 272.482
43.592 140.406 272.482
43.602 140.406 272.482
43.632 140.426 272.482
43.642 140.436 272.482
43.662 140.436 272.482
43.682 140.456 272.482
43.692 140.456 272.482
43.702 140.456 272.482
43.712 140.456 272.482
43.722 140.456 272.482
43.732 140.466 272.482
43.742 140.466 272.482
43.752 140.476 272.482
43.772 140.476 272.482
43.802 140.496 272.482
43.822 140.516 272.482
43.832 140.526 272.482
43.842 140.526 272.482
43.862 140.546 272.482
43.872 140.556 272.482
43.882 140.556 272.482
43.902 140.566 272.482
43.912 140.576 272.482
43.932 140.586 272.482
43.942 140.586 272.482
43.952 140.596 272.482
43.962 140.596 272.482
43.972 140.606 272.482
43.982 140.606 272.482
43.992 140.606 272.482
44.002 140.616 272.482
44.012 140.616 272.482
44.022 140.626 272.482
44.032 140.636 272.482
44.042 140.636 272.482
44.052 140.646 272.482
44.062 140.646 272.482
44.072 140.646 272.482
44.082 140.656 272.482
44.092 140.656 272.482
44.102 140.666 272.482
44.112 140.666 272.482
44.122 140.676 272.482
44.132 140.676 272.482
44.142 140.686 272.482
44.152 140.696 272.482
44.162 140.696 272.482
44.172 140.706 272.482
44.182 140.716 272.482
44.192 140.716 272.482
44.202 140.726 272.482
44.212 140.736 272.482
44.222 140.746 272.482
44.232 140.746 272.482
44.242 140.756 272.482
44.252 140.756 272.482
44.262 140.766 272.482
44.272 140.776 272.482
44.282 140.776 272.482
44.292 140.786 272.482
44.302 140.786 272.482
44.312 140.796 272.482
44.322 140.806 272.482
44.332 140.806 272.482
44.362 140.826 272.482
44.372 140.826 272.482
44.392 140.836 272.482
44.412 140.846 272.482
44.432 140.856 272.482
44.462 140.876 272.482
44.482 140.886 272.482
44.502 140.896 272.482
44.522 140.906 272.482
44.542 140.916 272.482
44.562 140.926 272.482
44.592 140.946 272.482
44.612 140.956 272.482
44.632 140.966 272.482
44.662 140.986 272.482
44.672 140.986 272.482
44.692 140.996 272.482
44.712 141.006 272.482
44.732 141.016 272.482
44.752 141.026 272.482
44.782 141.046 272.482
44.802 141.056 272.482
44.822 141.066 272.482
44.842 141.076 272.482
44.862 141.086 272.482
44.882 141.096 272.482
44.902 141.106 272.482
44.922 141.116 272.482
44.942 141.126 272.482
44.962 141.136 272.482
44.982 141.146 272.482
45.012 141.166 272.482
45.032 141.176 272.482
45.052 141.186 272.482
45.082 141.206 272.482
45.102 141.216 272.482
45.122 141.226 272.482
45.132 141.226 272.482
45.152 141.236 272.482
45.172 141.246 272.482
45.192 141.256 272.482
45.202 141.256 272.482
45.212 141.256 272.482
45.232 141.266 272.482
45.242 141.266 272.482
45.262 141.276 272.482
45.282 141.286 272.482
45.292 141.286 272.482
45.312 141.296 272.482
45.322 141.296 272.482
45.332 141.296 272.482
45.352 141.306 272.482
45.362 141.306 272.482
45.372 141.306 272.482
45.382 141.306 272.482
45.402 141.316 272.482
45.412 141.316 272.482
45.422 141.316 272.482
45.442 141.326 272.482
45.452 141.326 272.482
45.472 141.336 272.482
45.492 141.346 272.482
45.512 141.356 272.482
45.522 141.366 272.482
45.552 141.386 272.482
45.562 141.386 272.482
45.582 141.396 272.482
45.612 141.416 272.482
45.632 141.426 272.482
45.652 141.436 272.482
45.662 141.436 272.482
45.682 141.446 272.482
45.702 141.456 272.482
45.722 141.466 272.482
45.732 141.466 272.482
45.752 141.476 272.482
45.782 141.496 272.482
45.802 141.506 272.482
45.812 141.516 272.482
45.822 141.526 272.482
45.832 141.536 272.482
45.842 141.556 272.482
45.852 141.566 272.482
45.872 141.596 272.482
45.882 141.606 272.482
45.892 141.616 272.482
45.892 141.626 272.482
45.902 141.636 272.482
45.932 141.656 272.482
45.942 141.666 272.482
45.952 141.666 272.482
45.972 141.676 272.482
45.992 141.686 272.482
46.012 141.696 272.482
46.032 141.706 272.482
46.042 141.716 272.482
46.052 141.726 272.482
46.062 141.736 272.482
46.072 141.746 272.482
46.082 141.756 272.482
46.092 141.766 272.482
46.092 141.776 272.482
46.102 141.786 272.482
46.112 141.806 272.482
46.122 141.826 272.482
46.132 141.846 272.482
46.142 141.866 272.482
46.142 141.876 272.482
46.162 141.896 272.482
46.192 141.916 272.482
46.202 141.916 272.482
46.222 141.926 272.482
46.232 141.926 272.482
46.242 141.926 272.482
46.252 141.926 272.482
46.272 141.936 272.482
46.282 141.936 272.482
46.302 141.946 272.482
46.322 141.956 272.482
46.332 141.956 272.482
46.342 141.956 272.482
46.362 141.966 272.482
46.372 141.966 272.482
46.382 141.966 272.482
46.392 141.966 272.482
46.412 141.976 272.482
46.422 141.966 272.482
46.432 141.966 272.482
46.442 141.966 272.482
46.452 141.966 272.482
46.462 141.966 272.482
46.472 141.966 272.482
46.482 141.956 272.482
46.492 141.956 272.482
46.502 141.956 272.482
46.512 141.956 272.482
46.522 141.956 272.482
46.532 141.946 272.482
46.552 141.956 272.482
46.562 141.956 272.482
46.572 141.956 272.482
46.582 141.956 272.482
46.592 141.956 272.482
46.602 141.956 272.482
46.622 141.966 272.482
46.632 141.966 272.482
46.642 141.966 272.482
46.652 141.966 272.482
46.662 141.966 272.482
46.682 141.976 272.482
46.692 141.976 272.482
46.702 141.976 272.482
46.722 141.986 272.482
46.732 141.986 272.482
46.742 141.986 272.482
46.762 141.996 272.482
46.772 141.996 272.482
46.792 142.006 272.482
46.802 142.006 272.482
46.832 142.026 272.482
46.842 142.026 272.482
46.862 142.036 272.482
46.882 142.046 272.482
46.912 142.066 272.482
46.922 142.066 272.482
46.952 142.086 272.482
46.972 142.096 272.482
47.002 142.116 272.482
47.022 142.126 272.482
47.042 142.136 272.482
47.072 142.156 272.482
47.082 142.156 272.482
47.102 142.166 272.482
47.122 142.176 272.482
47.152 142.196 272.482
47.172 142.206 272.482
47.192 142.216 272.482
47.212 142.226 272.482
47.232 142.236 272.482
47.262 142.256 272.482
47.282 142.266 272.482
47.302 142.276 272.482
47.312 142.276 272.482
47.332 142.286 272.482
47.352 142.296 272.482
47.372 142.306 272.482
47.382 142.306 272.482
47.412 142.326 272.482
47.432 142.336 272.482
47.452 142.346 272.482
47.472 142.356 272.482
47.492 142.366 272.482
47.512 142.376 272.482
47.542 142.396 272.482
47.562 142.406 272.482
47.582 142.416 272.482
47.612 142.436 272.482
47.622 142.436 272.482
47.642 142.446 272.482
47.662 142.456 272.482
47.682 142.466 272.482
47.702 142.476 272.482
47.722 142.486 272.482
47.742 142.496 272.482
47.762 142.506 272.482
47.782 142.516 272.482
47.802 142.526 272.482
47.822 142.536 272.482
47.832 142.536 272.482
47.852 142.546 272.482
47.882 142.566 272.482
47.902 142.576 272.482
47.922 142.586 272.482
47.942 142.596 272.482
47.962 142.606 272.482
47.992 142.626 272.482
48.012 142.636 272.482
48.032 142.646 272.482
48.052 142.656 272.482
48.072 142.666 272.482
48.092 142.676 272.482
48.112 142.686 272.482
48.132 142.696 272.482
48.152 142.706 272.482
48.172 142.716 272.482
48.192 142.726 272.482
48.212 142.736 272.482
48.242 142.756 272.482
48.272 142.776 272.482
48.282 142.786 272.482
48.292 142.796 272.482
48.302 142.806 272.482
48.312 142.826 272.482
48.312 142.836 272.482
48.312 142.846 272.482
48.312 142.856 272.482
48.312 142.866 272.482
48.312 142.876 272.482
48.312 142.886 272.482
48.312 142.896 272.482
48.312 142.906 272.482
48.302 142.946 272.482
48.302 142.956 272.482
48.302 142.966 272.482
48.302 142.976 272.482
48.302 142.986 272.482
48.302 143.006 272.482
48.302 143.016 272.482
48.302 143.026 272.482
48.302 143.036 272.482
48.302 143.046 272.482
48.292 143.086 272.482
48.292 143.096 272.482
48.292 143.106 272.482
48.302 143.106 272.482
48.312 143.106 272.482
48.322 143.116 272.482
48.332 143.126 272.482
48.342 143.136 272.482
48.352 143.146 272.482
48.362 143.146 272.482
48.372 143.156 272.482
48.382 143.156 272.482
48.392 143.166 272.482
48.402 143.166 272.482
48.412 143.176 272.482
48.422 143.176 272.482
48.432 143.186 272.482
48.442 143.196 272.482
48.452 143.196 272.482
48.462 143.206 272.482
48.472 143.216 272.482
48.482 143.216 272.482
48.492 143.216 272.482
48.502 143.216 272.482
48.512 143.226 272.482
48.522 143.226 272.482
48.532 143.236 272.482
48.542 143.246 272.482
48.552 143.246 272.482
48.562 143.246 272.482
48.572 143.256 272.482
48.582 143.256 272.482
48.592 143.266 272.482
48.602 143.266 272.482
48.612 143.276 272.482
48.622 143.276 272.482
48.632 143.286 272.482
48.642 143.296 272.482
48.652 143.306 272.482
48.662 143.306 272.482
48.672 143.316 272.482
48.682 143.316 272.482
48.692 143.326 272.482
48.702 143.336 272.482
48.712 143.346 272.482
48.722 143.356 272.482
48.732 143.366 272.482
48.742 143.376 272.482
48.752 143.386 272.482
48.762 143.406 272.482
48.792 143.436 272.482
48.802 143.446 272.482
48.812 143.446 272.482
48.822 143.456 272.482
48.832 143.456 272.482
48.842 143.456 272.482
48.852 143.456 272.482
48.862 143.456 272.482
48.882 143.466 272.482
48.892 143.466 272.482
48.902 143.466 272.482
48.922 143.476 272.482
48.932 143.476 272.482
48.942 143.486 272.482
48.952 143.486 272.482
48.972 143.496 272.482
48.992 143.506 272.482
49.002 143.516 272.482
49.012 143.516 272.482
49.032 143.526 272.482
49.042 143.526 272.482
49.052 143.536 272.482
49.082 143.556 272.482
49.102 143.566 272.482
49.112 143.566 272.482
49.142 143.586 272.482
49.152 143.596 272.482
49.182 143.616 272.482
49.192 143.616 272.482
49.212 143.626 272.482
49.232 143.636 272.482
49.262 143.656 272.482
49.282 143.666 272.482
49.302 143.676 272.482
49.332 143.696 272.482
49.352 143.706 272.482
49.382 143.726 272.482
49.412 143.746 272.482
49.442 143.766 272.482
49.472 143.786 272.482
49.502 143.806 272.482
49.532 143.826 272.482
49.542 143.836 272.482
49.572 143.856 272.482
49.592 143.866 272.482
49.602 143.876 272.482
49.632 143.896 272.482
49.652 143.906 272.482
49.662 143.916 272.482
49.672 143.926 272.482
49.682 143.936 272.482
49.712 143.956 272.482
49.722 143.966 272.482
49.732 143.976 272.482
49.762 143.996 272.482
49.792 144.016 272.482
49.822 144.036 272.482
49.852 144.056 272.482
49.872 144.066 272.482
49.902 144.086 272.482
49.922 144.096 272.482
49.942 144.116 272.482
49.962 144.126 272.482
49.992 144.146 272.482
50.012 144.156 272.482
50.022 144.166 272.482
50.052 144.186 272.482
50.062 144.196 272.482
50.092 144.216 272.482
50.102 144.216 272.482
50.122 144.246 272.482
50.132 144.256 272.482
50.142 144.266 272.482
50.152 144.276 272.482
50.162 144.286 272.482
50.192 144.306 272.482
50.212 144.316 272.482
50.242 144.336 272.482
50.272 144.356 272.482
50.282 144.366 272.482
50.312 144.386 272.482
50.322 144.396 272.482
50.352 144.416 272.482
50.382 144.436 272.482
50.412 144.456 272.482
50.422 144.466 272.482
50.452 144.486 272.482
50.462 144.496 272.482
50.492 144.516 272.482
50.522 144.536 272.482
50.532 144.546 272.482
50.542 144.556 272.482
50.572 144.576 272.482
50.582 144.586 272.482
50.592 144.596 272.482
50.622 144.616 272.482
50.632 144.626 272.482
50.662 144.646 272.482
50.682 144.666 272.482
50.702 144.676 272.482
50.732 144.696 272.482
50.762 144.716 272.482
50.782 144.726 272.482
50.812 144.746 272.482
50.842 144.766 272.482
50.862 144.776 272.482
50.882 144.786 272.482
50.912 144.806 272.482
50.942 144.826 272.482
50.972 144.856 272.482
50.992 144.876 272.482
51.002 144.886 272.482
51.022 144.916 272.482
51.042 144.946 272.482
51.052 144.956 272.482
51.072 144.986 272.482
51.082 144.996 272.482
51.102 145.026 272.482
51.112 145.036 272.482
51.122 145.046 272.482
51.142 145.076 272.482
51.152 145.086 272.482
51.162 145.096 272.482
51.172 145.106 272.482
51.182 145.116 272.482
51.192 145.126 272.482
51.202 145.136 272.482
51.212 145.146 272.482
51.222 145.156 272.482
51.242 145.186 272.482
51.252 145.196 272.482
51.272 145.216 272.482
51.282 145.226 272.482
51.292 145.236 272.482
51.312 145.256 272.482
51.322 145.266 272.482
51.332 145.276 272.482
51.342 145.286 272.482
51.352 145.296 272.482
51.362 145.306 272.482
51.382 145.316 272.482
51.402 145.346 272.482
51.412 145.356 272.482
51.422 145.366 272.482
51.432 145.376 272.482
51.442 145.386 272.482
51.452 145.396 272.482
51.472 145.426 272.482
51.482 145.446 272.482
51.502 145.466 272.482
51.512 145.476 272.482
51.532 145.506 272.482
51.542 145.516 272.482
51.552 145.526 272.482
51.562 145.536 272.482
51.572 145.546 272.482
51.592 145.576 272.482
51.602 145.586 272.482
51.612 145.606 272.482
51.602 145.616 272.482
