50.572 147.076 293.258
50.592 147.076 293.258
50.612 147.066 293.258
50.612 147.056 293.258
50.622 147.046 293.258
50.622 147.036 293.258
50.652 147.016 293.258
50.682 146.996 293.258
50.702 146.976 293.258
50.722 146.966 293.258
50.742 146.956 293.258
50.762 146.936 293.258
50.792 146.916 293.258
50.802 146.906 293.258
50.812 146.896 293.258
50.822 146.886 293.258
50.852 146.866 293.258
50.892 146.846 293.258
50.922 146.836 293.258
50.962 146.816 293.258
50.982 146.806 293.258
51.002 146.796 293.258
51.022 146.786 293.258
51.052 146.776 293.258
51.062 146.776 293.258
51.082 146.766 293.258
51.122 146.746 293.258
51.142 146.736 293.258
51.162 146.726 293.258
51.202 146.716 293.258
51.222 146.706 293.258
51.232 146.706 293.258
51.252 146.696 293.258
51.262 146.696 293.258
51.272 146.696 293.258
51.312 146.676 293.258
51.322 146.676 293.258
51.342 146.666 293.258
51.352 146.666 293.258
51.372 146.656 293.258
51.382 146.646 293.258
51.402 146.626 293.258
51.412 146.616 293.258
51.422 146.606 293.258
51.432 146.596 293.258
51.442 146.586 293.258
51.442 146.576 293.258
51.452 146.566 293.258
51.462 146.556 293.258
51.462 146.546 293.258
51.482 146.526 293.258
51.502 146.506 293.258
51.532 146.486 293.258
51.562 146.466 293.258
51.582 146.456 293.258
51.592 146.446 293.258
51.622 146.426 293.258
51.652 146.406 293.258
51.662 146.406 293.258
51.692 146.386 293.258
51.712 146.376 293.258
51.732 146.366 293.258
51.742 146.366 293.258
51.762 146.356 293.258
51.792 146.346 293.258
51.802 146.336 293.258
51.822 146.316 293.258
51.852 146.296 293.258
51.862 146.286 293.258
51.872 146.276 293.258
51.902 146.256 293.258
51.932 146.226 293.258
51.952 146.196 293.258
51.962 146.186 293.258
51.972 146.176 293.258
51.992 146.156 293.258
52.022 146.126 293.258
52.042 146.096 293.258
52.052 146.086 293.258
52.062 146.056 293.258
52.072 146.036 293.258
52.082 146.016 293.258
52.092 146.006 293.258
52.102 145.996 293.258
52.112 145.976 293.258
52.132 145.946 293.258
52.132 145.906 293.258
52.122 145.866 293.258
52.112 145.836 293.258
52.102 145.806 293.258
52.092 145.796 293.258
52.082 145.756 293.258
52.082 145.746 293.258
52.072 145.706 293.258
52.062 145.696 293.258
52.052 145.676 293.258
52.042 145.666 293.258
52.032 145.636 293.258
52.022 145.616 293.258
52.012 145.606 293.258
52.002 145.566 293.258
51.992 145.536 293.258
51.982 145.506 293.258
51.972 145.476 293.258
51.962 145.456 293.258
51.952 145.436 293.258
51.942 145.406 293.258
51.932 145.376 293.258
51.922 145.356 293.258
51.912 145.326 293.258
51.902 145.306 293.258
51.892 145.266 293.258
51.882 145.246 293.258
51.872 145.216 293.258
51.862 145.186 293.258
51.852 145.166 293.258
51.842 145.136 293.258
51.832 145.126 293.258
51.822 145.116 293.258
51.812 145.106 293.258
51.802 145.096 293.258
51.792 145.096 293.258
51.782 145.086 293.258
51.772 145.076 293.258
51.762 145.076 293.258
51.752 145.066 293.258
51.742 145.056 293.258
51.732 145.046 293.258
51.722 145.036 293.258
51.712 145.036 293.258
51.702 145.016 293.258
51.692 145.006 293.258
51.682 145.006 293.258
51.672 144.986 293.258
51.662 144.986 293.258
51.652 144.976 293.258
51.642 144.966 293.258
51.632 144.966 293.258
51.622 144.966 293.258
51.612 144.956 293.258
51.602 144.956 293.258
51.592 144.956 293.258
51.582 144.956 293.258
51.572 144.956 293.258
51.562 144.946 293.258
51.542 144.946 293.258
51.532 144.946 293.258
51.522 144.946 293.258
51.512 144.946 293.258
51.502 144.936 293.258
51.492 144.936 293.258
51.482 144.926 293.258
51.472 144.926 293.258
51.462 144.916 293.258
51.452 144.896 293.258
51.442 144.886 293.258
51.422 144.866 293.258
51.412 144.866 293.258
51.402 144.866 293.258
51.392 144.856 293.258
51.372 144.846 293.258
51.362 144.846 293.258
51.352 144.826 293.258
51.342 144.816 293.258
51.332 144.816 293.258
51.322 144.806 293.258
51.312 144.796 293.258
51.302 144.776 293.258
51.282 144.736 293.258
51.272 144.706 293.258
51.262 144.676 293.258
51.262 144.666 293.258
51.262 144.656 293.258
51.262 144.626 293.258
51.262 144.616 293.258
51.262 144.606 293.258
51.272 144.596 293.258
51.272 144.576 293.258
51.282 144.566 293.258
51.292 144.556 293.258
51.302 144.546 293.258
51.312 144.536 293.258
51.322 144.526 293.258
51.332 144.516 293.258
51.342 144.506 293.258
51.352 144.486 293.258
51.362 144.476 293.258
51.372 144.466 293.258
51.382 144.456 293.258
51.382 144.446 293.258
51.382 144.436 293.258
51.392 144.436 293.258
51.402 144.436 293.258
51.402 144.426 293.258
51.412 144.426 293.258
51.422 144.426 293.258
51.422 144.416 293.258
51.432 144.406 293.258
51.442 144.406 293.258
51.442 144.396 293.258
51.452 144.396 293.258
51.462 144.396 293.258
51.462 144.386 293.258
51.462 144.376 293.258
51.472 144.376 293.258
51.482 144.376 293.258
51.482 144.366 293.258
51.492 144.366 293.258
51.492 144.356 293.258
51.492 144.346 293.258
51.502 144.346 293.258
51.512 144.346 293.258
51.522 144.336 293.258
51.532 144.326 293.258
51.542 144.316 293.258
51.552 144.306 293.258
51.562 144.306 293.258
51.562 144.296 293.258
51.572 144.296 293.258
51.572 144.286 293.258
51.582 144.286 293.258
51.582 144.276 293.258
51.592 144.276 293.258
51.592 144.266 293.258
51.602 144.266 293.258
51.602 144.256 293.258
51.602 144.246 293.258
51.612 144.246 293.258
51.622 144.236 293.258
51.622 144.226 293.258
51.632 144.226 293.258
51.632 144.216 293.258
51.642 144.216 293.258
51.642 144.206 293.258
51.652 144.196 293.258
51.652 144.186 293.258
51.662 144.186 293.258
51.662 144.176 293.258
51.672 144.176 293.258
51.672 144.166 293.258
51.682 144.156 293.258
51.692 144.156 293.258
51.692 144.146 293.258
51.692 144.136 293.258
51.702 144.136 293.258
51.702 144.126 293.258
51.712 144.126 293.258
51.722 144.126 293.258
51.722 144.116 293.258
51.722 144.106 293.258
51.722 144.096 293.258
51.732 144.096 293.258
51.732 144.086 293.258
51.742 144.086 293.258
51.742 144.076 293.258
51.752 144.076 293.258
51.752 144.066 293.258
51.752 144.056 293.258
51.762 144.056 293.258
51.772 144.046 293.258
51.772 144.036 293.258
51.782 144.036 293.258
51.782 144.026 293.258
51.792 144.016 293.258
51.802 144.016 293.258
51.802 144.006 293.258
51.802 143.996 293.258
51.812 143.996 293.258
51.812 143.986 293.258
51.822 143.986 293.258
51.822 143.976 293.258
51.832 143.976 293.258
51.832 143.966 293.258
51.832 143.956 293.258
51.832 143.946 293.258
51.842 143.946 293.258
51.852 143.946 293.258
51.862 143.936 293.258
51.862 143.926 293.258
51.872 143.926 293.258
51.872 143.916 293.258
51.882 143.916 293.258
51.882 143.906 293.258
51.892 143.906 293.258
51.892 143.896 293.258
51.892 143.886 293.258
51.902 143.886 293.258
51.912 143.886 293.258
51.912 143.876 293.258
51.922 143.876 293.258
51.922 143.866 293.258
51.922 143.856 293.258
51.932 143.856 293.258
51.932 143.846 293.258
51.932 143.836 293.258
51.932 143.826 293.258
51.942 143.826 293.258
51.942 143.816 293.258
51.942 143.806 293.258
51.942 143.796 293.258
51.942 143.786 293.258
51.942 143.776 293.258
51.942 143.766 293.258
51.942 143.756 293.258
51.942 143.746 293.258
51.942 143.736 293.258
51.942 143.726 293.258
51.942 143.716 293.258
51.942 143.706 293.258
51.942 143.696 293.258
51.942 143.686 293.258
51.952 143.686 293.258
51.952 143.676 293.258
51.942 143.636 293.258
51.942 143.626 293.258
51.942 143.616 293.258
51.942 143.606 293.258
51.942 143.596 293.258
51.942 143.586 293.258
51.932 143.546 293.258
51.922 143.526 293.258
51.912 143.496 293.258
51.902 143.476 293.258
51.892 143.456 293.258
51.882 143.416 293.258
51.882 143.406 293.258
51.872 143.366 293.258
51.862 143.336 293.258
51.852 143.306 293.258
51.842 143.276 293.258
51.832 143.266 293.258
51.822 143.236 293.258
51.812 143.206 293.258
51.802 143.186 293.258
51.792 143.156 293.258
51.782 143.116 293.258
51.772 143.086 293.258
51.762 143.076 293.258
51.752 143.056 293.258
51.742 143.046 293.258
51.732 143.026 293.258
51.722 143.006 293.258
51.712 142.996 293.258
51.702 142.986 293.258
51.692 142.976 293.258
51.682 142.966 293.258
51.672 142.956 293.258
51.662 142.936 293.258
51.652 142.936 293.258
51.642 142.916 293.258
51.632 142.906 293.258
51.622 142.896 293.258
51.612 142.886 293.258
51.602 142.866 293.258
51.592 142.866 293.258
51.582 142.856 293.258
51.572 142.846 293.258
51.562 142.836 293.258
51.552 142.826 293.258
51.542 142.826 293.258
51.532 142.816 293.258
51.522 142.806 293.258
51.512 142.796 293.258
51.502 142.796 293.258
51.492 142.786 293.258
51.482 142.786 293.258
51.472 142.776 293.258
51.462 142.776 293.258
51.452 142.766 293.258
51.442 142.756 293.258
51.442 142.716 293.258
51.442 142.706 293.258
51.442 142.696 293.258
51.452 142.696 293.258
51.452 142.686 293.258
51.452 142.676 293.258
51.462 142.676 293.258
51.462 142.666 293.258
51.462 142.656 293.258
51.472 142.656 293.258
51.472 142.646 293.258
51.472 142.636 293.258
51.472 142.626 293.258
51.482 142.626 293.258
51.482 142.616 293.258
51.492 142.616 293.258
51.492 142.596 293.258
51.492 142.586 293.258
51.492 142.576 293.258
51.502 142.576 293.258
51.512 142.576 293.258
51.512 142.566 293.258
51.512 142.556 293.258
51.512 142.546 293.258
51.522 142.546 293.258
51.522 142.536 293.258
51.532 142.536 293.258
51.532 142.526 293.258
51.532 142.516 293.258
51.542 142.516 293.258
51.542 142.506 293.258
51.542 142.496 293.258
51.552 142.496 293.258
51.552 142.486 293.258
51.552 142.476 293.258
51.562 142.476 293.258
51.572 142.476 293.258
51.572 142.466 293.258
51.582 142.466 293.258
51.582 142.456 293.258
51.582 142.446 293.258
51.592 142.446 293.258
51.592 142.436 293.258
51.602 142.436 293.258
51.602 142.426 293.258
51.612 142.426 293.258
51.612 142.416 293.258
51.612 142.406 293.258
51.612 142.396 293.258
51.612 142.386 293.258
51.622 142.386 293.258
51.622 142.376 293.258
51.622 142.366 293.258
51.622 142.356 293.258
51.622 142.346 293.258
51.632 142.346 293.258
51.632 142.336 293.258
51.632 142.326 293.258
51.632 142.316 293.258
51.632 142.306 293.258
51.632 142.296 293.258
51.632 142.286 293.258
51.632 142.276 293.258
51.622 142.266 293.258
51.612 142.246 293.258
51.602 142.236 293.258
51.592 142.226 293.258
51.582 142.216 293.258
51.572 142.206 293.258
51.562 142.206 293.258
51.552 142.196 293.258
51.542 142.186 293.258
51.532 142.186 293.258
51.522 142.166 293.258
51.512 142.146 293.258
51.502 142.136 293.258
51.492 142.126 293.258
51.482 142.106 293.258
51.472 142.076 293.258
51.462 142.046 293.258
51.452 142.016 293.258
51.442 142.006 293.258
51.432 141.996 293.258
51.422 141.986 293.258
51.412 141.976 293.258
51.402 141.936 293.258
51.402 141.926 293.258
51.402 141.916 293.258
51.402 141.906 293.258
51.402 141.896 293.258
51.402 141.876 293.258
51.412 141.876 293.258
51.412 141.866 293.258
51.412 141.856 293.258
51.412 141.846 293.258
51.412 141.836 293.258
51.412 141.826 293.258
51.422 141.826 293.258
51.422 141.816 293.258
51.422 141.806 293.258
51.422 141.796 293.258
51.422 141.786 293.258
51.432 141.786 293.258
51.432 141.776 293.258
51.432 141.766 293.258
51.432 141.756 293.258
51.432 141.746 293.258
51.442 141.746 293.258
51.442 141.736 293.258
51.442 141.726 293.258
51.442 141.716 293.258
51.452 141.716 293.258
51.452 141.706 293.258
51.452 141.696 293.258
51.452 141.686 293.258
51.452 141.676 293.258
51.452 141.666 293.258
51.462 141.666 293.258
51.462 141.656 293.258
51.462 141.646 293.258
51.452 141.636 293.258
51.442 141.636 293.258
51.432 141.636 293.258
51.422 141.636 293.258
51.402 141.636 293.258
51.392 141.636 293.258
51.382 141.636 293.258
51.362 141.636 293.258
51.352 141.636 293.258
51.342 141.636 293.258
51.332 141.636 293.258
51.322 141.646 293.258
51.312 141.646 293.258
51.302 141.646 293.258
51.292 141.646 293.258
51.282 141.656 293.258
51.272 141.656 293.258
51.262 141.656 293.258
51.252 141.656 293.258
51.242 141.666 293.258
51.232 141.666 293.258
51.222 141.666 293.258
51.212 141.676 293.258
51.202 141.676 293.258
51.192 141.676 293.258
51.182 141.676 293.258
51.172 141.686 293.258
51.162 141.686 293.258
51.152 141.686 293.258
51.142 141.696 293.258
51.132 141.696 293.258
51.122 141.696 293.258
51.112 141.696 293.258
51.102 141.706 293.258
51.092 141.706 293.258
51.082 141.706 293.258
51.072 141.716 293.258
51.062 141.716 293.258
51.052 141.716 293.258
51.042 141.726 293.258
51.032 141.726 293.258
51.022 141.726 293.258
51.012 141.736 293.258
51.002 141.736 293.258
50.992 141.736 293.258
50.982 141.746 293.258
50.972 141.746 293.258
50.932 141.756 293.258
50.922 141.756 293.258
50.912 141.756 293.258
50.912 141.746 293.258
50.882 141.736 293.258
50.872 141.726 293.258
50.872 141.716 293.258
50.872 141.706 293.258
50.872 141.696 293.258
50.872 141.686 293.258
50.872 141.676 293.258
50.872 141.666 293.258
50.882 141.656 293.258
50.882 141.646 293.258
50.882 141.636 293.258
50.892 141.626 293.258
50.892 141.616 293.258
50.892 141.606 293.258
50.902 141.596 293.258
50.902 141.586 293.258
50.912 141.576 293.258
50.912 141.566 293.258
50.912 141.556 293.258
50.912 141.546 293.258
50.922 141.536 293.258
50.922 141.526 293.258
50.922 141.516 293.258
50.932 141.506 293.258
50.932 141.496 293.258
50.942 141.486 293.258
50.942 141.476 293.258
50.942 141.466 293.258
50.942 141.456 293.258
50.942 141.446 293.258
50.952 141.436 293.258
50.952 141.426 293.258
50.962 141.416 293.258
50.962 141.406 293.258
50.962 141.396 293.258
50.962 141.386 293.258
50.972 141.376 293.258
50.972 141.366 293.258
50.972 141.356 293.258
50.972 141.346 293.258
50.982 141.336 293.258
50.982 141.326 293.258
50.982 141.316 293.258
50.992 141.306 293.258
50.992 141.296 293.258
50.992 141.286 293.258
51.002 141.276 293.258
51.002 141.266 293.258
51.002 141.256 293.258
51.012 141.246 293.258
51.012 141.236 293.258
51.012 141.226 293.258
51.012 141.216 293.258
51.012 141.206 293.258
51.022 141.196 293.258
51.022 141.186 293.258
51.022 141.176 293.258
51.032 141.166 293.258
51.032 141.156 293.258
51.032 141.146 293.258
51.032 141.136 293.258
51.042 141.126 293.258
51.042 141.116 293.258
51.042 141.106 293.258
51.052 141.096 293.258
51.052 141.086 293.258
51.052 141.076 293.258
51.052 141.066 293.258
51.062 141.056 293.258
51.062 141.046 293.258
51.062 141.036 293.258
51.072 141.026 293.258
51.072 141.016 293.258
51.072 141.006 293.258
51.082 140.996 293.258
51.082 140.986 293.258
51.082 140.976 293.258
51.092 140.966 293.258
51.092 140.956 293.258
51.092 140.946 293.258
51.092 140.936 293.258
51.102 140.926 293.258
51.102 140.916 293.258
51.112 140.906 293.258
51.112 140.896 293.258
51.112 140.886 293.258
51.122 140.876 293.258
51.122 140.866 293.258
51.122 140.856 293.258
51.132 140.846 293.258
51.132 140.836 293.258
51.132 140.826 293.258
51.142 140.816 293.258
51.142 140.806 293.258
51.142 140.796 293.258
51.142 140.786 293.258
51.152 140.776 293.258
51.152 140.766 293.258
51.152 140.756 293.258
51.162 140.746 293.258
51.162 140.736 293.258
51.172 140.726 293.258
51.182 140.716 293.258
51.182 140.706 293.258
51.192 140.696 293.258
51.192 140.686 293.258
51.202 140.676 293.258
51.212 140.666 293.258
51.222 140.656 293.258
51.232 140.646 293.258
51.242 140.636 293.258
51.252 140.626 293.258
51.272 140.616 293.258
51.292 140.606 293.258
51.312 140.596 293.258
51.322 140.586 293.258
51.332 140.586 293.258
51.332 140.576 293.258
51.342 140.576 293.258
51.352 140.576 293.258
51.362 140.576 293.258
51.372 140.566 293.258
51.372 140.556 293.258
51.382 140.556 293.258
51.392 140.556 293.258
51.392 140.546 293.258
51.402 140.546 293.258
51.412 140.546 293.258
51.412 140.536 293.258
51.422 140.536 293.258
51.432 140.536 293.258
51.442 140.536 293.258
51.442 140.526 293.258
51.452 140.526 293.258
51.462 140.526 293.258
51.462 140.516 293.258
51.472 140.516 293.258
51.472 140.506 293.258
51.482 140.506 293.258
51.492 140.506 293.258
51.502 140.506 293.258
51.502 140.496 293.258
51.512 140.496 293.258
51.512 140.486 293.258
51.522 140.486 293.258
51.532 140.486 293.258
51.542 140.486 293.258
51.542 140.476 293.258
51.552 140.476 293.258
51.562 140.476 293.258
51.562 140.466 293.258
51.572 140.466 293.258
51.582 140.466 293.258
51.582 140.456 293.258
51.592 140.456 293.258
51.602 140.456 293.258
51.602 140.446 293.258
51.612 140.446 293.258
51.622 140.446 293.258
51.622 140.436 293.258
51.632 140.436 293.258
51.642 140.436 293.258
51.642 140.426 293.258
51.652 140.426 293.258
51.662 140.426 293.258
51.662 140.416 293.258
51.672 140.416 293.258
51.672 140.406 293.258
51.682 140.406 293.258
51.692 140.406 293.258
51.692 140.396 293.258
51.702 140.396 293.258
51.702 140.386 293.258
51.712 140.386 293.258
51.712 140.376 293.258
51.722 140.376 293.258
51.722 140.366 293.258
51.732 140.366 293.258
51.742 140.366 293.258
51.742 140.356 293.258
51.742 140.346 293.258
51.752 140.346 293.258
51.752 140.336 293.258
51.752 140.326 293.258
51.762 140.326 293.258
51.762 140.316 293.258
51.772 140.316 293.258
51.772 140.306 293.258
51.772 140.296 293.258
51.782 140.296 293.258
51.782 140.286 293.258
51.782 140.276 293.258
51.792 140.276 293.258
51.792 140.266 293.258
51.802 140.266 293.258
51.802 140.256 293.258
51.812 140.256 293.258
51.812 140.236 293.258
51.822 140.236 293.258
51.822 140.226 293.258
51.822 140.216 293.258
51.832 140.216 293.258
51.832 140.206 293.258
51.832 140.196 293.258
51.832 140.186 293.258
51.842 140.186 293.258
51.842 140.176 293.258
51.842 140.166 293.258
51.832 140.126 293.258
51.822 140.096 293.258
51.812 140.066 293.258
51.802 140.036 293.258
51.792 140.016 293.258
51.782 139.986 293.258
51.772 139.966 293.258
51.762 139.936 293.258
51.762 139.926 293.258
51.752 139.896 293.258
51.752 139.886 293.258
51.752 139.876 293.258
51.742 139.836 293.258
51.742 139.826 293.258
51.732 139.806 293.258
51.722 139.796 293.258
51.712 139.786 293.258
51.702 139.786 293.258
51.692 139.776 293.258
51.682 139.776 293.258
51.672 139.776 293.258
51.662 139.766 293.258
51.652 139.756 293.258
51.642 139.756 293.258
51.632 139.746 293.258
51.622 139.746 293.258
51.612 139.736 293.258
51.602 139.736 293.258
51.592 139.726 293.258
51.582 139.726 293.258
51.572 139.716 293.258
51.562 139.706 293.258
51.552 139.706 293.258
51.542 139.696 293.258
51.532 139.686 293.258
51.522 139.686 293.258
51.502 139.666 293.258
51.492 139.666 293.258
51.482 139.666 293.258
51.472 139.656 293.258
51.452 139.646 293.258
51.442 139.646 293.258
51.432 139.636 293.258
51.422 139.636 293.258
51.412 139.626 293.258
51.402 139.626 293.258
51.392 139.616 293.258
51.382 139.606 293.258
51.372 139.596 293.258
51.362 139.586 293.258
51.352 139.586 293.258
51.342 139.576 293.258
51.332 139.566 293.258
51.322 139.566 293.258
51.312 139.556 293.258
51.302 139.546 293.258
51.292 139.546 293.258
51.282 139.536 293.258
51.272 139.526 293.258
51.252 139.506 293.258
51.242 139.506 293.258
51.232 139.496 293.258
51.222 139.496 293.258
51.212 139.496 293.258
51.202 139.496 293.258
51.192 139.486 293.258
51.182 139.486 293.258
51.172 139.486 293.258
51.152 139.496 293.258
51.142 139.496 293.258
51.132 139.496 293.258
51.122 139.496 293.258
51.112 139.506 293.258
51.102 139.506 293.258
51.092 139.506 293.258
51.082 139.506 293.258
51.062 139.466 293.258
51.062 139.456 293.258
51.072 139.446 293.258
51.072 139.436 293.258
51.092 139.426 293.258
51.092 139.416 293.258
51.092 139.406 293.258
51.112 139.396 293.258
51.122 139.376 293.258
51.122 139.366 293.258
51.132 139.356 293.258
51.132 139.346 293.258
51.132 139.336 293.258
51.132 139.326 293.258
51.142 139.316 293.258
51.132 139.296 293.258
51.132 139.286 293.258
51.132 139.276 293.258
51.132 139.266 293.258
51.112 139.236 293.258
51.112 139.226 293.258
51.102 139.206 293.258
51.092 139.196 293.258
51.082 139.186 293.258
51.062 139.156 293.258
51.052 139.146 293.258
51.032 139.126 293.258
51.022 139.106 293.258
51.002 139.086 293.258
50.992 139.076 293.258
50.982 139.066 293.258
50.972 139.056 293.258
50.962 139.046 293.258
50.952 139.036 293.258
50.942 139.026 293.258
50.932 139.016 293.258
50.922 139.006 293.258
50.912 138.996 293.258
50.902 138.986 293.258
50.892 138.976 293.258
50.882 138.976 293.258
50.872 138.966 293.258
50.862 138.966 293.258
50.852 138.956 293.258
50.842 138.956 293.258
50.832 138.946 293.258
50.822 138.946 293.258
50.812 138.946 293.258
50.802 138.936 293.258
50.792 138.936 293.258
50.782 138.936 293.258
50.772 138.926 293.258
50.762 138.926 293.258
50.752 138.916 293.258
50.742 138.916 293.258
50.732 138.906 293.258
50.722 138.906 293.258
50.712 138.906 293.258
50.702 138.896 293.258
50.692 138.886 293.258
50.682 138.876 293.258
50.672 138.876 293.258
50.662 138.866 293.258
50.652 138.856 293.258
50.642 138.856 293.258
50.632 138.856 293.258
50.622 138.846 293.258
50.612 138.846 293.258
50.602 138.846 293.258
50.592 138.846 293.258
50.582 138.846 293.258
50.572 138.836 293.258
50.562 138.836 293.258
50.552 138.826 293.258
50.542 138.826 293.258
50.532 138.826 293.258
50.522 138.826 293.258
50.502 138.826 293.258
50.492 138.826 293.258
50.482 138.826 293.258
50.472 138.826 293.258
50.462 138.816 293.258
50.452 138.816 293.258
50.442 138.816 293.258
50.432 138.816 293.258
50.422 138.816 293.258
50.412 138.816 293.258
50.402 138.806 293.258
50.392 138.806 293.258
50.382 138.806 293.258
50.372 138.806 293.258
50.362 138.806 293.258
50.352 138.806 293.258
50.342 138.796 293.258
50.332 138.796 293.258
50.322 138.796 293.258
50.312 138.796 293.258
50.302 138.796 293.258
50.292 138.796 293.258
50.272 138.806 293.258
50.262 138.806 293.258
50.252 138.806 293.258
50.232 138.816 293.258
50.222 138.806 293.258
50.202 138.806 293.258
50.192 138.806 293.258
50.172 138.816 293.258
50.162 138.816 293.258
50.152 138.816 293.258
50.142 138.816 293.258
50.132 138.816 293.258
50.122 138.816 293.258
50.112 138.816 293.258
50.102 138.816 293.258
50.092 138.806 293.258
50.072 138.806 293.258
50.062 138.806 293.258
50.052 138.796 293.258
50.042 138.796 293.258
50.032 138.796 293.258
50.022 138.796 293.258
50.012 138.796 293.258
50.002 138.796 293.258
49.992 138.796 293.258
49.982 138.786 293.258
49.972 138.786 293.258
49.962 138.786 293.258
49.952 138.786 293.258
49.942 138.786 293.258
49.932 138.786 293.258
49.922 138.786 293.258
49.912 138.786 293.258
49.892 138.796 293.258
49.882 138.796 293.258
49.852 138.806 293.258
49.842 138.816 293.258
49.832 138.826 293.258
49.822 138.836 293.258
49.802 138.846 293.258
49.782 138.856 293.258
49.742 138.866 293.258
49.722 138.876 293.258
49.682 138.896 293.258
49.652 138.906 293.258
49.642 138.906 293.258
49.632 138.906 293.258
49.622 138.906 293.258
49.612 138.896 293.258
49.602 138.896 293.258
49.592 138.886 293.258
49.582 138.886 293.258
49.562 138.886 293.258
49.552 138.886 293.258
49.542 138.886 293.258
49.532 138.876 293.258
49.522 138.876 293.258
49.512 138.876 293.258
49.502 138.876 293.258
49.492 138.866 293.258
49.472 138.866 293.258
49.442 138.876 293.258
49.432 138.876 293.258
49.422 138.876 293.258
49.392 138.886 293.258
49.382 138.886 293.258
49.372 138.886 293.258
49.362 138.886 293.258
49.352 138.886 293.258
49.342 138.886 293.258
49.332 138.886 293.258
49.322 138.886 293.258
49.312 138.886 293.258
49.302 138.886 293.258
49.292 138.886 293.258
49.282 138.876 293.258
49.272 138.876 293.258
49.262 138.876 293.258
49.232 138.886 293.258
49.222 138.886 293.258
49.212 138.886 293.258
49.202 138.886 293.258
49.192 138.886 293.258
49.152 138.896 293.258
49.112 138.906 293.258
49.102 138.906 293.258
49.092 138.906 293.258
49.082 138.906 293.258
49.042 138.916 293.258
49.032 138.916 293.258
48.992 138.926 293.258
48.982 138.926 293.258
48.962 138.926 293.258
48.952 138.936 293.258
48.942 138.936 293.258
48.932 138.936 293.258
48.922 138.936 293.258
48.912 138.936 293.258
48.902 138.936 293.258
48.892 138.936 293.258
48.882 138.936 293.258
48.872 138.946 293.258
48.862 138.946 293.258
48.852 138.946 293.258
48.842 138.946 293.258
48.832 138.946 293.258
48.822 138.956 293.258
48.812 138.956 293.258
48.802 138.956 293.258
48.792 138.956 293.258
48.782 138.956 293.258
48.772 138.966 293.258
48.762 138.966 293.258
48.752 138.966 293.258
48.742 138.976 293.258
48.732 138.976 293.258
48.722 138.976 293.258
48.712 138.976 293.258
48.702 138.976 293.258
48.692 138.976 293.258
48.682 138.986 293.258
48.672 138.986 293.258
48.662 138.986 293.258
48.652 138.986 293.258
48.642 138.986 293.258
48.632 138.986 293.258
48.612 138.986 293.258
48.602 138.996 293.258
48.592 138.996 293.258
48.582 138.996 293.258
48.572 138.996 293.258
48.562 139.006 293.258
48.552 139.006 293.258
48.532 139.006 293.258
48.522 139.006 293.258
48.502 139.006 293.258
48.492 139.006 293.258
48.482 139.006 293.258
48.472 139.006 293.258
48.462 139.006 293.258
48.452 139.006 293.258
48.442 139.006 293.258
48.432 139.006 293.258
48.422 139.006 293.258
48.412 139.006 293.258
48.402 139.006 293.258
48.392 138.996 293.258
48.382 138.996 293.258
48.372 138.996 293.258
48.362 138.996 293.258
48.352 138.996 293.258
48.342 138.996 293.258
48.332 138.996 293.258
48.322 138.996 293.258
48.312 138.996 293.258
48.302 138.996 293.258
48.292 138.986 293.258
48.282 138.986 293.258
48.262 138.976 293.258
48.252 138.976 293.258
48.222 138.956 293.258
48.202 138.936 293.258
48.202 138.926 293.258
48.202 138.916 293.258
48.202 138.906 293.258
48.202 138.896 293.258
48.202 138.886 293.258
48.202 138.876 293.258
48.202 138.866 293.258
48.202 138.856 293.258
48.202 138.846 293.258
48.202 138.836 293.258
48.202 138.826 293.258
48.202 138.816 293.258
48.202 138.796 293.258
48.192 138.786 293.258
48.172 138.746 293.258
48.172 138.736 293.258
48.172 138.726 293.258
48.172 138.716 293.258
48.172 138.706 293.258
48.162 138.686 293.258
48.162 138.676 293.258
48.162 138.656 293.258
48.152 138.646 293.258
48.152 138.636 293.258
48.142 138.626 293.258
48.142 138.616 293.258
48.132 138.606 293.258
48.132 138.596 293.258
48.132 138.586 293.258
48.122 138.576 293.258
48.122 138.566 293.258
48.122 138.556 293.258
48.122 138.546 293.258
48.122 138.536 293.258
48.122 138.526 293.258
48.122 138.516 293.258
48.122 138.506 293.258
48.122 138.496 293.258
48.122 138.486 293.258
48.122 138.476 293.258
48.112 138.466 293.258
48.112 138.456 293.258
48.112 138.446 293.258
48.102 138.436 293.258
48.102 138.426 293.258
48.102 138.416 293.258
48.102 138.406 293.258
48.102 138.396 293.258
48.102 138.386 293.258
48.102 138.376 293.258
48.102 138.366 293.258
48.102 138.356 293.258
48.112 138.346 293.258
48.112 138.336 293.258
48.112 138.326 293.258
48.112 138.316 293.258
48.112 138.306 293.258
48.112 138.296 293.258
48.112 138.286 293.258
48.112 138.276 293.258
48.122 138.266 293.258
48.122 138.256 293.258
48.122 138.246 293.258
48.122 138.236 293.258
48.122 138.226 293.258
48.132 138.216 293.258
48.132 138.206 293.258
48.142 138.196 293.258
48.142 138.186 293.258
48.152 138.176 293.258
48.152 138.166 293.258
48.152 138.156 293.258
48.162 138.146 293.258
48.162 138.136 293.258
48.162 138.126 293.258
48.172 138.116 293.258
48.172 138.106 293.258
48.172 138.096 293.258
48.172 138.086 293.258
48.182 138.076 293.258
48.182 138.066 293.258
48.182 138.056 293.258
48.182 138.046 293.258
48.182 138.036 293.258
48.182 138.026 293.258
48.182 138.016 293.258
48.182 138.006 293.258
48.182 137.996 293.258
48.182 137.986 293.258
48.182 137.976 293.258
48.182 137.966 293.258
48.182 137.956 293.258
48.182 137.946 293.258
48.182 137.936 293.258
48.192 137.926 293.258
48.192 137.916 293.258
48.192 137.906 293.258
48.192 137.896 293.258
48.192 137.886 293.258
48.202 137.876 293.258
48.202 137.866 293.258
48.192 137.846 293.258
48.202 137.836 293.258
48.202 137.816 293.258
48.182 137.786 293.258
48.172 137.766 293.258
48.162 137.736 293.258
48.152 137.716 293.258
48.142 137.706 293.258
48.132 137.666 293.258
48.132 137.656 293.258
48.122 137.636 293.258
48.122 137.626 293.258
48.122 137.616 293.258
48.122 137.606 293.258
48.122 137.596 293.258
48.122 137.586 293.258
48.122 137.576 293.258
48.132 137.566 293.258
48.132 137.556 293.258
48.132 137.546 293.258
48.132 137.536 293.258
48.142 137.526 293.258
48.142 137.506 293.258
48.142 137.496 293.258
48.142 137.476 293.258
48.142 137.466 293.258
48.142 137.456 293.258
48.142 137.446 293.258
48.142 137.436 293.258
48.142 137.426 293.258
48.152 137.416 293.258
48.152 137.406 293.258
48.162 137.396 293.258
48.172 137.386 293.258
48.172 137.376 293.258
48.172 137.366 293.258
48.182 137.356 293.258
48.182 137.346 293.258
48.182 137.336 293.258
48.182 137.326 293.258
48.182 137.316 293.258
48.192 137.306 293.258
48.192 137.286 293.258
48.192 137.276 293.258
48.192 137.266 293.258
48.192 137.256 293.258
48.202 137.246 293.258
48.202 137.236 293.258
48.202 137.226 293.258
48.202 137.206 293.258
48.212 137.196 293.258
48.212 137.186 293.258
48.212 137.176 293.258
48.212 137.166 293.258
48.212 137.156 293.258
48.212 137.146 293.258
48.212 137.136 293.258
48.222 137.126 293.258
48.222 137.116 293.258
48.222 137.106 293.258
48.222 137.096 293.258
48.222 137.086 293.258
48.222 137.066 293.258
48.222 137.056 293.258
48.222 137.046 293.258
48.222 137.036 293.258
48.222 137.026 293.258
48.222 137.016 293.258
48.222 137.006 293.258
48.232 136.996 293.258
48.232 136.986 293.258
48.232 136.966 293.258
48.232 136.956 293.258
48.232 136.946 293.258
48.232 136.936 293.258
48.232 136.926 293.258
48.242 136.916 293.258
48.242 136.896 293.258
48.242 136.886 293.258
48.242 136.876 293.258
48.232 136.846 293.258
48.232 136.836 293.258
48.232 136.826 293.258
48.232 136.816 293.258
48.222 136.786 293.258
48.222 136.776 293.258
48.212 136.746 293.258
48.212 136.736 293.258
48.202 136.716 293.258
48.192 136.696 293.258
48.182 136.676 293.258
48.172 136.656 293.258
48.102 136.406 293.258
48.092 136.376 293.258
48.092 136.366 293.258
48.092 136.356 293.258
48.092 136.346 293.258
48.092 136.326 293.258
48.092 136.316 293.258
48.082 136.296 293.258
48.072 136.256 293.258
48.072 136.246 293.258
48.082 136.246 293.258
48.082 136.226 293.258
48.082 136.216 293.258
48.082 136.206 293.258
48.102 136.196 293.258
48.112 136.186 293.258
48.132 136.176 293.258
48.152 136.166 293.258
48.162 136.156 293.258
48.182 136.146 293.258
48.202 136.136 293.258
48.222 136.126 293.258
48.252 136.116 293.258
48.292 136.106 293.258
48.312 136.096 293.258
48.322 136.086 293.258
48.352 136.066 293.258
48.362 136.056 293.258
48.362 136.046 293.258
48.362 136.036 293.258
48.362 136.026 293.258
48.372 136.016 293.258
48.372 136.006 293.258
48.372 135.996 293.258
48.362 135.976 293.258
48.352 135.956 293.258
48.342 135.946 293.258
48.322 135.926 293.258
48.292 135.906 293.258
48.282 135.896 293.258
48.272 135.886 293.258
48.262 135.876 293.258
48.262 135.866 293.258
48.262 135.856 293.258
48.262 135.846 293.258
48.262 135.836 293.258
48.262 135.826 293.258
48.262 135.816 293.258
48.262 135.806 293.258
48.262 135.796 293.258
48.252 135.776 293.258
48.252 135.766 293.258
48.252 135.756 293.258
48.252 135.736 293.258
48.242 135.716 293.258
48.242 135.706 293.258
48.232 135.686 293.258
48.232 135.676 293.258
48.222 135.656 293.258
48.212 135.636 293.258
48.192 135.606 293.258
48.182 135.596 293.258
48.172 135.586 293.258
48.162 135.576 293.258
48.152 135.566 293.258
48.142 135.556 293.258
48.112 135.536 293.258
48.102 135.526 293.258
48.092 135.516 293.258
48.082 135.506 293.258
48.072 135.506 293.258
48.052 135.496 293.258
48.032 135.466 293.258
48.022 135.446 293.258
48.022 135.436 293.258
48.022 135.426 293.258
48.012 135.406 293.258
47.992 135.376 293.258
47.982 135.356 293.258
47.972 135.336 293.258
47.952 135.306 293.258
47.942 135.286 293.258
47.942 135.276 293.258
47.932 135.256 293.258
47.932 135.246 293.258
47.922 135.226 293.258
47.922 135.216 293.258
47.922 135.206 293.258
47.912 135.186 293.258
47.922 135.176 293.258
47.912 135.156 293.258
47.912 135.146 293.258
47.912 135.136 293.258
47.892 135.106 293.258
47.892 135.096 293.258
47.892 135.086 293.258
47.882 135.066 293.258
47.872 135.046 293.258
47.862 135.026 293.258
47.852 135.006 293.258
47.852 134.996 293.258
47.842 134.976 293.258
47.852 134.966 293.258
47.842 134.946 293.258
47.842 134.936 293.258
47.832 134.916 293.258
47.832 134.906 293.258
47.832 134.896 293.258
47.822 134.876 293.258
47.822 134.866 293.258
47.822 134.856 293.258
47.812 134.836 293.258
47.812 134.826 293.258
47.802 134.806 293.258
47.802 134.796 293.258
47.802 134.786 293.258
47.802 134.776 293.258
47.812 134.766 293.258
47.802 134.746 293.258
47.802 134.736 293.258
47.792 134.716 293.258
47.792 134.706 293.258
47.792 134.686 293.258
47.792 134.676 293.258
47.782 134.656 293.258
47.782 134.646 293.258
47.772 134.626 293.258
47.772 134.616 293.258
47.772 134.606 293.258
47.762 134.586 293.258
47.762 134.576 293.258
47.762 134.566 293.258
47.762 134.556 293.258
47.762 134.546 293.258
47.752 134.526 293.258
47.742 134.496 293.258
47.742 134.476 293.258
47.732 134.456 293.258
47.732 134.446 293.258
47.722 134.426 293.258
47.722 134.416 293.258
47.712 134.376 293.258
47.702 134.356 293.258
47.702 134.346 293.258
47.692 134.326 293.258
47.672 134.296 293.258
47.662 134.276 293.258
47.652 134.266 293.258
47.632 134.236 293.258
47.602 134.186 293.258
47.592 134.176 293.258
47.572 134.136 293.258
47.572 134.126 293.258
47.562 134.106 293.258
47.552 134.086 293.258
47.552 134.076 293.258
47.542 134.046 293.258
47.542 134.036 293.258
47.532 134.016 293.258
47.532 134.006 293.258
47.522 133.986 293.258
47.522 133.976 293.258
47.522 133.966 293.258
47.512 133.946 293.258
47.512 133.936 293.258
47.502 133.916 293.258
47.502 133.906 293.258
47.502 133.896 293.258
47.502 133.886 293.258
47.482 133.846 293.258
47.482 133.836 293.258
47.482 133.826 293.258
47.482 133.816 293.258
47.472 133.796 293.258
47.472 133.786 293.258
47.462 133.766 293.258
47.452 133.756 293.258
47.442 133.746 293.258
47.432 133.736 293.258
47.412 133.696 293.258
47.382 133.666 293.258
47.372 133.646 293.258
47.362 133.626 293.258
47.352 133.616 293.258
47.322 133.566 293.258
47.302 133.546 293.258
47.282 133.516 293.258
47.272 133.496 293.258
47.262 133.486 293.258
47.252 133.476 293.258
47.232 133.436 293.258
47.202 133.386 293.258
47.192 133.376 293.258
47.182 133.366 293.258
47.172 133.356 293.258
47.162 133.346 293.258
47.152 133.326 293.258
47.142 133.316 293.258
47.132 133.296 293.258
47.122 133.276 293.258
47.102 133.236 293.258
47.102 133.226 293.258
47.102 133.216 293.258
47.102 133.186 293.258
47.102 133.176 293.258
47.102 133.166 293.258
47.102 133.156 293.258
47.102 133.146 293.258
47.102 133.136 293.258
47.092 133.116 293.258
47.092 133.096 293.258
47.092 133.086 293.258
47.092 133.076 293.258
47.082 133.056 293.258
47.082 133.046 293.258
47.072 133.026 293.258
47.062 133.016 293.258
47.042 132.986 293.258
47.032 132.966 293.258
47.022 132.946 293.258
47.002 132.916 293.258
46.992 132.896 293.258
46.972 132.866 293.258
46.962 132.846 293.258
46.942 132.816 293.258
46.932 132.806 293.258
46.912 132.776 293.258
46.902 132.766 293.258
46.892 132.756 293.258
46.882 132.746 293.258
46.862 132.726 293.258
46.852 132.716 293.258
46.842 132.706 293.258
46.832 132.696 293.258
46.822 132.686 293.258
46.812 132.676 293.258
46.792 132.646 293.258
46.782 132.626 293.258
46.772 132.616 293.258
46.762 132.606 293.258
46.752 132.596 293.258
46.732 132.566 293.258
46.722 132.556 293.258
46.702 132.526 293.258
46.692 132.516 293.258
46.682 132.506 293.258
46.672 132.496 293.258
46.652 132.466 293.258
46.632 132.436 293.258
46.612 132.406 293.258
46.602 132.396 293.258
46.582 132.366 293.258
46.572 132.356 293.258
46.552 132.326 293.258
46.532 132.296 293.258
46.522 132.276 293.258
46.502 132.246 293.258
46.492 132.226 293.258
46.482 132.206 293.258
46.462 132.176 293.258
46.452 132.166 293.258
46.442 132.146 293.258
46.432 132.126 293.258
46.412 132.076 293.258
46.402 132.056 293.258
46.402 132.046 293.258
46.392 132.026 293.258
46.382 132.006 293.258
46.372 131.986 293.258
46.362 131.966 293.258
46.362 131.956 293.258
46.352 131.936 293.258
46.342 131.916 293.258
46.342 131.906 293.258
46.332 131.886 293.258
46.322 131.866 293.258
46.322 131.856 293.258
46.322 131.846 293.258
46.312 131.826 293.258
46.312 131.816 293.258
46.302 131.796 293.258
46.302 131.786 293.258
46.292 131.766 293.258
46.292 131.756 293.258
46.282 131.736 293.258
46.272 131.716 293.258
46.262 131.696 293.258
46.262 131.686 293.258
46.252 131.666 293.258
46.252 131.656 293.258
46.242 131.636 293.258
46.232 131.616 293.258
46.232 131.606 293.258
46.212 131.576 293.258
46.212 131.566 293.258
46.192 131.536 293.258
46.182 131.516 293.258
46.172 131.496 293.258
46.172 131.486 293.258
46.162 131.466 293.258
46.152 131.446 293.258
46.142 131.426 293.258
46.132 131.406 293.258
46.132 131.396 293.258
46.122 131.386 293.258
46.102 131.356 293.258
46.092 131.346 293.258
46.082 131.336 293.258
46.062 131.306 293.258
46.052 131.286 293.258
46.042 131.276 293.258
46.022 131.246 293.258
46.012 131.236 293.258
45.992 131.196 293.258
45.982 131.176 293.258
45.962 131.146 293.258
45.952 131.126 293.258
45.932 131.096 293.258
45.902 131.056 293.258
45.872 131.026 293.258
45.862 131.006 293.258
45.852 130.996 293.258
45.842 130.986 293.258
45.832 130.976 293.258
45.822 130.966 293.258
45.812 130.956 293.258
45.802 130.946 293.258
45.792 130.936 293.258
45.772 130.906 293.258
45.742 130.886 293.258
45.732 130.876 293.258
45.722 130.856 293.258
45.702 130.826 293.258
45.682 130.796 293.258
45.662 130.776 293.258
45.632 130.746 293.258
45.622 130.736 293.258
45.602 130.726 293.258
45.592 130.726 293.258
45.572 130.716 293.258
45.552 130.696 293.258
45.512 130.676 293.258
45.502 130.666 293.258
45.482 130.646 293.258
45.472 130.636 293.258
45.462 130.626 293.258
45.452 130.616 293.258
45.422 130.596 293.258
45.412 130.586 293.258
45.392 130.576 293.258
45.362 130.556 293.258
45.352 130.546 293.258
45.322 130.526 293.258
45.312 130.516 293.258
45.282 130.496 293.258
45.272 130.486 293.258
45.262 130.476 293.258
45.252 130.466 293.258
45.242 130.456 293.258
45.232 130.446 293.258
45.222 130.436 293.258
45.212 130.426 293.258
45.202 130.416 293.258
45.192 130.406 293.258
45.182 130.386 293.258
45.152 130.356 293.258
45.142 130.346 293.258
45.132 130.336 293.258
45.112 130.316 293.258
45.082 130.296 293.258
45.072 130.286 293.258
45.062 130.276 293.258
45.052 130.266 293.258
45.042 130.256 293.258
45.032 130.246 293.258
45.032 130.236 293.258
45.022 130.226 293.258
44.992 130.206 293.258
44.982 130.196 293.258
44.972 130.186 293.258
44.962 130.176 293.258
44.942 130.156 293.258
44.912 130.126 293.258
44.902 130.116 293.258
44.892 130.106 293.258
44.882 130.096 293.258
44.872 130.086 293.258
44.862 130.076 293.258
44.842 130.066 293.258
44.732 129.966 293.258
44.712 129.946 293.258
44.702 129.936 293.258
44.682 129.916 293.258
44.672 129.906 293.258
44.662 129.896 293.258
44.652 129.886 293.258
44.622 129.866 293.258
44.612 129.856 293.258
44.602 129.846 293.258
44.572 129.826 293.258
44.562 129.816 293.258
44.552 129.806 293.258
44.542 129.796 293.258
44.532 129.786 293.258
44.522 129.776 293.258
44.492 129.756 293.258
44.482 129.746 293.258
44.452 129.726 293.258
44.422 129.706 293.258
44.412 129.696 293.258
44.382 129.676 293.258
44.362 129.666 293.258
44.332 129.646 293.258
44.312 129.636 293.258
44.292 129.616 293.258
44.262 129.596 293.258
44.252 129.586 293.258
44.222 129.566 293.258
44.212 129.556 293.258
44.202 129.546 293.258
44.192 129.536 293.258
44.162 129.516 293.258
44.152 129.506 293.258
44.142 129.496 293.258
44.132 129.486 293.258
44.122 129.476 293.258
44.112 129.466 293.258
44.102 129.456 293.258
44.092 129.446 293.258
44.082 129.436 293.258
44.072 129.426 293.258
44.062 129.416 293.258
44.052 129.406 293.258
44.042 129.396 293.258
44.032 129.386 293.258
44.022 129.376 293.258
44.012 129.366 293.258
44.002 129.356 293.258
43.992 129.346 293.258
43.962 129.326 293.258
43.932 129.306 293.258
43.922 129.296 293.258
43.892 129.276 293.258
43.882 129.276 293.258
43.872 129.276 293.258
43.862 129.276 293.258
43.852 129.276 293.258
43.842 129.276 293.258
43.832 129.276 293.258
43.822 129.276 293.258
43.812 129.276 293.258
43.792 129.286 293.258
43.772 129.296 293.258
43.742 129.306 293.258
43.722 129.316 293.258
43.682 129.316 293.258
43.672 129.316 293.258
43.662 129.316 293.258
43.662 129.306 293.258
43.652 129.306 293.258
43.642 129.306 293.258
43.642 129.296 293.258
43.632 129.296 293.258
43.622 129.296 293.258
43.622 129.286 293.258
43.612 129.286 293.258
43.602 129.286 293.258
43.602 129.276 293.258
43.582 129.266 293.258
43.562 129.256 293.258
43.552 129.246 293.258
43.532 129.236 293.258
43.522 129.226 293.258
43.502 129.216 293.258
43.472 129.206 293.258
43.452 129.196 293.258
43.432 129.186 293.258
43.412 129.176 293.258
43.392 129.166 293.258
43.362 129.156 293.258
43.342 129.146 293.258
43.322 129.136 293.258
43.302 129.126 293.258
43.292 129.116 293.258
43.272 129.106 293.258
43.262 129.096 293.258
43.232 129.086 293.258
43.212 129.076 293.258
43.192 129.066 293.258
43.172 129.056 293.258
43.152 129.046 293.258
43.132 129.036 293.258
43.112 129.026 293.258
43.092 129.016 293.258
43.072 129.006 293.258
43.042 128.996 293.258
43.002 128.986 293.258
42.992 128.986 293.258
42.962 128.976 293.258
42.942 128.966 293.258
42.922 128.956 293.258
42.882 128.956 293.258
