-131.959 -170.746 288.625
-131.966 -170.730 288.625
-131.971 -170.719 288.625
-131.973 -170.715 288.625
-131.978 -170.708 288.625
-131.981 -170.705 288.625
-131.983 -170.702 288.625
-131.985 -170.699 288.625
-131.987 -170.695 288.625
-131.990 -170.692 288.625
-131.992 -170.688 288.625
-131.995 -170.685 288.625
-131.997 -170.682 288.625
-132.000 -170.678 288.625
-132.002 -170.675 288.625
-132.003 -170.672 288.625
-132.006 -170.668 288.625
-132.008 -170.665 288.625
-132.011 -170.661 288.625
-132.013 -170.654 288.625
-132.021 -170.642 288.625
-132.026 -170.637 288.625
-132.028 -170.631 288.625
-132.032 -170.624 288.625
-132.036 -170.620 288.625
-132.038 -170.616 288.625
-132.045 -170.606 288.625
-132.047 -170.602 288.625
-132.053 -170.596 288.625
-132.055 -170.588 288.625
-132.058 -170.584 288.625
-132.066 -170.573 288.625
-132.071 -170.568 288.625
-132.077 -170.564 288.625
-132.087 -170.558 288.625
-132.096 -170.550 288.625
-132.100 -170.547 288.625
-132.103 -170.541 288.625
-132.111 -170.535 288.625
-132.115 -170.532 288.625
-132.113 -170.528 288.625
-132.122 -170.520 288.625
-132.125 -170.515 288.625
-132.135 -170.505 288.625
-132.138 -170.503 288.625
-132.141 -170.499 288.625
-132.146 -170.495 288.625
-132.146 -170.492 288.625
-132.150 -170.489 288.625
-132.155 -170.485 288.625
-132.157 -170.480 288.625
-132.161 -170.477 288.625
-132.165 -170.472 288.625
-132.167 -170.469 288.625
-132.168 -170.465 288.625
-132.171 -170.461 288.625
-132.170 -170.457 288.625
-132.171 -170.452 288.625
-132.172 -170.447 288.625
-132.175 -170.444 288.625
-132.174 -170.441 288.625
-132.176 -170.435 288.624
-132.178 -170.429 288.624
-132.171 -170.401 288.624
-132.167 -170.389 288.624
-132.163 -170.382 288.624
-132.160 -170.378 288.624
-132.157 -170.377 288.624
-132.154 -170.374 288.624
-132.148 -170.368 288.624
-132.144 -170.364 288.624
-132.138 -170.357 288.624
-132.134 -170.353 288.624
-132.131 -170.350 288.624
-132.127 -170.344 288.624
-132.122 -170.340 288.624
-132.117 -170.337 288.624
-132.112 -170.332 288.624
-132.107 -170.327 288.624
-132.106 -170.323 288.624
-132.104 -170.320 288.624
-132.100 -170.314 288.624
-132.095 -170.307 288.624
-132.085 -170.290 288.624
-132.074 -170.271 288.624
-132.073 -170.267 288.624
-132.068 -170.259 288.624
-132.060 -170.246 288.624
-132.060 -170.241 288.624
-132.051 -170.229 288.624
-132.049 -170.226 288.624
-132.041 -170.214 288.624
-132.038 -170.208 288.624
-132.037 -170.205 288.624
-132.025 -170.189 288.624
-132.022 -170.185 288.624
-132.017 -170.178 288.624
-132.011 -170.170 288.624
-132.005 -170.162 288.624
-131.999 -170.152 288.624
-131.996 -170.148 288.624
-131.995 -170.145 288.624
-131.989 -170.136 288.624
-131.986 -170.132 288.624
-131.987 -170.129 288.624
-131.987 -170.125 288.624
-131.985 -170.116 288.624
-131.988 -170.113 288.624
-131.987 -170.107 288.624
-131.989 -170.101 288.624
-131.985 -170.091 288.624
-131.987 -170.081 288.624
-131.988 -170.078 288.624
-131.992 -170.072 288.624
-131.986 -170.063 288.624
-131.986 -170.052 288.624
-131.987 -170.041 288.624
-131.987 -170.036 288.624
-131.987 -170.032 288.624
-131.989 -170.028 288.624
-131.986 -170.020 288.624
-131.988 -170.017 288.624
-131.984 -170.011 288.624
-131.981 -170.007 288.624
-131.978 -170.003 288.624
-131.976 -170.000 288.624
-131.973 -169.996 288.624
-131.966 -169.988 288.624
-131.963 -169.982 288.624
-131.959 -169.977 288.624
-131.957 -169.973 288.624
-131.953 -169.966 288.624
-131.951 -169.963 288.624
-131.947 -169.958 288.624
-131.944 -169.953 288.624
-131.942 -169.949 288.624
-131.941 -169.946 288.624
-131.940 -169.943 288.624
-131.938 -169.940 288.624
-131.933 -169.933 288.624
-131.928 -169.923 288.624
-131.928 -169.919 288.624
-131.926 -169.916 288.624
-131.925 -169.910 288.624
-131.925 -169.906 288.624
-131.926 -169.902 288.624
-131.925 -169.896 288.624
-131.924 -169.891 288.624
-131.924 -169.888 288.624
-131.924 -169.882 288.624
-131.925 -169.879 288.624
-131.922 -169.875 288.624
-131.922 -169.870 288.624
-131.920 -169.863 288.624
-131.919 -169.859 288.623
-131.918 -169.854 288.623
-131.918 -169.850 288.623
-131.918 -169.846 288.623
-131.917 -169.843 288.623
-131.916 -169.837 288.623
-131.918 -169.833 288.623
-131.916 -169.829 288.623
-131.918 -169.824 288.623
-131.915 -169.819 288.623
-131.913 -169.815 288.623
-131.914 -169.808 288.623
-131.912 -169.803 288.623
-131.910 -169.799 288.623
-131.912 -169.795 288.623
-131.910 -169.785 288.623
-131.909 -169.782 288.623
-131.910 -169.779 288.623
-131.907 -169.776 288.623
-131.906 -169.772 288.623
-131.906 -169.763 288.623
-131.906 -169.760 288.623
-131.907 -169.757 288.623
-131.904 -169.754 288.623
-131.904 -169.749 288.623
-131.904 -169.746 288.623
-131.902 -169.740 288.623
-131.903 -169.737 288.623
-131.901 -169.734 288.623
-131.903 -169.728 288.623
-131.902 -169.725 288.623
-131.899 -169.720 288.623
-131.898 -169.715 288.623
-131.899 -169.712 288.623
-131.897 -169.708 288.623
-131.897 -169.705 288.623
-131.896 -169.700 288.623
-131.895 -169.697 288.623
-131.894 -169.692 288.623
-131.892 -169.687 288.623
-131.892 -169.684 288.623
-131.891 -169.678 288.623
-131.891 -169.674 288.623
-131.890 -169.671 288.623
-131.889 -169.668 288.623
-131.887 -169.664 288.623
-131.886 -169.660 288.623
-131.884 -169.653 288.623
-131.885 -169.650 288.623
-131.882 -169.644 288.623
-131.882 -169.640 288.623
-131.881 -169.637 288.623
-131.879 -169.631 288.623
-131.877 -169.624 288.623
-131.876 -169.617 288.623
-131.874 -169.610 288.623
-131.874 -169.607 288.623
-131.872 -169.604 288.623
-131.871 -169.599 288.623
-131.869 -169.596 288.623
-131.867 -169.590 288.623
-131.863 -169.585 288.623
-131.861 -169.580 288.623
-131.858 -169.577 288.623
-131.857 -169.574 288.623
-131.852 -169.567 288.623
-131.850 -169.563 288.623
-131.849 -169.560 288.623
-131.847 -169.555 288.623
-131.844 -169.553 288.623
-131.844 -169.550 288.623
-131.841 -169.546 288.623
-131.836 -169.535 288.623
-131.832 -169.527 288.623
-131.830 -169.523 288.623
-131.827 -169.520 288.623
-131.825 -169.517 288.623
-131.823 -169.513 288.623
-131.824 -169.508 288.623
-131.819 -169.505 288.623
-131.820 -169.499 288.623
-131.815 -169.495 288.623
-131.812 -169.489 288.623
-131.808 -169.481 288.623
-131.810 -169.474 288.623
-131.807 -169.470 288.623
-131.800 -169.460 288.623
-131.797 -169.452 288.623
-131.798 -169.444 288.623
-131.794 -169.439 288.623
-131.791 -169.436 288.623
-131.786 -169.431 288.623
-131.783 -169.424 288.623
-131.777 -169.413 288.623
-131.768 -169.407 288.623
-131.766 -169.402 288.623
-131.762 -169.397 288.623
-131.759 -169.391 288.623
-131.756 -169.387 288.623
-131.756 -169.384 288.623
-131.754 -169.380 288.623
-131.750 -169.376 288.623
-131.744 -169.371 288.623
-131.734 -169.362 288.623
-131.731 -169.360 288.623
-131.727 -169.356 288.623
-131.726 -169.352 288.623
-131.719 -169.348 288.623
-131.713 -169.344 288.623
-131.708 -169.341 288.623
-131.703 -169.337 288.623
-131.701 -169.332 288.623
-131.694 -169.330 288.623
-131.675 -169.317 288.623
-131.666 -169.312 288.623
-131.662 -169.309 288.623
-131.661 -169.306 288.623
-131.661 -169.302 288.623
-131.656 -169.300 288.623
-131.644 -169.291 288.623
-131.629 -169.281 288.622
-131.613 -169.273 288.622
-131.604 -169.269 288.622
-131.584 -169.262 288.622
-131.581 -169.260 288.622
-131.577 -169.258 288.622
-131.551 -169.251 288.622
-131.536 -169.244 288.622
-131.532 -169.242 288.622
-131.507 -169.233 288.622
-131.494 -169.230 288.622
-131.462 -169.225 288.622
-131.444 -169.224 288.622
-131.435 -169.224 288.622
-131.419 -169.221 288.622
-131.415 -169.220 288.622
-131.412 -169.221 288.622
-131.396 -169.220 288.622
-131.380 -169.216 288.622
-131.378 -169.219 288.622
-131.359 -169.214 288.622
-131.357 -169.217 288.622
-131.352 -169.217 288.622
-131.346 -169.217 288.622
-131.345 -169.220 288.622
-131.340 -169.220 288.622
-131.334 -169.223 288.622
-131.326 -169.224 288.622
-131.297 -169.222 288.622
-131.295 -169.227 288.622
-131.291 -169.226 288.622
-131.286 -169.227 288.622
-131.277 -169.228 288.622
-131.267 -169.229 288.622
-131.264 -169.230 288.622
-131.259 -169.232 288.622
-131.256 -169.231 288.622
-131.238 -169.236 288.622
-131.231 -169.234 288.622
-131.219 -169.234 288.622
-131.215 -169.236 288.622
-131.202 -169.243 288.622
-131.197 -169.244 288.622
-131.185 -169.248 288.622
-131.176 -169.244 288.622
-131.166 -169.250 288.622
-131.157 -169.254 288.622
-131.144 -169.256 288.622
-131.139 -169.257 288.622
-131.121 -169.264 288.622
-131.116 -169.259 288.622
-131.097 -169.270 288.622
-131.085 -169.272 288.622
-131.080 -169.268 288.622
-131.073 -169.272 288.622
-131.061 -169.276 288.622
-131.052 -169.280 288.622
-131.048 -169.279 288.622
-131.039 -169.284 288.622
-131.026 -169.288 288.623
-131.015 -169.290 288.623
-131.008 -169.293 288.623
-131.002 -169.292 288.623
-130.997 -169.295 288.623
-130.990 -169.295 288.623
-130.973 -169.298 288.623
-130.965 -169.300 288.623
-130.960 -169.296 288.623
-130.953 -169.301 288.623
-130.946 -169.303 288.623
-130.939 -169.306 288.623
-130.931 -169.305 288.623
-130.927 -169.301 288.623
-130.922 -169.301 288.623
-130.912 -169.301 288.623
-130.902 -169.308 288.623
-130.895 -169.314 288.623
-130.892 -169.312 288.623
-130.888 -169.308 288.623
-130.884 -169.311 288.623
-130.879 -169.312 288.623
-130.875 -169.311 288.623
-130.871 -169.307 288.623
-130.864 -169.309 288.623
-130.860 -169.308 288.623
-130.856 -169.305 288.623
-130.848 -169.306 288.623
-130.845 -169.303 288.623
-130.842 -169.301 288.623
-130.837 -169.301 288.623
-130.834 -169.299 288.623
-130.826 -169.296 288.623
-130.812 -169.290 288.623
-130.804 -169.285 288.622
-130.801 -169.285 288.622
-130.796 -169.284 288.622
-130.793 -169.283 288.622
-130.787 -169.283 288.622
-130.784 -169.283 288.622
-130.777 -169.282 288.622
-130.769 -169.282 288.622
-130.745 -169.280 288.622
-130.739 -169.280 288.622
-130.736 -169.278 288.622
-130.726 -169.279 288.622
-130.720 -169.278 288.622
-130.715 -169.274 288.622
-130.710 -169.275 288.622
-130.705 -169.274 288.622
-130.699 -169.271 288.622
-130.695 -169.273 288.622
-130.689 -169.270 288.622
-130.686 -169.270 288.622
-130.682 -169.267 288.622
-130.678 -169.265 288.622
-130.664 -169.259 288.622
-130.653 -169.251 288.622
-130.649 -169.250 288.622
-130.637 -169.238 288.622
-130.623 -169.227 288.622
-130.605 -169.207 288.622
-130.601 -169.208 288.622
-130.596 -169.204 288.622
-130.587 -169.195 288.622
-130.584 -169.196 288.622
-130.579 -169.193 288.622
-130.575 -169.190 288.622
-130.572 -169.187 288.622
-130.565 -169.181 288.622
-130.560 -169.180 288.622
-130.554 -169.174 288.622
-130.550 -169.170 288.622
-130.547 -169.168 288.622
-130.544 -169.165 288.622
-130.535 -169.156 288.622
-130.530 -169.150 288.622
-130.526 -169.144 288.622
-130.520 -169.137 288.622
-130.515 -169.131 288.622
-130.510 -169.125 288.622
-130.507 -169.121 288.622
-130.504 -169.117 288.622
-130.500 -169.112 288.622
-130.496 -169.106 288.622
-130.491 -169.100 288.622
-130.468 -169.079 288.622
-130.458 -169.070 288.622
-130.451 -169.065 288.622
-130.446 -169.063 288.622
-130.438 -169.056 288.622
-130.431 -169.051 288.622
-130.424 -169.044 288.622
-130.420 -169.042 288.622
-130.417 -169.040 288.622
-130.405 -169.028 288.622
-130.403 -169.025 288.622
-130.398 -169.019 288.622
-130.373 -168.992 288.622
-130.370 -168.991 288.622
-130.363 -168.986 288.622
-130.352 -168.979 288.622
-130.349 -168.977 288.622
-130.345 -168.975 288.622
-130.342 -168.975 288.622
-130.337 -168.971 288.622
-130.334 -168.969 288.622
-130.330 -168.967 288.622
-130.327 -168.966 288.622
-130.323 -168.962 288.622
-130.320 -168.961 288.622
-130.317 -168.959 288.622
-130.314 -168.957 288.622
-130.311 -168.957 288.622
-130.307 -168.953 288.622
-130.304 -168.951 288.622
-130.299 -168.948 288.622
-130.295 -168.946 288.622
-130.292 -168.944 288.622
-130.289 -168.941 288.622
-130.286 -168.938 288.622
-130.282 -168.934 288.622
-130.278 -168.931 288.622
-130.275 -168.928 288.622
-130.272 -168.926 288.622
-130.269 -168.923 288.622
-130.264 -168.918 288.622
-130.254 -168.907 288.622
-130.254 -168.904 288.622
-130.251 -168.900 288.622
-130.250 -168.897 288.622
-130.248 -168.893 288.622
-130.248 -168.889 288.622
-130.246 -168.885 288.622
-130.245 -168.881 288.622
-130.242 -168.873 288.622
-130.242 -168.870 288.622
-130.240 -168.864 288.622
-130.239 -168.860 288.622
-130.238 -168.855 288.622
-130.238 -168.847 288.622
-130.240 -168.842 288.622
-130.240 -168.836 288.622
-130.239 -168.831 288.622
-130.238 -168.826 288.622
-130.236 -168.822 288.622
-130.224 -168.811 288.622
-130.222 -168.807 288.622
-130.219 -168.804 288.622
-130.215 -168.798 288.622
-130.211 -168.794 288.622
-130.207 -168.789 288.622
-130.205 -168.785 288.622
-130.200 -168.780 288.622
-130.197 -168.776 288.622
-130.187 -168.767 288.622
-130.186 -168.764 288.622
-130.185 -168.759 288.622
-130.181 -168.755 288.622
-130.180 -168.750 288.622
-130.177 -168.742 288.622
-130.173 -168.736 288.622
-130.172 -168.733 288.622
-130.171 -168.730 288.622
-130.171 -168.726 288.622
-130.173 -168.723 288.622
-130.168 -168.719 288.622
-130.171 -168.715 288.622
-130.165 -168.709 288.621
-130.167 -168.706 288.621
-130.168 -168.703 288.621
-130.169 -168.700 288.621
-130.165 -168.696 288.621
-130.161 -168.693 288.621
-130.159 -168.685 288.621
-130.160 -168.679 288.621
-130.156 -168.676 288.621
-130.156 -168.671 288.621
-130.153 -168.667 288.621
-130.144 -168.657 288.621
-130.142 -168.654 288.621
-130.137 -168.648 288.621
-130.132 -168.643 288.621
-130.132 -168.639 288.621
-130.125 -168.634 288.621
-130.119 -168.631 288.621
-130.117 -168.628 288.621
-130.112 -168.624 288.621
-130.108 -168.622 288.621
-130.085 -168.605 288.621
-130.076 -168.602 288.621
-130.071 -168.601 288.621
-130.051 -168.598 288.621
-130.044 -168.596 288.621
-130.010 -168.584 288.621
-129.994 -168.577 288.621
-129.971 -168.554 288.621
-129.967 -168.549 288.621
-129.965 -168.542 288.621
-129.956 -168.524 288.621
-129.952 -168.513 288.621
-129.945 -168.500 288.621
-129.946 -168.497 288.621
-129.935 -168.487 288.621
-129.930 -168.482 288.621
-129.928 -168.478 288.621
-129.920 -168.468 288.621
-129.915 -168.464 288.621
-129.891 -168.444 288.621
-129.881 -168.442 288.621
-129.877 -168.440 288.621
-129.875 -168.437 288.621
-129.857 -168.428 288.621
-129.835 -168.423 288.621
-129.819 -168.419 288.621
-129.813 -168.424 288.621
-129.799 -168.419 288.621
-129.793 -168.425 288.621
-129.786 -168.425 288.621
-129.770 -168.422 288.621
-129.764 -168.421 288.621
-129.759 -168.422 288.621
-129.747 -168.415 288.621
-129.727 -168.395 288.621
-129.713 -168.389 288.621
-129.710 -168.389 288.621
-129.705 -168.386 288.621
-129.702 -168.388 288.621
-129.689 -168.383 288.621
-129.684 -168.378 288.621
-129.681 -168.376 288.621
-129.667 -168.378 288.621
-129.661 -168.375 288.621
-129.656 -168.372 288.621
-129.652 -168.368 288.621
-129.640 -168.362 288.621
-129.632 -168.357 288.621
-129.626 -168.357 288.621
-129.616 -168.348 288.621
-129.597 -168.336 288.621
-129.591 -168.334 288.621
-129.578 -168.321 288.621
-129.574 -168.321 288.621
-129.557 -168.305 288.621
-129.543 -168.287 288.621
-129.529 -168.273 288.621
-129.521 -168.265 288.621
-129.499 -168.245 288.621
-129.490 -168.236 288.621
-129.486 -168.231 288.621
-129.485 -168.227 288.621
-129.457 -168.204 288.621
-129.452 -168.200 288.621
-129.434 -168.180 288.621
-129.414 -168.160 288.621
-129.410 -168.155 288.621
-129.402 -168.127 288.620
-129.401 -168.105 288.620
-129.400 -168.100 288.620
-129.401 -168.094 288.620
-129.418 -168.086 288.620
-129.423 -168.083 288.620
-129.436 -168.085 288.620
-129.444 -168.075 288.620
-129.451 -168.075 288.620
-129.461 -168.074 288.620
-129.474 -168.083 288.620
-129.487 -168.083 288.620
-129.495 -168.079 288.620
-129.503 -168.080 288.620
-129.515 -168.082 288.620
-129.523 -168.072 288.620
-129.526 -168.070 288.620
-129.536 -168.069 288.620
-129.554 -168.058 288.620
-129.561 -168.057 288.620
-129.581 -168.048 288.620
-129.588 -168.044 288.620
-129.600 -168.039 288.620
-129.618 -168.034 288.620
-129.636 -168.006 288.620
-129.629 -167.979 288.620
-129.621 -167.965 288.620
-129.617 -167.961 288.620
-129.619 -167.951 288.620
-129.611 -167.941 288.620
-129.608 -167.937 288.620
-129.601 -167.933 288.620
-129.587 -167.915 288.620
-129.583 -167.906 288.620
-129.578 -167.892 288.620
-129.567 -167.884 288.620
-129.558 -167.870 288.620
-129.553 -167.860 288.620
-129.554 -167.850 288.620
-129.547 -167.845 288.620
-129.548 -167.842 288.620
-129.542 -167.833 288.620
-129.541 -167.827 288.620
-129.541 -167.820 288.620
-129.539 -167.815 288.620
-129.540 -167.810 288.620
-129.548 -167.785 288.620
-129.548 -167.773 288.620
-129.551 -167.766 288.620
-129.554 -167.761 288.620
-129.558 -167.749 288.620
-129.559 -167.746 288.620
-129.565 -167.725 288.620
-129.564 -167.706 288.620
-129.556 -167.694 288.620
-129.555 -167.684 288.620
-129.552 -167.682 288.620
-129.551 -167.664 288.620
-129.549 -167.660 288.620
-129.531 -167.638 288.620
-129.529 -167.635 288.620
-129.525 -167.627 288.620
-129.525 -167.614 288.620
-129.520 -167.591 288.620
-129.513 -167.587 288.620
-129.505 -167.577 288.620
-129.500 -167.575 288.620
-129.500 -167.564 288.620
-129.489 -167.562 288.620
-129.486 -167.560 288.620
-129.477 -167.541 288.619
-129.475 -167.537 288.619
-129.468 -167.531 288.619
-129.459 -167.520 288.619
-129.452 -167.507 288.619
-129.433 -167.484 288.619
-129.431 -167.481 288.619
-129.426 -167.474 288.619
-129.420 -167.461 288.619
-129.414 -167.455 288.619
-129.395 -167.425 288.619
-129.391 -167.420 288.619
-129.387 -167.407 288.619
-129.381 -167.397 288.619
-129.373 -167.394 288.619
-129.370 -167.387 288.619
-129.360 -167.383 288.619
-129.353 -167.381 288.619
-129.352 -167.378 288.619
-129.348 -167.376 288.619
-129.335 -167.373 288.619
-129.329 -167.363 288.619
-129.319 -167.363 288.619
-129.307 -167.357 288.619
-129.303 -167.355 288.619
-129.296 -167.355 288.619
-129.288 -167.346 288.619
-129.275 -167.348 288.619
-129.265 -167.340 288.619
-129.265 -167.313 288.619
-129.266 -167.299 288.619
-129.266 -167.276 288.619
-129.269 -167.272 288.619
-129.272 -167.271 288.619
-129.275 -167.266 288.619
-129.279 -167.262 288.619
-129.286 -167.245 288.619
-129.293 -167.225 288.619
-129.295 -167.218 288.619
-129.293 -167.185 288.619
-129.292 -167.168 288.619
-129.288 -167.152 288.619
-129.286 -167.137 288.619
-129.285 -167.133 288.619
-129.279 -167.131 288.619
-129.274 -167.125 288.619
-129.272 -167.116 288.619
-129.267 -167.109 288.619
-129.263 -167.106 288.619
-129.258 -167.104 288.619
-129.255 -167.100 288.619
-129.252 -167.096 288.619
-129.251 -167.093 288.619
-129.248 -167.093 288.619
-129.244 -167.089 288.619
-129.240 -167.086 288.619
-129.238 -167.083 288.619
-129.235 -167.077 288.619
-129.231 -167.074 288.619
-129.228 -167.074 288.619
-129.225 -167.069 288.619
-129.223 -167.066 288.619
-129.220 -167.064 288.619
-129.215 -167.062 288.619
-129.214 -167.059 288.619
-129.211 -167.057 288.619
-129.209 -167.053 288.619
-129.205 -167.053 288.619
-129.200 -167.048 288.619
-129.197 -167.046 288.619
-129.195 -167.041 288.619
-129.190 -167.040 288.619
-129.186 -167.034 288.619
-129.181 -167.031 288.619
-129.180 -167.027 288.619
-129.177 -167.024 288.619
-129.172 -167.018 288.619
-129.169 -167.018 288.619
-129.165 -167.013 288.619
-129.163 -167.010 288.619
-129.155 -167.004 288.619
-129.151 -166.997 288.619
-129.148 -166.991 288.619
-129.145 -166.989 288.619
-129.142 -166.987 288.619
-129.140 -166.984 288.619
-129.138 -166.980 288.618
-129.134 -166.975 288.618
-129.133 -166.971 288.618
-129.129 -166.965 288.618
-129.125 -166.955 288.618
-129.125 -166.951 288.618
-129.124 -166.942 288.618
-129.123 -166.936 288.618
-129.123 -166.931 288.618
-129.122 -166.924 288.618
-129.113 -166.888 288.618
-129.111 -166.884 288.618
-129.107 -166.873 288.618
-129.103 -166.864 288.618
-129.100 -166.857 288.618
-129.097 -166.850 288.618
-129.096 -166.846 288.618
-129.093 -166.840 288.618
-129.091 -166.833 288.618
-129.088 -166.825 288.618
-129.087 -166.822 288.618
-129.084 -166.815 288.618
-129.083 -166.811 288.618
-129.082 -166.808 288.618
-129.080 -166.804 288.618
-129.078 -166.800 288.618
-129.076 -166.795 288.618
-129.074 -166.790 288.618
-129.071 -166.785 288.618
-129.068 -166.781 288.618
-129.065 -166.773 288.618
-129.062 -166.770 288.618
-129.060 -166.767 288.618
-129.059 -166.764 288.618
-129.055 -166.755 288.618
-129.052 -166.754 288.618
-129.050 -166.747 288.618
-129.048 -166.744 288.618
-129.044 -166.740 288.618
-129.042 -166.735 288.618
-129.040 -166.732 288.618
-129.034 -166.724 288.618
-129.030 -166.720 288.618
-129.028 -166.714 288.618
-129.024 -166.714 288.618
-129.016 -166.705 288.618
-129.014 -166.700 288.618
-129.012 -166.696 288.618
-129.007 -166.696 288.618
-129.002 -166.690 288.618
-128.996 -166.681 288.618
-128.993 -166.675 288.618
-128.988 -166.671 288.618
-128.983 -166.662 288.618
-128.977 -166.659 288.618
-128.974 -166.652 288.618
-128.967 -166.646 288.618
-128.962 -166.640 288.618
-128.953 -166.623 288.618
-128.949 -166.617 288.618
-128.943 -166.618 288.618
-128.939 -166.611 288.618
-128.936 -166.611 288.618
-128.932 -166.608 288.618
-128.925 -166.597 288.618
-128.918 -166.598 288.618
-128.915 -166.595 288.618
-128.912 -166.593 288.618
-128.909 -166.586 288.618
-128.899 -166.575 288.618
-128.889 -166.566 288.618
-128.886 -166.561 288.618
-128.876 -166.547 288.618
-128.872 -166.543 288.618
-128.866 -166.539 288.618
-128.860 -166.532 288.618
-128.857 -166.527 288.618
-128.849 -166.517 288.618
-128.835 -166.512 288.618
-128.831 -166.512 288.618
-128.825 -166.508 288.618
-128.820 -166.502 288.618
-128.814 -166.501 288.618
-128.811 -166.499 288.618
-128.806 -166.491 288.618
-128.788 -166.485 288.618
-128.784 -166.481 288.618
-128.781 -166.475 288.618
-128.778 -166.472 288.618
-128.774 -166.462 288.618
-128.767 -166.452 288.618
-128.765 -166.448 288.618
-128.754 -166.432 288.618
-128.751 -166.433 288.618
-128.747 -166.423 288.618
-128.742 -166.419 288.618
-128.738 -166.411 288.618
-128.732 -166.400 288.617
-128.726 -166.388 288.617
-128.721 -166.383 288.617
-128.714 -166.373 288.617
-128.708 -166.366 288.617
-128.700 -166.349 288.617
-128.695 -166.347 288.617
-128.693 -166.344 288.617
-128.693 -166.337 288.617
-128.698 -166.333 288.617
-128.697 -166.314 288.617
-128.696 -166.310 288.617
-128.697 -166.306 288.617
-128.693 -166.281 288.617
-128.688 -166.250 288.617
-128.683 -166.238 288.617
-128.685 -166.228 288.617
-128.684 -166.225 288.617
-128.689 -166.210 288.617
-128.690 -166.201 288.617
-128.693 -166.199 288.617
-128.693 -166.195 288.617
-128.693 -166.185 288.617
-128.694 -166.181 288.617
-128.699 -166.171 288.617
-128.699 -166.167 288.617
-128.700 -166.162 288.617
-128.706 -166.153 288.617
-128.705 -166.148 288.617
-128.705 -166.144 288.617
-128.707 -166.140 288.617
-128.709 -166.134 288.617
-128.716 -166.131 288.617
-128.713 -166.123 288.617
-128.715 -166.117 288.617
-128.716 -166.114 288.617
-128.720 -166.111 288.617
-128.720 -166.108 288.617
-128.722 -166.105 288.617
-128.733 -166.097 288.617
-128.735 -166.092 288.617
-128.739 -166.085 288.617
-128.743 -166.080 288.617
-128.746 -166.074 288.617
-128.750 -166.069 288.617
-128.750 -166.065 288.617
-128.751 -166.061 288.617
-128.752 -166.057 288.617
-128.753 -166.053 288.617
-128.753 -166.050 288.617
-128.755 -166.047 288.617
-128.759 -166.044 288.617
-128.758 -166.037 288.617
-128.762 -166.035 288.617
-128.763 -166.027 288.617
-128.767 -166.024 288.617
-128.768 -166.021 288.617
-128.767 -166.018 288.617
-128.767 -166.013 288.617
-128.770 -166.007 288.617
-128.774 -166.004 288.617
-128.773 -166.000 288.617
-128.780 -165.991 288.617
-128.780 -165.983 288.617
-128.782 -165.977 288.617
-128.785 -165.969 288.617
-128.786 -165.966 288.617
-128.787 -165.961 288.617
-128.795 -165.955 288.617
-128.792 -165.947 288.617
-128.793 -165.942 288.617
-128.803 -165.930 288.617
-128.801 -165.925 288.617
-128.804 -165.921 288.617
-128.808 -165.916 288.617
-128.812 -165.910 288.617
-128.816 -165.907 288.617
-128.821 -165.899 288.617
-128.823 -165.894 288.617
-128.829 -165.890 288.617
-128.834 -165.887 288.617
-128.834 -165.883 288.617
-128.837 -165.875 288.617
-128.840 -165.873 288.617
-128.842 -165.870 288.617
-128.842 -165.866 288.617
-128.847 -165.862 288.617
-128.851 -165.858 288.617
-128.857 -165.855 288.617
-128.856 -165.852 288.617
-128.860 -165.845 288.617
-128.865 -165.840 288.617
-128.867 -165.836 288.617
-128.870 -165.834 288.617
-128.873 -165.832 288.617
-128.873 -165.829 288.616
-128.877 -165.825 288.616
-128.882 -165.822 288.616
-128.885 -165.818 288.616
-128.889 -165.814 288.616
-128.893 -165.812 288.616
-128.891 -165.800 288.616
-128.895 -165.792 288.616
-128.897 -165.789 288.616
-128.898 -165.785 288.616
-128.893 -165.773 288.616
-128.892 -165.769 288.616
-128.895 -165.765 288.616
-128.894 -165.757 288.616
-128.894 -165.753 288.616
-128.895 -165.745 288.616
-128.894 -165.742 288.616
-128.896 -165.739 288.616
-128.898 -165.736 288.616
-128.899 -165.732 288.616
-128.896 -165.725 288.616
-128.900 -165.719 288.616
-128.899 -165.714 288.616
-128.898 -165.709 288.616
-128.896 -165.703 288.616
-128.898 -165.700 288.616
-128.898 -165.696 288.616
-128.902 -165.693 288.616
-128.901 -165.690 288.616
-128.903 -165.687 288.616
-128.905 -165.684 288.616
-128.906 -165.677 288.616
-128.909 -165.672 288.616
-128.911 -165.669 288.616
-128.911 -165.663 288.616
-128.917 -165.655 288.616
-128.920 -165.651 288.616
-128.924 -165.647 288.616
-128.922 -165.642 288.616
-128.929 -165.636 288.616
-128.927 -165.631 288.616
-128.929 -165.627 288.616
-128.931 -165.624 288.616
-128.934 -165.621 288.616
-128.937 -165.615 288.616
-128.938 -165.611 288.616
-128.948 -165.598 288.616
-128.951 -165.590 288.616
-128.957 -165.585 288.616
-128.961 -165.580 288.616
-128.960 -165.577 288.616
-128.960 -165.570 288.616
-128.963 -165.563 288.616
-128.972 -165.554 288.616
-128.973 -165.547 288.616
-128.973 -165.543 288.616
-128.978 -165.539 288.616
-128.977 -165.535 288.616
-128.980 -165.532 288.616
-128.986 -165.522 288.616
-128.985 -165.516 288.616
-128.986 -165.509 288.616
-128.988 -165.506 288.616
-128.986 -165.497 288.616
-128.989 -165.493 288.616
-128.986 -165.487 288.616
-128.986 -165.478 288.616
-128.984 -165.467 288.616
-128.986 -165.460 288.616
-128.980 -165.448 288.616
-128.978 -165.439 288.616
-128.971 -165.417 288.616
-128.970 -165.412 288.616
-128.968 -165.405 288.616
-128.967 -165.398 288.616
-128.967 -165.387 288.616
-128.967 -165.382 288.616
-128.970 -165.376 288.616
-128.966 -165.362 288.616
-128.965 -165.352 288.616
-128.963 -165.345 288.616
-128.967 -165.342 288.616
-128.962 -165.331 288.616
-128.960 -165.325 288.616
-128.965 -165.320 288.616
-128.960 -165.309 288.616
-128.960 -165.297 288.616
-128.959 -165.290 288.616
-128.965 -165.284 288.616
-128.968 -165.281 288.616
-128.966 -165.274 288.616
-128.968 -165.269 288.616
-128.967 -165.259 288.616
-128.972 -165.251 288.615
-128.972 -165.240 288.615
-128.975 -165.234 288.615
-128.980 -165.226 288.615
-128.978 -165.221 288.615
-128.979 -165.216 288.615
-128.988 -165.210 288.615
-128.992 -165.205 288.615
-128.993 -165.202 288.615
-128.993 -165.199 288.615
-128.998 -165.195 288.615
-128.997 -165.192 288.615
-128.998 -165.189 288.615
-128.999 -165.186 288.615
-129.001 -165.182 288.615
-129.004 -165.180 288.615
-129.006 -165.177 288.615
-129.007 -165.174 288.615
-129.008 -165.170 288.615
-129.009 -165.167 288.615
-129.011 -165.164 288.615
-129.014 -165.161 288.615
-129.015 -165.156 288.615
-129.018 -165.152 288.615
-129.020 -165.147 288.615
-129.023 -165.144 288.615
-129.023 -165.140 288.615
-129.025 -165.137 288.615
-129.028 -165.132 288.615
-129.029 -165.129 288.615
-129.032 -165.125 288.615
-129.034 -165.122 288.615
-129.036 -165.119 288.615
-129.044 -165.113 288.615
-129.042 -165.107 288.615
-129.046 -165.102 288.615
-129.054 -165.096 288.615
-129.055 -165.092 288.615
-129.068 -165.080 288.615
-129.071 -165.076 288.615
-129.077 -165.068 288.615
-129.081 -165.064 288.615
-129.087 -165.059 288.615
-129.089 -165.056 288.615
-129.094 -165.047 288.615
-129.099 -165.043 288.615
-129.102 -165.039 288.615
-129.104 -165.036 288.615
-129.104 -165.032 288.615
-129.111 -165.026 288.615
-129.118 -165.018 288.615
-129.116 -165.009 288.615
-129.118 -165.006 288.615
-129.118 -165.003 288.615
-129.120 -164.998 288.615
-129.119 -164.994 288.615
-129.113 -164.984 288.615
-129.097 -164.955 288.615
-129.090 -164.947 288.615
-129.083 -164.939 288.615
-129.079 -164.934 288.615
-129.076 -164.931 288.615
-129.072 -164.926 288.615
-129.060 -164.911 288.615
-129.054 -164.905 288.615
-129.053 -164.902 288.615
-129.072 -164.886 288.615
-129.071 -164.881 288.615
-129.075 -164.876 288.615
-129.086 -164.868 288.615
-129.104 -164.852 288.615
-129.109 -164.847 288.615
-129.116 -164.842 288.615
-129.127 -164.836 288.615
-129.136 -164.831 288.615
-129.139 -164.829 288.615
-129.156 -164.823 288.615
-129.160 -164.819 288.615
-129.166 -164.815 288.615
-129.169 -164.811 288.615
-129.179 -164.805 288.615
-129.193 -164.800 288.615
-129.201 -164.797 288.615
-129.220 -164.794 288.615
-129.224 -164.793 288.615
-129.227 -164.790 288.615
-129.230 -164.788 288.615
-129.233 -164.786 288.615
-129.238 -164.783 288.615
-129.242 -164.780 288.615
-129.250 -164.778 288.615
-129.251 -164.775 288.615
-129.256 -164.774 288.615
-129.257 -164.771 288.615
-129.267 -164.767 288.615
-129.271 -164.766 288.615
-129.275 -164.764 288.615
-129.284 -164.757 288.615
-129.287 -164.756 288.615
-129.293 -164.754 288.615
-129.297 -164.752 288.615
-129.306 -164.748 288.615
-129.312 -164.744 288.615
-129.317 -164.742 288.615
-129.320 -164.741 288.615
-129.324 -164.740 288.615
-129.325 -164.737 288.615
-129.328 -164.736 288.615
-129.331 -164.735 288.615
-129.334 -164.734 288.615
-129.338 -164.732 288.615
-129.340 -164.729 288.615
-129.344 -164.726 288.615
-129.350 -164.723 288.615
-129.353 -164.721 288.615
-129.359 -164.719 288.615
-129.365 -164.715 288.615
-129.372 -164.711 288.615
-129.377 -164.707 288.615
-129.385 -164.705 288.615
-129.388 -164.703 288.615
-129.391 -164.701 288.615
-129.399 -164.695 288.615
-129.402 -164.693 288.615
-129.410 -164.690 288.615
-129.412 -164.686 288.615
-129.416 -164.683 288.615
-129.427 -164.677 288.615
-129.430 -164.675 288.614
-129.434 -164.672 288.614
-129.437 -164.667 288.614
-129.448 -164.661 288.614
-129.451 -164.658 288.614
-129.460 -164.655 288.614
-129.463 -164.646 288.614
-129.465 -164.642 288.614
-129.466 -164.638 288.614
-129.470 -164.636 288.614
-129.474 -164.628 288.614
-129.491 -164.617 288.614
-129.491 -164.611 288.614
-129.495 -164.606 288.614
-129.505 -164.599 288.614
-129.511 -164.594 288.614
-129.525 -164.584 288.614
-129.525 -164.577 288.614
-129.533 -164.571 288.614
-129.534 -164.567 288.614
-129.542 -164.539 288.614
-129.546 -164.535 288.614
-129.548 -164.523 288.614
-129.552 -164.522 288.614
-129.557 -164.505 288.614
-129.552 -164.482 288.614
-129.552 -164.479 288.614
-129.554 -164.470 288.614
-129.554 -164.457 288.614
-129.569 -164.433 288.614
-129.564 -164.418 288.614
-129.561 -164.411 288.614
-129.561 -164.407 288.614
-129.556 -164.405 288.614
-129.553 -164.401 288.614
-129.548 -164.389 288.614
-129.539 -164.390 288.614
-129.535 -164.364 288.614
-129.524 -164.337 288.614
-129.526 -164.327 288.614
-129.529 -164.324 288.614
-129.531 -164.309 288.614
-129.533 -164.305 288.614
-129.537 -164.292 288.614
-129.544 -164.279 288.614
-129.553 -164.277 288.614
-129.554 -164.261 288.614
-129.556 -164.258 288.614
-129.559 -164.255 288.614
-129.568 -164.251 288.614
-129.568 -164.247 288.614
-129.571 -164.246 288.614
-129.580 -164.241 288.614
-129.586 -164.227 288.614
-129.587 -164.218 288.614
-129.594 -164.213 288.614
-129.595 -164.205 288.614
-129.592 -164.190 288.614
-129.598 -164.180 288.614
-129.602 -164.166 288.614
-129.616 -164.149 288.614
-129.621 -164.132 288.614
-129.623 -164.125 288.614
-129.624 -164.120 288.614
-129.628 -164.105 288.614
-129.630 -164.101 288.613
-129.639 -164.081 288.613
-129.648 -164.049 288.613
-129.649 -164.041 288.613
-129.649 -164.036 288.613
-129.649 -164.029 288.613
-129.648 -164.010 288.613
-129.646 -164.002 288.613
-129.648 -163.993 288.613
-129.648 -163.990 288.613
-129.643 -163.979 288.613
-129.642 -163.967 288.613
-129.637 -163.949 288.613
-129.634 -163.937 288.613
-129.632 -163.929 288.613
-129.630 -163.916 288.613
-129.626 -163.915 288.613
-129.618 -163.908 288.613
-129.615 -163.900 288.613
-129.613 -163.894 288.613
-129.608 -163.882 288.613
-129.605 -163.881 288.613
-129.602 -163.878 288.613
-129.599 -163.878 288.613
-129.598 -163.872 288.613
-129.591 -163.858 288.613
-129.583 -163.854 288.613
-129.572 -163.839 288.613
-129.570 -163.826 288.613
-129.560 -163.823 288.613
-129.554 -163.819 288.613
-129.550 -163.803 288.613
-129.548 -163.785 288.613
-129.543 -163.764 288.613
-129.541 -163.757 288.613
-129.535 -163.747 288.613
-129.532 -163.746 288.613
-129.524 -163.735 288.613
-129.521 -163.731 288.613
-129.512 -163.718 288.613
-129.507 -163.696 288.613
-129.500 -163.696 288.613
-129.493 -163.687 288.613
-129.486 -163.686 288.613
-129.483 -163.683 288.613
-129.480 -163.683 288.613
-129.459 -163.675 288.613
-129.452 -163.671 288.613
-129.449 -163.666 288.613
-129.446 -163.664 288.613
-129.441 -163.660 288.613
-129.430 -163.660 288.613
-129.427 -163.655 288.613
-129.421 -163.655 288.613
-129.415 -163.652 288.613
-129.409 -163.647 288.613
-129.403 -163.642 288.613
-129.399 -163.638 288.613
-129.395 -163.632 288.613
-129.390 -163.624 288.613
-129.389 -163.620 288.613
-129.387 -163.613 288.613
-129.384 -163.610 288.613
-129.383 -163.599 288.613
-129.379 -163.577 288.613
-129.381 -163.569 288.613
-129.382 -163.558 288.613
-129.382 -163.547 288.613
-129.385 -163.544 288.613
-129.384 -163.530 288.613
-129.386 -163.527 288.613
-129.387 -163.514 288.612
-129.390 -163.509 288.612
-129.387 -163.482 288.612
-129.385 -163.469 288.612
-129.386 -163.442 288.612
-129.385 -163.422 288.612
-129.379 -163.393 288.612
-129.378 -163.379 288.612
-129.363 -163.351 288.612
-129.360 -163.348 288.612
-129.351 -163.336 288.612
-129.347 -163.333 288.612
-129.340 -163.330 288.612
-129.335 -163.325 288.612
-129.331 -163.324 288.612
-129.315 -163.310 288.612
-129.307 -163.306 288.612
-129.304 -163.301 288.612
-129.299 -163.293 288.612
-129.298 -163.290 288.612
-129.283 -163.288 288.612
-129.274 -163.283 288.612
-129.267 -163.276 288.612
-129.261 -163.274 288.612
-129.249 -163.269 288.612
-129.244 -163.265 288.612
-129.243 -163.261 288.612
-129.238 -163.261 288.612
-129.236 -163.258 288.612
-129.232 -163.257 288.612
-129.222 -163.247 288.612
-129.214 -163.246 288.612
-129.203 -163.240 288.612
-129.200 -163.225 288.612
-129.197 -163.219 288.612
-129.190 -163.220 288.612
-129.182 -163.218 288.612
-129.172 -163.213 288.612
-129.167 -163.207 288.612
-129.162 -163.208 288.612
-129.156 -163.203 288.612
-129.141 -163.196 288.612
-129.136 -163.190 288.612
-129.124 -163.180 288.612
-129.121 -163.180 288.612
-129.113 -163.175 288.612
-129.102 -163.162 288.612
-129.084 -163.155 288.612
-129.072 -163.149 288.612
-129.070 -163.146 288.612
-129.063 -163.142 288.612
-129.060 -163.137 288.612
-129.055 -163.130 288.612
-129.045 -163.132 288.612
-129.027 -163.122 288.612
-129.024 -163.118 288.612
-129.022 -163.114 288.612
-129.013 -163.102 288.612
-129.005 -163.100 288.612
-128.994 -163.100 288.612
-128.973 -163.092 288.612
-128.965 -163.088 288.612
-128.957 -163.078 288.612
-128.943 -163.079 288.612
-128.937 -163.079 288.612
-128.922 -163.074 288.612
-128.910 -163.069 288.612
-128.901 -163.069 288.612
-128.886 -163.067 288.612
-128.879 -163.062 288.612
-128.867 -163.063 288.612
-128.845 -163.051 288.612
-128.835 -163.051 288.612
-128.827 -163.051 288.612
-128.824 -163.051 288.612
-128.803 -163.046 288.612
-128.800 -163.046 288.612
-128.796 -163.043 288.612
-128.783 -163.041 288.612
-128.779 -163.037 288.612
-128.770 -163.034 288.612
-128.758 -163.034 288.612
-128.752 -163.028 288.612
-128.748 -163.025 288.612
-128.730 -163.027 288.612
-128.726 -163.024 288.612
-128.709 -163.021 288.612
-128.697 -163.018 288.612
-128.689 -163.011 288.612
-128.677 -163.012 288.612
-128.671 -163.008 288.612
-128.656 -163.004 288.612
-128.654 -163.001 288.612
-128.636 -163.001 288.612
-128.618 -162.995 288.612
-128.613 -162.996 288.612
-128.605 -162.990 288.612
-128.600 -162.983 288.612
-128.592 -162.974 288.612
-128.584 -162.971 288.612
-128.575 -162.969 288.612
-128.568 -162.959 288.612
-128.560 -162.960 288.612
-128.556 -162.959 288.612
-128.549 -162.956 288.612
-128.544 -162.957 288.612
-128.532 -162.955 288.612
-128.529 -162.948 288.611
-128.520 -162.928 288.611
-128.517 -162.925 288.611
-128.507 -162.918 288.611
-128.501 -162.917 288.611
-128.499 -162.904 288.611
-128.497 -162.894 288.611
-128.495 -162.885 288.611
-128.481 -162.859 288.611
-128.474 -162.851 288.611
-128.455 -162.850 288.611
-128.446 -162.843 288.611
-128.435 -162.841 288.611
-128.431 -162.835 288.611
-128.416 -162.838 288.611
-128.393 -162.834 288.611
-128.386 -162.834 288.611
-128.381 -162.833 288.611
-128.368 -162.829 288.611
-128.355 -162.831 288.611
-128.344 -162.830 288.611
-128.335 -162.824 288.611
-128.325 -162.827 288.611
-128.316 -162.824 288.611
-128.312 -162.821 288.611
-128.299 -162.823 288.611
-128.294 -162.824 288.611
-128.285 -162.822 288.611
-128.275 -162.817 288.611
-128.270 -162.816 288.611
-128.266 -162.817 288.611
-128.260 -162.817 288.611
-128.240 -162.813 288.611
-128.231 -162.810 288.611
-128.227 -162.806 288.611
-128.219 -162.808 288.611
-128.216 -162.802 288.611
-128.211 -162.803 288.611
-128.206 -162.804 288.611
-128.196 -162.798 288.611
-128.189 -162.798 288.611
-128.186 -162.796 288.611
-128.179 -162.789 288.611
-128.175 -162.786 288.611
-128.169 -162.777 288.611
-128.162 -162.777 288.611
-128.156 -162.779 288.611
-128.148 -162.776 288.611
-128.127 -162.772 288.611
-128.122 -162.768 288.611
-128.109 -162.769 288.611
-128.103 -162.765 288.611
-128.101 -162.762 288.611
-128.095 -162.762 288.611
-128.085 -162.764 288.611
-128.079 -162.762 288.611
-128.073 -162.758 288.611
-128.070 -162.758 288.611
-128.065 -162.753 288.611
-128.061 -162.754 288.611
-128.052 -162.750 288.611
-128.047 -162.752 288.611
-128.038 -162.743 288.611
-128.031 -162.745 288.611
-128.024 -162.745 288.611
-128.020 -162.738 288.611
-128.011 -162.735 288.611
-128.004 -162.738 288.611
-128.000 -162.737 288.611
-127.995 -162.737 288.611
-127.990 -162.732 288.611
-127.982 -162.733 288.611
-127.974 -162.724 288.611
-127.971 -162.721 288.611
-127.966 -162.723 288.611
-127.961 -162.719 288.611
-127.954 -162.716 288.611
-127.945 -162.714 288.611
-127.939 -162.709 288.611
-127.931 -162.710 288.611
-127.924 -162.707 288.611
-127.917 -162.704 288.611
-127.911 -162.702 288.611
-127.907 -162.703 288.611
-127.899 -162.695 288.611
-127.895 -162.691 288.611
-127.880 -162.677 288.611
-127.877 -162.672 288.611
-127.874 -162.669 288.611
-127.871 -162.669 288.611
-127.864 -162.664 288.611
-127.855 -162.658 288.611
-127.851 -162.656 288.611
-127.845 -162.657 288.611
-127.838 -162.657 288.611
-127.826 -162.656 288.611
-127.824 -162.653 288.611
-127.821 -162.652 288.611
-127.818 -162.652 288.611
-127.812 -162.654 288.611
-127.809 -162.650 288.611
-127.796 -162.654 288.611
-127.786 -162.656 288.611
-127.779 -162.656 288.611
-127.765 -162.660 288.611
-127.762 -162.659 288.611
-127.748 -162.661 288.611
-127.741 -162.662 288.611
-127.735 -162.663 288.611
-127.724 -162.665 288.611
-127.718 -162.665 288.611
-127.711 -162.665 288.611
-127.694 -162.672 288.611
-127.689 -162.669 288.611
-127.673 -162.676 288.611
-127.655 -162.680 288.611
-127.652 -162.679 288.611
-127.645 -162.681 288.611
-127.641 -162.680 288.611
-127.633 -162.684 288.611
-127.627 -162.679 288.611
-127.624 -162.679 288.611
-127.609 -162.688 288.611
-127.604 -162.688 288.611
-127.597 -162.687 288.611
-127.594 -162.689 288.611
-127.576 -162.689 288.611
-127.565 -162.683 288.611
-127.555 -162.689 288.611
-127.549 -162.693 288.611
-127.545 -162.691 288.611
-127.531 -162.693 288.611
-127.519 -162.700 288.611
-127.499 -162.714 288.611
-127.480 -162.727 288.611
-127.475 -162.728 288.611
-127.449 -162.750 288.611
-127.445 -162.752 288.611
-127.430 -162.763 288.611
-127.445 -162.739 288.611
-127.448 -162.730 288.611
-127.454 -162.719 288.611
-127.470 -162.698 288.611
-127.478 -162.682 288.611
-127.499 -162.657 288.611
-127.503 -162.648 288.611
-127.505 -162.643 288.611
-127.517 -162.631 288.611
-127.528 -162.631 288.611
