-123.107 -162.483 297.446
-123.106 -162.484 297.446
-123.119 -162.512 297.446
-123.121 -162.516 297.446
-123.123 -162.520 297.446
-123.126 -162.526 297.446
-123.131 -162.534 297.446
-123.139 -162.549 297.446
-123.142 -162.555 297.446
-123.145 -162.559 297.446
-123.148 -162.563 297.446
-123.158 -162.581 297.446
-123.160 -162.585 297.446
-123.166 -162.593 297.446
-123.169 -162.598 297.446
-123.175 -162.608 297.446
-123.180 -162.616 297.446
-123.183 -162.622 297.446
-123.187 -162.629 297.446
-123.191 -162.635 297.446
-123.199 -162.648 297.446
-123.203 -162.655 297.446
-123.206 -162.659 297.446
-123.210 -162.665 297.446
-123.214 -162.673 297.446
-123.220 -162.684 297.446
-123.223 -162.691 297.446
-123.236 -162.721 297.446
-123.247 -162.743 297.446
-123.261 -162.774 297.446
-123.264 -162.780 297.446
-123.268 -162.787 297.446
-123.276 -162.804 297.446
-123.280 -162.810 297.446
-123.283 -162.813 297.446
-123.286 -162.819 297.446
-123.293 -162.834 297.446
-123.295 -162.838 297.446
-123.301 -162.847 297.446
-123.312 -162.866 297.446
-123.319 -162.876 297.446
-123.324 -162.885 297.446
-123.328 -162.892 297.446
-123.336 -162.907 297.446
-123.339 -162.914 297.446
-123.342 -162.921 297.446
-123.344 -162.925 297.446
-123.348 -162.935 297.446
-123.357 -162.956 297.446
-123.360 -162.962 297.446
-123.368 -162.981 297.446
-123.370 -162.985 297.446
-123.375 -162.997 297.446
-123.380 -163.009 297.446
-123.384 -163.015 297.446
-123.387 -163.018 297.446
-123.396 -163.040 297.446
-123.403 -163.059 297.446
-123.408 -163.067 297.446
-123.415 -163.081 297.446
-123.425 -163.099 297.446
-123.429 -163.107 297.446
-123.432 -163.113 297.446
-123.443 -163.143 297.446
-123.449 -163.170 297.446
-123.455 -163.187 297.446
-123.456 -163.193 297.446
-123.461 -163.209 297.446
-123.461 -163.216 297.446
-123.466 -163.238 297.446
-123.475 -163.260 297.446
-123.482 -163.279 297.446
-123.489 -163.302 297.446
-123.493 -163.315 297.446
-123.495 -163.320 297.446
-123.498 -163.331 297.446
-123.511 -163.364 297.446
-123.518 -163.389 297.446
-123.526 -163.410 297.446
-123.532 -163.428 297.446
-123.535 -163.435 297.446
-123.544 -163.461 297.446
-123.547 -163.469 297.446
-123.549 -163.476 297.446
-123.558 -163.496 297.446
-123.569 -163.519 297.446
-123.586 -163.552 297.446
-123.592 -163.563 297.446
-123.604 -163.585 297.446
-123.611 -163.597 297.446
-123.618 -163.608 297.446
-123.621 -163.613 297.446
-123.631 -163.632 297.446
-123.644 -163.653 297.446
-123.649 -163.661 297.446
-123.654 -163.660 297.446
-123.657 -163.663 297.446
-123.671 -163.697 297.446
-123.676 -163.705 297.446
-123.683 -163.714 297.446
-123.690 -163.723 297.446
-123.696 -163.734 297.446
-123.704 -163.751 297.446
-123.711 -163.775 297.446
-123.716 -163.792 297.446
-123.726 -163.817 297.446
-123.738 -163.841 297.446
-123.743 -163.849 297.446
-123.749 -163.860 297.446
-123.756 -163.874 297.446
-123.769 -163.897 297.446
-123.779 -163.923 297.446
-123.789 -163.941 297.446
-123.795 -163.951 297.446
-123.800 -163.958 297.446
-123.810 -163.977 297.446
-123.813 -163.980 297.446
-123.820 -163.994 297.446
-123.824 -163.998 297.446
-123.827 -164.002 297.446
-123.838 -164.035 297.446
-123.854 -164.063 297.446
-123.868 -164.087 297.446
-123.874 -164.099 297.446
-123.891 -164.124 297.446
-123.911 -164.150 297.446
-123.917 -164.157 297.446
-123.934 -164.183 297.446
-123.937 -164.188 297.446
-123.940 -164.194 297.446
-123.946 -164.204 297.446
-123.949 -164.210 297.446
-123.954 -164.220 297.446
-123.960 -164.234 297.446
-123.964 -164.242 297.446
-123.966 -164.246 297.446
-123.972 -164.256 297.446
-123.979 -164.269 297.446
-123.981 -164.274 297.446
-123.984 -164.282 297.446
-123.994 -164.301 297.446
-123.996 -164.306 297.446
-124.000 -164.317 297.446
-124.007 -164.329 297.446
-124.021 -164.350 297.446
-124.027 -164.363 297.446
-124.031 -164.368 297.446
-124.038 -164.379 297.446
-124.051 -164.398 297.446
-124.059 -164.417 297.446
-124.074 -164.450 297.446
-124.087 -164.478 297.446
-124.094 -164.494 297.446
-124.097 -164.503 297.446
-124.106 -164.522 297.446
-124.118 -164.545 297.446
-124.132 -164.567 297.446
-124.135 -164.571 297.446
-124.142 -164.581 297.446
-124.147 -164.587 297.446
-124.154 -164.599 297.446
-124.158 -164.606 297.446
-124.167 -164.619 297.446
-124.176 -164.632 297.446
-124.186 -164.646 297.446
-124.192 -164.654 297.446
-124.197 -164.657 297.446
-124.200 -164.662 297.446
-124.211 -164.694 297.446
-124.227 -164.721 297.446
-124.228 -164.730 297.446
-124.232 -164.741 297.446
-124.239 -164.757 297.446
-124.253 -164.780 297.446
-124.258 -164.790 297.446
-124.259 -164.796 297.446
-124.268 -164.818 297.446
-124.269 -164.823 297.446
-124.284 -164.849 297.446
-124.287 -164.853 297.446
-124.296 -164.869 297.446
-124.299 -164.872 297.446
-124.302 -164.877 297.446
-124.304 -164.881 297.446
-124.311 -164.893 297.446
-124.325 -164.916 297.446
-124.337 -164.937 297.446
-124.345 -164.955 297.446
-124.359 -164.984 297.446
-124.361 -164.990 297.446
-124.370 -165.003 297.446
-124.375 -165.008 297.446
-124.379 -165.018 297.446
-124.389 -165.041 297.446
-124.392 -165.059 297.446
-124.394 -165.063 297.446
-124.397 -165.070 297.446
-124.405 -165.086 297.446
-124.407 -165.090 297.446
-124.408 -165.097 297.446
-124.421 -165.119 297.446
-124.429 -165.138 297.446
-124.433 -165.146 297.446
-124.441 -165.151 297.446
-124.449 -165.163 297.446
-124.453 -165.168 297.446
-124.464 -165.181 297.446
-124.478 -165.204 297.446
-124.482 -165.211 297.446
-124.487 -165.219 297.446
-124.506 -165.250 297.446
-124.509 -165.255 297.446
-124.519 -165.271 297.446
-124.521 -165.276 297.446
-124.523 -165.280 297.446
-124.534 -165.298 297.446
-124.538 -165.301 297.446
-124.541 -165.306 297.446
-124.553 -165.326 297.446
-124.568 -165.350 297.446
-124.577 -165.366 297.446
-124.590 -165.387 297.446
-124.607 -165.414 297.446
-124.610 -165.418 297.446
-124.619 -165.433 297.446
-124.629 -165.447 297.446
-124.633 -165.453 297.446
-124.649 -165.480 297.446
-124.653 -165.491 297.446
-124.661 -165.513 297.446
-124.676 -165.529 297.446
-124.684 -165.535 297.446
-124.696 -165.549 297.446
-124.707 -165.564 297.446
-124.725 -165.594 297.446
-124.729 -165.602 297.446
-124.731 -165.610 297.446
-124.744 -165.640 297.446
-124.749 -165.650 297.446
-124.758 -165.668 297.446
-124.766 -165.678 297.446
-124.774 -165.690 297.446
-124.793 -165.719 297.446
-124.796 -165.723 297.446
-124.802 -165.730 297.446
-124.805 -165.735 297.446
-124.814 -165.748 297.446
-124.821 -165.760 297.446
-124.829 -165.774 297.446
-124.834 -165.782 297.446
-124.837 -165.785 297.446
-124.852 -165.806 297.446
-124.860 -165.817 297.446
-124.865 -165.818 297.446
-124.877 -165.843 297.446
-124.884 -165.851 297.446
-124.900 -165.883 297.446
-124.902 -165.888 297.446
-124.905 -165.896 297.446
-124.909 -165.914 297.446
-124.911 -165.930 297.446
-124.921 -165.950 297.446
-124.918 -165.953 297.446
-124.920 -165.963 297.446
-124.926 -165.976 297.446
-124.932 -165.991 297.446
-124.942 -166.009 297.446
-124.945 -166.019 297.446
-124.951 -166.036 297.446
-124.962 -166.056 297.446
-124.963 -166.061 297.446
-124.966 -166.069 297.446
-124.975 -166.088 297.446
-124.978 -166.097 297.446
-124.993 -166.114 297.446
-125.006 -166.130 297.446
-125.018 -166.144 297.446
-125.030 -166.158 297.446
-125.037 -166.164 297.446
-125.056 -166.189 297.446
-125.066 -166.200 297.446
-125.087 -166.230 297.446
-125.103 -166.251 297.446
-125.109 -166.261 297.446
-125.116 -166.275 297.446
-125.121 -166.285 297.446
-125.124 -166.290 297.446
-125.127 -166.297 297.446
-125.130 -166.302 297.446
-125.137 -166.312 297.446
-125.147 -166.328 297.446
-125.156 -166.344 297.446
-125.160 -166.352 297.446
-125.171 -166.370 297.446
-125.193 -166.394 297.446
-125.213 -166.418 297.446
-125.227 -166.434 297.446
-125.238 -166.446 297.446
-125.242 -166.448 297.446
-125.254 -166.462 297.446
-125.258 -166.465 297.446
-125.274 -166.482 297.446
-125.287 -166.499 297.446
-125.301 -166.514 297.446
-125.309 -166.523 297.446
-125.323 -166.540 297.446
-125.333 -166.553 297.446
-125.351 -166.575 297.446
-125.372 -166.602 297.446
-125.392 -166.627 297.446
-125.403 -166.639 297.446
-125.411 -166.648 297.446
-125.416 -166.654 297.446
-125.435 -166.680 297.446
-125.443 -166.693 297.446
-125.452 -166.704 297.446
-125.455 -166.707 297.446
-125.469 -166.720 297.446
-125.493 -166.742 297.446
-125.505 -166.752 297.446
-125.513 -166.758 297.446
-125.533 -166.778 297.446
-125.543 -166.786 297.446
-125.549 -166.791 297.446
-125.570 -166.814 297.446
-125.592 -166.837 297.446
-125.596 -166.843 297.446
-125.600 -166.847 297.446
-125.610 -166.858 297.446
-125.613 -166.861 297.446
-125.616 -166.865 297.446
-125.625 -166.876 297.446
-125.634 -166.885 297.446
-125.643 -166.892 297.446
-125.649 -166.896 297.446
-125.659 -166.905 297.446
-125.663 -166.909 297.446
-125.688 -166.934 297.446
-125.712 -166.956 297.446
-125.715 -166.961 297.446
-125.722 -166.968 297.446
-125.739 -166.983 297.446
-125.745 -166.986 297.446
-125.752 -166.984 297.446
-125.755 -166.987 297.446
-125.762 -166.992 297.446
-125.768 -166.997 297.446
-125.776 -167.002 297.446
-125.800 -167.016 297.446
-125.825 -167.036 297.446
-125.827 -167.040 297.446
-125.831 -167.044 297.446
-125.834 -167.048 297.446
-125.840 -167.055 297.446
-125.847 -167.061 297.446
-125.853 -167.068 297.446
-125.869 -167.086 297.446
-125.873 -167.091 297.446
-125.881 -167.100 297.446
-125.885 -167.104 297.446
-125.900 -167.120 297.446
-125.905 -167.126 297.446
-125.918 -167.138 297.446
-125.925 -167.143 297.446
-125.930 -167.148 297.446
-125.934 -167.151 297.446
-125.943 -167.159 297.446
-125.953 -167.164 297.446
-125.961 -167.171 297.446
-125.973 -167.183 297.446
-125.980 -167.189 297.446
-125.985 -167.192 297.446
-125.992 -167.201 297.446
-126.008 -167.226 297.446
-126.020 -167.232 297.446
-126.029 -167.241 297.446
-126.037 -167.245 297.446
-126.052 -167.258 297.446
-126.067 -167.268 297.446
-126.087 -167.287 297.446
-126.111 -167.309 297.446
-126.115 -167.313 297.446
-126.126 -167.321 297.446
-126.144 -167.335 297.446
-126.156 -167.348 297.446
-126.174 -167.363 297.446
-126.184 -167.367 297.446
-126.189 -167.372 297.446
-126.200 -167.377 297.446
-126.218 -167.394 297.446
-126.221 -167.397 297.446
-126.226 -167.401 297.446
-126.237 -167.410 297.446
-126.242 -167.414 297.446
-126.246 -167.417 297.446
-126.269 -167.439 297.446
-126.274 -167.443 297.446
-126.279 -167.447 297.446
-126.285 -167.452 297.446
-126.310 -167.472 297.446
-126.314 -167.477 297.446
-126.317 -167.483 297.446
-126.329 -167.495 297.446
-126.355 -167.520 297.446
-126.363 -167.522 297.446
-126.367 -167.525 297.446
-126.372 -167.530 297.446
-126.379 -167.537 297.446
-126.389 -167.545 297.446
-126.396 -167.551 297.446
-126.409 -167.562 297.446
-126.435 -167.582 297.446
-126.443 -167.589 297.446
-126.463 -167.605 297.446
-126.469 -167.609 297.446
-126.473 -167.612 297.446
-126.479 -167.615 297.446
-126.491 -167.626 297.446
-126.506 -167.642 297.446
-126.515 -167.655 297.446
-126.522 -167.664 297.446
-126.529 -167.674 297.446
-126.537 -167.686 297.446
-126.541 -167.693 297.446
-126.544 -167.697 297.446
-126.548 -167.702 297.446
-126.552 -167.708 297.446
-126.558 -167.713 297.446
-126.566 -167.721 297.446
-126.571 -167.726 297.446
-126.590 -167.743 297.446
-126.606 -167.760 297.446
-126.617 -167.772 297.446
-126.627 -167.783 297.446
-126.632 -167.789 297.446
-126.649 -167.807 297.446
-126.657 -167.817 297.446
-126.670 -167.831 297.446
-126.676 -167.839 297.446
-126.685 -167.853 297.446
-126.694 -167.866 297.446
-126.704 -167.879 297.446
-126.722 -167.900 297.446
-126.732 -167.912 297.446
-126.739 -167.922 297.446
-126.743 -167.929 297.446
-126.766 -167.951 297.446
-126.772 -167.958 297.446
-126.796 -167.979 297.446
-126.821 -168.004 297.446
-126.825 -168.007 297.446
-126.833 -168.013 297.446
-126.848 -168.025 297.446
-126.852 -168.028 297.446
-126.857 -168.026 297.446
-126.866 -168.032 297.446
-126.883 -168.049 297.446
-126.888 -168.053 297.446
-126.912 -168.072 297.446
-126.924 -168.082 297.446
-126.944 -168.099 297.446
-126.967 -168.121 297.446
-126.978 -168.135 297.446
-126.989 -168.143 297.446
-127.013 -168.170 297.446
-127.030 -168.188 297.446
-127.033 -168.193 297.446
-127.041 -168.203 297.446
-127.054 -168.215 297.446
-127.061 -168.216 297.446
-127.076 -168.230 297.446
-127.096 -168.242 297.446
-127.109 -168.255 297.446
-127.129 -168.274 297.446
-127.133 -168.281 297.446
-127.137 -168.286 297.446
-127.140 -168.290 297.446
-127.146 -168.297 297.446
-127.166 -168.317 297.446
-127.171 -168.320 297.446
-127.177 -168.325 297.446
-127.207 -168.344 297.446
-127.213 -168.347 297.446
-127.224 -168.355 297.446
-127.256 -168.374 297.446
-127.271 -168.383 297.446
-127.300 -168.405 297.446
-127.306 -168.411 297.446
-127.316 -168.419 297.446
-127.334 -168.436 297.446
-127.344 -168.444 297.446
-127.355 -168.456 297.446
-127.364 -168.459 297.446
-127.380 -168.468 297.446
-127.394 -168.477 297.446
-127.408 -168.489 297.446
-127.415 -168.493 297.446
-127.428 -168.503 297.446
-127.442 -168.524 297.446
-127.454 -168.541 297.446
-127.464 -168.553 297.446
-127.477 -168.570 297.446
-127.488 -168.580 297.446
-127.490 -168.585 297.446
-127.497 -168.594 297.446
-127.517 -168.612 297.446
-127.522 -168.617 297.446
-127.526 -168.623 297.446
-127.529 -168.626 297.446
-127.548 -168.645 297.446
-127.551 -168.648 297.446
-127.564 -168.660 297.446
-127.571 -168.668 297.446
-127.578 -168.678 297.446
-127.581 -168.682 297.446
-127.585 -168.689 297.446
-127.593 -168.702 297.446
-127.616 -168.724 297.446
-127.616 -168.731 297.446
-127.635 -168.753 297.446
-127.644 -168.764 297.446
-127.655 -168.776 297.446
-127.658 -168.779 297.446
-127.664 -168.789 297.446
-127.669 -168.795 297.446
-127.678 -168.805 297.446
-127.690 -168.818 297.446
-127.699 -168.827 297.446
-127.710 -168.842 297.446
-127.717 -168.849 297.446
-127.719 -168.853 297.446
-127.727 -168.864 297.446
-127.731 -168.870 297.446
-127.737 -168.876 297.446
-127.755 -168.900 297.446
-127.758 -168.905 297.446
-127.764 -168.913 297.446
-127.777 -168.930 297.446
-127.781 -168.937 297.446
-127.793 -168.950 297.446
-127.800 -168.960 297.446
-127.799 -168.965 297.446
-127.807 -168.976 297.446
-127.814 -168.985 297.446
-127.823 -168.997 297.446
-127.825 -169.001 297.446
-127.849 -169.021 297.446
-127.853 -169.028 297.446
-127.863 -169.038 297.446
-127.881 -169.060 297.446
-127.887 -169.068 297.446
-127.891 -169.074 297.446
-127.908 -169.098 297.446
-127.914 -169.106 297.446
-127.919 -169.114 297.446
-127.925 -169.123 297.446
-127.944 -169.148 297.446
-127.946 -169.153 297.446
-127.951 -169.159 297.446
-127.955 -169.170 297.446
-127.963 -169.182 297.446
-127.968 -169.190 297.446
-127.976 -169.198 297.446
-127.981 -169.203 297.446
-127.992 -169.215 297.446
-128.001 -169.225 297.446
-128.023 -169.247 297.446
-128.037 -169.261 297.446
-128.053 -169.285 297.446
-128.057 -169.294 297.446
-128.060 -169.297 297.446
-128.081 -169.323 297.446
-128.090 -169.333 297.446
-128.093 -169.338 297.446
-128.096 -169.346 297.446
-128.117 -169.374 297.446
-128.121 -169.380 297.446
-128.130 -169.393 297.446
-128.139 -169.413 297.446
-128.146 -169.421 297.446
-128.151 -169.428 297.446
-128.148 -169.431 297.446
-128.154 -169.439 297.446
-128.157 -169.444 297.446
-128.160 -169.451 297.446
-128.167 -169.468 297.446
-128.180 -169.486 297.446
-128.191 -169.500 297.446
-128.198 -169.507 297.446
-128.203 -169.511 297.446
-128.214 -169.517 297.446
-128.228 -169.527 297.446
-128.232 -169.524 297.446
-128.243 -169.529 297.446
-128.252 -169.534 297.446
-128.261 -169.532 297.446
-128.264 -169.529 297.446
-128.291 -169.545 297.446
-128.302 -169.557 297.446
-128.309 -169.555 297.446
-128.317 -169.561 297.446
-128.333 -169.573 297.446
-128.347 -169.580 297.446
-128.357 -169.586 297.446
-128.362 -169.589 297.446
-128.374 -169.597 297.446
-128.380 -169.598 297.446
-128.396 -169.610 297.446
-128.406 -169.618 297.446
-128.428 -169.637 297.446
-128.432 -169.640 297.446
-128.441 -169.644 297.446
-128.452 -169.653 297.446
-128.463 -169.661 297.446
-128.477 -169.668 297.446
-128.484 -169.673 297.446
-128.495 -169.678 297.446
-128.508 -169.682 297.446
-128.516 -169.689 297.446
-128.524 -169.694 297.446
-128.533 -169.695 297.446
-128.540 -169.701 297.446
-128.562 -169.714 297.446
-128.570 -169.719 297.446
-128.576 -169.723 297.446
-128.583 -169.726 297.446
-128.587 -169.723 297.446
-128.594 -169.725 297.446
-128.607 -169.736 297.446
-128.614 -169.743 297.446
-128.631 -169.751 297.446
-128.644 -169.762 297.446
-128.650 -169.757 297.446
-128.669 -169.776 297.446
-128.692 -169.797 297.446
-128.711 -169.815 297.446
-128.718 -169.820 297.446
-128.723 -169.823 297.446
-128.730 -169.827 297.446
-128.734 -169.830 297.446
-128.754 -169.852 297.446
-128.761 -169.855 297.446
-128.771 -169.862 297.446
-128.783 -169.871 297.446
-128.802 -169.897 297.446
-128.813 -169.915 297.446
-128.818 -169.922 297.446
-128.823 -169.929 297.446
-128.828 -169.936 297.446
-128.838 -169.953 297.446
-128.852 -169.974 297.446
-128.862 -169.998 297.446
-128.866 -170.004 297.446
-128.876 -170.015 297.446
-128.876 -170.023 297.446
-128.882 -170.031 297.446
-128.883 -170.041 297.446
-128.887 -170.047 297.446
-128.892 -170.052 297.446
-128.901 -170.065 297.446
-128.898 -170.068 297.446
-128.901 -170.072 297.446
-128.902 -170.077 297.446
-128.908 -170.084 297.446
-128.914 -170.094 297.446
-128.917 -170.106 297.446
-128.925 -170.121 297.446
-128.929 -170.132 297.446
-128.949 -170.155 297.446
-128.958 -170.164 297.446
-128.972 -170.177 297.446
-128.988 -170.190 297.446
-129.011 -170.211 297.446
-129.018 -170.219 297.446
-129.022 -170.223 297.446
-129.045 -170.242 297.446
-129.051 -170.250 297.446
-129.053 -170.255 297.446
-129.057 -170.259 297.446
-129.072 -170.274 297.446
-129.093 -170.294 297.446
-129.101 -170.304 297.446
-129.112 -170.317 297.446
-129.118 -170.321 297.446
-129.122 -170.324 297.446
-129.129 -170.327 297.446
-129.152 -170.337 297.446
-129.159 -170.336 297.446
-129.183 -170.350 297.446
-129.208 -170.360 297.446
-129.218 -170.367 297.446
-129.225 -170.374 297.446
-129.234 -170.378 297.446
-129.252 -170.386 297.446
-129.280 -170.404 297.446
-129.293 -170.414 297.446
-129.320 -170.431 297.446
-129.333 -170.442 297.446
-129.349 -170.454 297.446
-129.371 -170.468 297.446
-129.390 -170.481 297.446
-129.405 -170.490 297.446
-129.421 -170.498 297.446
-129.439 -170.507 297.446
-129.462 -170.522 297.446
-129.471 -170.526 297.446
-129.477 -170.529 297.446
-129.483 -170.533 297.446
-129.494 -170.538 297.446
-129.524 -170.550 297.446
-129.546 -170.563 297.446
-129.548 -170.567 297.446
-129.564 -170.575 297.446
-129.569 -170.575 297.446
-129.584 -170.585 297.446
-129.590 -170.587 297.446
-129.594 -170.590 297.446
-129.619 -170.613 297.446
-129.627 -170.619 297.446
-129.630 -170.622 297.446
-129.637 -170.629 297.446
-129.644 -170.638 297.446
-129.649 -170.645 297.446
-129.652 -170.649 297.446
-129.658 -170.655 297.446
-129.662 -170.663 297.446
-129.667 -170.668 297.446
-129.670 -170.675 297.446
-129.673 -170.678 297.446
-129.677 -170.684 297.446
-129.681 -170.693 297.446
-129.687 -170.702 297.446
-129.690 -170.706 297.446
-129.693 -170.709 297.446
-129.698 -170.716 297.446
-129.704 -170.722 297.446
-129.712 -170.730 297.446
-129.717 -170.737 297.446
-129.722 -170.744 297.446
-129.726 -170.747 297.446
-129.727 -170.752 297.446
-129.734 -170.758 297.446
-129.736 -170.762 297.446
-129.744 -170.768 297.446
-129.750 -170.773 297.446
-129.755 -170.779 297.446
-129.760 -170.785 297.446
-129.763 -170.788 297.446
-129.770 -170.795 297.446
-129.774 -170.800 297.446
-129.782 -170.807 297.446
-129.787 -170.813 297.446
-129.793 -170.818 297.446
-129.795 -170.822 297.446
-129.799 -170.827 297.446
-129.804 -170.832 297.446
-129.808 -170.841 297.446
-129.817 -170.848 297.446
-129.814 -170.852 297.446
-129.819 -170.858 297.446
-129.823 -170.863 297.446
-129.828 -170.872 297.446
-129.833 -170.878 297.446
-129.837 -170.885 297.446
-129.840 -170.890 297.446
-129.846 -170.897 297.446
-129.848 -170.903 297.446
-129.854 -170.911 297.446
-129.859 -170.917 297.446
-129.867 -170.924 297.446
-129.874 -170.930 297.446
-129.881 -170.936 297.446
-129.901 -170.953 297.446
-129.917 -170.966 297.446
-129.921 -170.970 297.446
-129.930 -170.980 297.446
-129.935 -170.985 297.446
-129.937 -170.989 297.446
-129.942 -170.994 297.446
-129.965 -171.014 297.446
-129.974 -171.021 297.446
-129.994 -171.036 297.446
-130.006 -171.046 297.446
-130.023 -171.060 297.446
-130.029 -171.063 297.446
-130.043 -171.073 297.446
-130.060 -171.089 297.446
-130.071 -171.097 297.446
-130.087 -171.110 297.446
-130.092 -171.114 297.446
-130.101 -171.121 297.446
-130.105 -171.124 297.446
-130.131 -171.145 297.446
-130.134 -171.149 297.446
-130.149 -171.163 297.446
-130.161 -171.172 297.446
-130.169 -171.177 297.446
-130.195 -171.197 297.446
-130.201 -171.202 297.446
-130.220 -171.216 297.446
-130.236 -171.228 297.446
-130.260 -171.247 297.446
-130.264 -171.250 297.446
-130.275 -171.257 297.446
-130.281 -171.260 297.446
-130.295 -171.265 297.446
-130.301 -171.268 297.446
-130.314 -171.277 297.446
-130.322 -171.280 297.446
-130.343 -171.291 297.446
-130.354 -171.300 297.446
-130.365 -171.306 297.446
-130.370 -171.308 297.446
-130.379 -171.310 297.446
-130.389 -171.312 297.446
-131.758 -172.281 297.446
