-117.505 -149.991 281.529
-117.511 -149.992 281.529
-117.531 -150.008 281.529
-117.546 -150.021 281.529
-117.570 -150.044 281.529
-117.585 -150.060 281.529
-117.598 -150.080 281.529
-117.601 -150.088 281.529
-117.610 -150.105 281.529
-117.611 -150.107 281.529
-117.633 -150.141 281.529
-117.639 -150.147 281.529
-117.645 -150.167 281.529
-117.646 -150.171 281.529
-117.650 -150.179 281.529
-117.656 -150.197 281.529
-117.659 -150.209 281.529
-117.664 -150.220 281.529
-117.669 -150.234 281.529
-117.669 -150.242 281.529
-117.677 -150.260 281.529
-117.687 -150.285 281.529
-117.690 -150.294 281.529
-117.707 -150.332 281.529
-117.711 -150.335 281.529
-117.726 -150.359 281.529
-117.729 -150.361 281.529
-117.734 -150.371 281.529
-117.731 -150.374 281.529
-117.732 -150.376 281.529
-117.732 -150.381 281.529
-117.730 -150.387 281.529
-117.732 -150.392 281.529
-117.728 -150.400 281.529
-117.727 -150.409 281.529
-117.726 -150.411 281.529
-117.726 -150.419 281.529
-117.727 -150.422 281.529
-117.729 -150.426 281.529
-117.722 -150.430 281.529
-117.727 -150.441 281.529
-117.724 -150.448 281.529
-117.722 -150.451 281.529
-117.723 -150.460 281.529
-117.723 -150.472 281.529
-117.721 -150.477 281.529
-117.746 -150.515 281.529
-117.751 -150.521 281.529
-117.755 -150.527 281.529
-117.759 -150.529 281.529
-117.762 -150.531 281.529
-117.776 -150.547 281.529
-117.781 -150.552 281.529
-117.786 -150.562 281.529
-117.814 -150.595 281.529
-117.815 -150.597 281.529
-117.824 -150.605 281.529
-117.828 -150.610 281.529
-117.829 -150.612 281.529
-117.832 -150.615 281.529
-117.835 -150.619 281.529
-117.844 -150.624 281.529
-117.847 -150.628 281.529
-117.849 -150.631 281.529
-117.851 -150.633 281.529
-117.856 -150.635 281.529
-117.860 -150.642 281.529
-117.862 -150.645 281.529
-117.864 -150.646 281.529
-117.868 -150.649 281.529
-117.878 -150.658 281.529
-117.882 -150.656 281.529
-117.887 -150.662 281.529
-117.889 -150.661 281.529
-117.897 -150.668 281.529
-117.902 -150.672 281.529
-117.905 -150.673 281.529
-117.910 -150.680 281.529
-117.919 -150.693 281.529
-117.923 -150.699 281.529
-117.926 -150.700 281.529
-117.929 -150.704 281.529
-117.931 -150.706 281.529
-117.938 -150.715 281.529
-117.943 -150.722 281.529
-117.945 -150.723 281.529
-117.950 -150.728 281.529
-117.955 -150.732 281.529
-117.957 -150.735 281.529
-117.963 -150.744 281.529
-117.965 -150.743 281.529
-117.968 -150.747 281.529
-117.971 -150.750 281.529
-117.973 -150.750 281.529
-117.975 -150.751 281.529
-117.978 -150.754 281.529
-117.980 -150.755 281.529
-117.983 -150.757 281.529
-117.986 -150.760 281.529
-117.988 -150.760 281.529
-117.990 -150.761 281.529
-117.993 -150.765 281.529
-117.995 -150.765 281.529
-117.998 -150.766 281.529
-118.002 -150.769 281.529
-118.005 -150.772 281.529
-118.007 -150.772 281.529
-118.010 -150.774 281.529
-118.013 -150.776 281.529
-118.015 -150.779 281.529
-118.017 -150.779 281.529
-118.019 -150.780 281.529
-118.022 -150.782 281.529
-118.026 -150.785 281.529
-118.028 -150.788 281.529
-118.030 -150.788 281.529
-118.033 -150.790 281.529
-118.035 -150.791 281.529
-118.042 -150.798 281.529
-118.047 -150.798 281.529
-118.049 -150.797 281.529
-118.055 -150.801 281.529
-118.059 -150.804 281.529
-118.061 -150.804 281.529
-118.064 -150.806 281.529
-118.066 -150.807 281.529
-118.069 -150.810 281.529
-118.075 -150.812 281.529
-118.083 -150.816 281.529
-118.086 -150.819 281.529
-118.090 -150.821 281.529
-118.094 -150.824 281.529
-118.096 -150.826 281.529
-118.103 -150.834 281.529
-118.117 -150.852 281.529
-118.125 -150.868 281.529
-118.140 -150.902 281.529
-118.141 -150.910 281.529
-118.139 -150.913 281.529
-118.136 -150.923 281.529
-118.135 -150.926 281.529
-118.135 -150.928 281.529
-118.130 -150.935 281.529
-118.124 -150.944 281.529
-118.122 -150.947 281.529
-118.121 -150.961 281.529
-118.115 -150.965 281.529
-118.114 -150.968 281.529
-118.112 -150.974 281.529
-118.109 -150.988 281.529
-118.106 -150.998 281.529
-118.105 -151.004 281.529
-118.102 -151.005 281.529
-118.102 -151.008 281.529
-118.093 -151.020 281.529
-118.091 -151.032 281.529
-118.088 -151.033 281.529
-118.086 -151.035 281.529
-118.085 -151.039 281.529
-118.082 -151.049 281.529
-118.078 -151.051 281.529
-118.078 -151.056 281.529
-118.074 -151.065 281.529
-118.068 -151.068 281.529
-118.067 -151.072 281.529
-118.066 -151.075 281.529
-118.061 -151.078 281.529
-118.059 -151.090 281.529
-118.057 -151.093 281.529
-118.055 -151.094 281.529
-118.055 -151.097 281.529
-118.047 -151.108 281.529
-118.046 -151.112 281.529
-118.044 -151.114 281.529
-118.042 -151.120 281.529
-118.037 -151.127 281.529
-118.035 -151.129 281.529
-118.032 -151.134 281.529
-118.030 -151.138 281.529
-118.030 -151.142 281.529
-118.035 -151.162 281.529
-118.036 -151.170 281.529
-118.041 -151.197 281.529
-118.041 -151.199 281.529
-118.042 -151.207 281.529
-118.042 -151.218 281.529
-118.044 -151.229 281.529
-118.041 -151.240 281.529
-118.039 -151.242 281.529
-118.033 -151.247 281.529
-118.028 -151.249 281.529
-118.024 -151.256 281.529
-118.022 -151.260 281.529
-118.019 -151.263 281.529
-118.015 -151.266 281.529
-118.013 -151.271 281.529
-118.011 -151.276 281.529
-118.008 -151.280 281.529
-118.008 -151.284 281.529
-118.006 -151.289 281.529
-118.002 -151.296 281.529
-117.999 -151.299 281.529
-117.998 -151.301 281.529
-117.990 -151.313 281.529
-117.986 -151.318 281.529
-117.981 -151.326 281.529
-117.979 -151.327 281.529
-117.976 -151.333 281.529
-117.974 -151.337 281.529
-117.970 -151.346 281.529
-117.966 -151.387 281.529
-117.967 -151.391 281.529
-117.968 -151.395 281.529
-117.968 -151.398 281.529
-117.970 -151.401 281.529
-117.972 -151.404 281.529
-117.974 -151.408 281.529
-117.976 -151.412 281.529
-117.979 -151.415 281.529
-117.980 -151.418 281.529
-117.983 -151.421 281.529
-117.986 -151.427 281.529
-117.986 -151.429 281.529
-117.987 -151.433 281.529
-117.990 -151.435 281.529
-117.992 -151.437 281.529
-117.994 -151.439 281.529
-117.995 -151.445 281.529
-117.997 -151.446 281.529
-117.999 -151.451 281.529
-118.002 -151.452 281.529
-118.004 -151.458 281.529
-118.005 -151.462 281.529
-118.006 -151.464 281.529
-118.008 -151.465 281.529
-118.010 -151.470 281.529
-118.014 -151.473 281.529
-118.018 -151.485 281.529
-118.020 -151.490 281.529
-118.021 -151.492 281.529
-118.022 -151.496 281.529
-118.023 -151.500 281.529
-118.026 -151.519 281.529
-118.027 -151.524 281.529
-118.028 -151.530 281.529
-118.029 -151.536 281.529
-118.030 -151.542 281.529
-118.031 -151.547 281.529
-118.032 -151.554 281.529
-118.033 -151.558 281.529
-118.034 -151.562 281.529
-118.036 -151.568 281.529
-118.038 -151.570 281.529
-118.040 -151.571 281.529
-118.041 -151.574 281.529
-118.044 -151.574 281.529
-118.045 -151.576 281.529
-118.048 -151.578 281.529
-118.050 -151.579 281.529
-118.053 -151.582 281.529
-118.055 -151.583 281.529
-118.057 -151.584 281.529
-118.059 -151.586 281.529
-118.061 -151.590 281.529
-118.063 -151.590 281.529
-118.065 -151.591 281.529
-118.066 -151.593 281.529
-118.068 -151.593 281.529
-118.069 -151.595 281.529
-118.072 -151.596 281.529
-118.074 -151.598 281.529
-118.076 -151.598 281.529
-118.078 -151.598 281.529
-118.082 -151.599 281.529
-118.084 -151.600 281.529
-118.086 -151.600 281.529
-118.088 -151.600 281.529
-118.090 -151.600 281.529
-118.092 -151.601 281.529
-118.095 -151.601 281.529
-118.097 -151.601 281.529
-118.101 -151.601 281.529
-118.103 -151.601 281.529
-118.105 -151.601 281.529
-118.110 -151.600 281.529
-118.113 -151.601 281.529
-118.115 -151.601 281.529
-118.119 -151.603 281.529
-118.123 -151.602 281.529
-118.125 -151.606 281.529
-118.130 -151.604 281.529
-118.139 -151.607 281.529
-118.142 -151.613 281.529
-118.147 -151.612 281.529
-118.153 -151.609 281.529
-118.156 -151.611 281.529
-118.161 -151.614 281.529
-118.167 -151.618 281.529
-118.175 -151.618 281.529
-118.182 -151.619 281.529
-118.185 -151.620 281.529
-118.187 -151.620 281.529
-118.189 -151.623 281.529
-118.191 -151.624 281.529
-118.193 -151.624 281.529
-118.195 -151.624 281.529
-118.203 -151.627 281.529
-118.205 -151.629 281.529
-118.207 -151.632 281.529
-118.210 -151.633 281.529
-118.214 -151.633 281.529
-118.216 -151.637 281.529
-118.221 -151.638 281.529
-118.223 -151.638 281.529
-118.225 -151.647 281.529
-118.230 -151.647 281.529
-118.239 -151.652 281.529
-118.243 -151.655 281.529
-118.244 -151.658 281.529
-118.248 -151.661 281.529
-118.255 -151.671 281.529
-118.260 -151.678 281.529
-118.264 -151.686 281.529
-118.267 -151.687 281.529
-118.268 -151.691 281.529
-118.271 -151.698 281.529
-118.276 -151.703 281.529
-118.278 -151.708 281.529
-118.281 -151.717 281.529
-118.284 -151.730 281.529
-118.289 -151.745 281.529
-118.291 -151.753 281.529
-118.293 -151.759 281.529
-118.296 -151.773 281.529
-118.301 -151.799 281.529
-118.301 -151.805 281.529
-118.301 -151.839 281.529
-118.301 -151.848 281.529
-118.302 -151.885 281.529
-118.304 -151.895 281.529
-118.305 -151.898 281.529
-118.307 -151.913 281.529
-118.307 -151.918 281.529
-118.307 -151.940 281.529
-118.307 -151.943 281.529
-118.306 -151.946 281.529
-118.304 -151.952 281.529
-118.304 -151.964 281.529
-118.304 -151.972 281.529
-118.301 -151.976 281.529
-118.299 -151.977 281.529
-118.298 -151.982 281.529
-118.296 -151.991 281.529
-118.293 -151.992 281.529
-118.293 -151.998 281.529
-118.290 -152.004 281.529
-118.289 -152.008 281.529
-118.289 -152.012 281.529
-118.286 -152.015 281.529
-118.286 -152.017 281.529
-118.283 -152.023 281.529
-118.280 -152.029 281.529
-118.278 -152.031 281.529
-118.274 -152.034 281.529
-118.270 -152.038 281.529
-118.262 -152.045 281.529
-118.256 -152.049 281.529
-118.249 -152.049 281.529
-118.248 -152.052 281.529
-118.247 -152.055 281.529
-118.245 -152.056 281.529
-118.239 -152.061 281.529
-118.237 -152.061 281.529
-118.236 -152.064 281.529
-118.234 -152.065 281.529
-118.233 -152.067 281.529
-118.229 -152.070 281.529
-118.225 -152.073 281.529
-118.224 -152.075 281.529
-118.222 -152.076 281.529
-118.219 -152.080 281.529
-118.215 -152.084 281.529
-118.213 -152.085 281.529
-118.209 -152.089 281.529
-118.206 -152.091 281.529
-118.204 -152.093 281.529
-118.203 -152.095 281.529
-118.202 -152.098 281.529
-118.200 -152.099 281.529
-118.197 -152.104 281.529
-118.196 -152.106 281.529
-118.194 -152.108 281.529
-118.192 -152.111 281.529
-118.189 -152.113 281.529
-118.188 -152.117 281.529
-118.186 -152.118 281.529
-118.185 -152.120 281.529
-118.183 -152.122 281.529
-118.181 -152.122 281.529
-118.180 -152.126 281.529
-118.177 -152.132 281.529
-118.175 -152.133 281.529
-118.174 -152.136 281.529
-118.172 -152.137 281.529
-118.170 -152.142 281.529
-118.168 -152.145 281.529
-118.165 -152.150 281.529
-118.163 -152.150 281.529
-118.162 -152.152 281.529
-118.160 -152.152 281.529
-118.158 -152.158 281.529
-118.156 -152.160 281.529
-118.153 -152.163 281.529
-118.151 -152.163 281.529
-118.150 -152.170 281.529
-118.147 -152.171 281.529
-118.143 -152.180 281.529
-118.141 -152.181 281.529
-118.139 -152.182 281.529
-118.138 -152.185 281.529
-118.137 -152.188 281.529
-118.135 -152.192 281.529
-118.132 -152.194 281.529
-118.131 -152.202 281.529
-118.130 -152.204 281.529
-118.129 -152.207 281.529
-118.128 -152.209 281.529
-118.127 -152.212 281.529
-118.125 -152.218 281.529
-118.123 -152.222 281.529
-118.122 -152.224 281.529
-118.121 -152.226 281.529
-118.120 -152.230 281.529
-118.119 -152.232 281.529
-118.118 -152.234 281.529
-118.116 -152.237 281.529
-118.115 -152.241 281.529
-118.113 -152.248 281.529
-118.110 -152.251 281.529
-118.108 -152.254 281.529
-118.105 -152.258 281.529
-118.103 -152.260 281.529
-118.098 -152.262 281.529
-118.097 -152.265 281.529
-118.096 -152.267 281.529
-118.094 -152.268 281.529
-118.092 -152.270 281.529
-118.090 -152.273 281.529
-118.087 -152.275 281.529
-118.085 -152.277 281.529
-118.083 -152.277 281.529
-118.082 -152.280 281.529
-118.080 -152.282 281.529
-118.079 -152.286 281.529
-118.077 -152.288 281.529
-118.075 -152.291 281.529
-118.071 -152.296 281.529
-118.068 -152.297 281.529
-118.067 -152.299 281.529
-118.066 -152.301 281.529
-118.064 -152.302 281.529
-118.062 -152.304 281.529
-118.062 -152.307 281.529
-118.059 -152.309 281.529
-118.057 -152.310 281.529
-118.057 -152.312 281.529
-118.055 -152.314 281.529
-118.053 -152.317 281.529
-118.052 -152.320 281.529
-118.050 -152.321 281.529
-118.048 -152.322 281.529
-118.046 -152.326 281.529
-118.044 -152.328 281.529
-118.043 -152.330 281.529
-118.040 -152.332 281.529
-118.039 -152.334 281.529
-118.037 -152.335 281.529
-118.037 -152.338 281.529
-118.035 -152.339 281.529
-118.033 -152.341 281.529
-118.033 -152.343 281.529
-118.031 -152.346 281.529
-118.030 -152.348 281.529
-118.029 -152.350 281.529
-118.028 -152.352 281.529
-118.026 -152.355 281.529
-118.024 -152.359 281.529
-118.022 -152.361 281.529
-118.021 -152.364 281.529
-118.019 -152.365 281.529
-118.019 -152.370 281.529
-118.014 -152.371 281.529
-118.014 -152.376 281.529
-118.007 -152.381 281.529
-118.005 -152.384 281.529
-118.002 -152.384 281.529
-118.000 -152.384 281.529
-117.996 -152.386 281.529
-117.994 -152.393 281.529
-117.989 -152.398 281.529
-117.986 -152.401 281.529
-117.981 -152.406 281.529
-117.979 -152.406 281.529
-117.974 -152.412 281.529
-117.972 -152.416 281.529
-117.971 -152.421 281.529
-117.970 -152.424 281.529
-117.966 -152.430 281.529
-117.953 -152.469 281.529
-117.946 -152.508 281.529
-117.947 -152.510 281.529
-117.948 -152.512 281.529
-117.948 -152.514 281.529
-117.948 -152.516 281.529
-117.951 -152.520 281.529
-117.952 -152.522 281.529
-117.952 -152.526 281.529
-117.955 -152.527 281.529
-117.956 -152.530 281.529
-117.958 -152.532 281.529
-117.959 -152.535 281.529
-117.964 -152.542 281.529
-117.964 -152.545 281.529
-117.968 -152.549 281.529
-117.971 -152.551 281.529
-117.972 -152.555 281.529
-117.973 -152.557 281.529
-117.977 -152.562 281.529
-117.978 -152.565 281.529
-117.979 -152.569 281.529
-117.982 -152.574 281.529
-117.984 -152.575 281.529
-117.986 -152.577 281.529
-117.987 -152.579 281.529
-117.988 -152.581 281.529
-117.990 -152.588 281.529
-117.992 -152.595 281.529
-117.992 -152.600 281.529
-117.993 -152.602 281.529
-117.995 -152.607 281.529
-117.996 -152.609 281.529
-117.996 -152.612 281.529
-117.996 -152.615 281.529
-117.997 -152.617 281.529
-117.998 -152.621 281.529
-117.999 -152.627 281.529
-117.999 -152.629 281.529
-117.999 -152.632 281.529
-117.999 -152.642 281.529
-117.998 -152.645 281.529
-117.997 -152.648 281.529
-117.998 -152.687 281.529
-118.003 -152.721 281.529
-118.005 -152.728 281.529
-118.010 -152.728 281.529
-118.012 -152.736 281.529
-118.016 -152.740 281.529
-118.018 -152.745 281.529
-118.020 -152.745 281.529
-118.022 -152.748 281.529
-118.024 -152.750 281.529
-118.029 -152.753 281.529
-118.035 -152.762 281.529
-118.036 -152.767 281.529
-118.044 -152.771 281.529
-118.046 -152.775 281.529
-118.048 -152.783 281.529
-118.051 -152.786 281.529
-118.053 -152.787 281.529
-118.057 -152.793 281.529
-118.063 -152.804 281.529
-118.066 -152.814 281.529
-118.073 -152.822 281.529
-118.077 -152.828 281.529
-118.077 -152.832 281.529
-118.077 -152.839 281.529
-118.079 -152.845 281.529
-118.080 -152.860 281.529
-118.079 -152.874 281.529
-118.085 -152.878 281.529
-118.085 -152.880 281.529
-118.089 -152.887 281.529
-118.089 -152.891 281.529
-118.089 -152.895 281.529
-118.089 -152.898 281.529
-118.089 -152.907 281.529
-118.089 -152.913 281.529
-118.088 -152.925 281.529
-118.083 -152.954 281.529
-118.083 -152.956 281.529
-118.083 -152.961 281.529
-118.083 -152.969 281.529
-118.086 -152.972 281.529
-118.086 -152.976 281.529
-118.087 -152.980 281.529
-118.088 -152.984 281.529
-118.088 -152.986 281.529
-118.087 -152.997 281.529
-118.088 -153.000 281.529
-118.091 -153.008 281.529
-118.091 -153.012 281.529
-118.088 -153.022 281.529
-118.085 -153.033 281.529
-118.082 -153.042 281.529
-118.079 -153.050 281.529
-118.077 -153.054 281.529
-118.075 -153.060 281.529
-118.074 -153.062 281.529
-118.070 -153.072 281.529
-118.065 -153.082 281.529
-118.064 -153.084 281.529
-118.061 -153.087 281.529
-118.058 -153.090 281.529
-118.055 -153.091 281.529
-118.054 -153.094 281.529
-118.042 -153.107 281.529
-118.038 -153.109 281.529
-118.027 -153.137 281.529
-118.022 -153.141 281.529
-118.017 -153.152 281.529
-118.012 -153.162 281.529
-118.004 -153.174 281.529
-117.993 -153.209 281.529
-117.991 -153.229 281.529
-117.994 -153.230 281.529
-117.992 -153.241 281.529
-117.992 -153.245 281.529
-117.995 -153.255 281.529
-117.995 -153.257 281.529
-117.994 -153.261 281.529
-117.994 -153.266 281.529
-117.994 -153.269 281.529
-117.993 -153.276 281.529
-117.995 -153.277 281.529
-117.995 -153.279 281.529
-117.999 -153.290 281.529
-117.999 -153.293 281.529
-118.004 -153.303 281.529
-118.009 -153.311 281.529
-118.009 -153.315 281.529
-118.013 -153.323 281.529
-118.018 -153.325 281.529
-118.020 -153.329 281.529
-118.022 -153.332 281.529
-118.024 -153.336 281.529
-118.026 -153.339 281.529
-118.026 -153.343 281.529
-118.031 -153.344 281.529
-118.031 -153.347 281.529
-118.033 -153.350 281.529
-118.035 -153.352 281.529
-118.038 -153.359 281.529
-118.042 -153.362 281.529
-118.042 -153.364 281.529
-118.048 -153.368 281.529
-118.051 -153.372 281.529
-118.053 -153.375 281.529
-118.057 -153.378 281.529
-118.059 -153.380 281.529
-118.061 -153.384 281.529
-118.063 -153.389 281.529
-118.067 -153.391 281.529
-118.069 -153.395 281.529
-118.070 -153.398 281.529
-118.072 -153.401 281.529
-118.075 -153.404 281.529
-118.075 -153.409 281.529
-118.077 -153.410 281.529
-118.081 -153.415 281.529
-118.083 -153.417 281.529
-118.086 -153.423 281.529
-118.087 -153.425 281.529
-118.087 -153.427 281.529
-118.089 -153.429 281.529
-118.091 -153.433 281.529
-118.092 -153.435 281.529
-118.092 -153.437 281.529
-118.094 -153.440 281.529
-118.096 -153.444 281.529
-118.098 -153.451 281.529
-118.101 -153.457 281.529
-118.102 -153.475 281.529
-118.103 -153.477 281.529
-118.104 -153.480 281.529
-118.103 -153.491 281.529
-118.104 -153.498 281.529
-118.105 -153.503 281.529
-118.105 -153.507 281.529
-118.105 -153.510 281.529
-118.106 -153.513 281.529
-118.105 -153.524 281.529
-118.107 -153.535 281.529
-118.107 -153.543 281.529
-118.110 -153.549 281.529
-118.112 -153.554 281.529
-118.113 -153.562 281.529
-118.113 -153.566 281.529
-118.117 -153.570 281.529
-118.118 -153.573 281.529
-118.120 -153.576 281.529
-118.122 -153.582 281.529
-118.122 -153.592 281.529
-118.126 -153.594 281.529
-118.127 -153.597 281.529
-118.126 -153.609 281.529
-118.129 -153.610 281.529
-118.130 -153.616 281.529
-118.130 -153.618 281.529
-118.133 -153.619 281.529
-118.133 -153.627 281.529
-118.133 -153.629 281.529
-118.135 -153.632 281.529
-118.137 -153.637 281.529
-118.140 -153.647 281.529
-118.142 -153.652 281.529
-118.144 -153.660 281.529
-118.144 -153.667 281.529
-118.148 -153.669 281.529
-118.149 -153.675 281.529
-118.149 -153.679 281.529
-118.151 -153.681 281.529
-118.153 -153.697 281.529
-118.155 -153.699 281.529
-118.157 -153.704 281.529
-118.157 -153.707 281.529
-118.158 -153.714 281.529
-118.159 -153.716 281.529
-118.162 -153.725 281.529
-118.162 -153.729 281.529
-118.166 -153.731 281.529
-118.166 -153.736 281.529
-118.168 -153.737 281.529
-118.170 -153.742 281.529
-118.171 -153.745 281.529
-118.172 -153.752 281.529
-118.173 -153.754 281.529
-118.174 -153.759 281.529
-118.175 -153.764 281.529
-118.178 -153.773 281.529
-118.178 -153.776 281.529
-118.180 -153.779 281.529
-118.180 -153.782 281.529
-118.184 -153.792 281.529
-118.184 -153.796 281.529
-118.185 -153.798 281.529
-118.185 -153.801 281.529
-118.187 -153.805 281.529
-118.188 -153.809 281.529
-118.189 -153.811 281.529
-118.189 -153.814 281.529
-118.190 -153.822 281.529
-118.192 -153.826 281.529
-118.192 -153.828 281.529
-118.193 -153.832 281.529
-118.193 -153.834 281.529
-118.193 -153.844 281.529
-118.193 -153.846 281.529
-118.193 -153.848 281.529
-118.194 -153.850 281.529
-118.197 -153.851 281.529
-118.199 -153.857 281.529
-118.200 -153.864 281.529
-118.200 -153.867 281.529
-118.200 -153.869 281.529
-118.202 -153.873 281.529
-118.203 -153.875 281.529
-118.204 -153.878 281.529
-118.205 -153.882 281.529
-118.207 -153.883 281.529
-118.207 -153.886 281.529
-118.210 -153.887 281.529
-118.211 -153.890 281.529
-118.213 -153.895 281.529
-118.215 -153.897 281.529
-118.217 -153.898 281.529
-118.219 -153.901 281.529
-118.219 -153.903 281.529
-118.220 -153.906 281.529
-118.222 -153.908 281.529
-118.224 -153.910 281.529
-118.225 -153.912 281.529
-118.225 -153.914 281.529
-118.228 -153.916 281.529
-118.228 -153.918 281.529
-118.231 -153.921 281.529
-118.232 -153.924 281.529
-118.234 -153.926 281.529
-118.235 -153.929 281.529
-118.237 -153.931 281.529
-118.238 -153.933 281.529
-118.241 -153.938 281.529
-118.241 -153.940 281.529
-118.243 -153.942 281.529
-118.244 -153.944 281.529
-118.245 -153.946 281.529
-118.247 -153.948 281.529
-118.247 -153.950 281.529
-118.248 -153.953 281.529
-118.250 -153.954 281.529
-118.251 -153.957 281.529
-118.253 -153.959 281.529
-118.254 -153.962 281.529
-118.256 -153.965 281.529
-118.257 -153.967 281.529
-118.258 -153.969 281.529
-118.259 -153.971 281.529
-118.261 -153.973 281.529
-118.261 -153.975 281.529
-118.262 -153.977 281.529
-118.264 -153.978 281.529
-118.265 -153.980 281.529
-118.265 -153.982 281.529
-118.267 -153.983 281.529
-118.268 -153.985 281.529
-118.269 -153.987 281.529
-118.270 -153.989 281.529
-118.272 -153.992 281.529
-118.273 -153.994 281.529
-118.274 -153.996 281.529
-118.276 -153.999 281.529
-118.276 -154.001 281.529
-118.277 -154.003 281.529
-118.279 -154.003 281.529
-118.281 -154.007 281.529
-118.282 -154.011 281.529
-118.284 -154.013 281.529
-118.285 -154.015 281.529
-118.287 -154.018 281.529
-118.288 -154.020 281.529
-118.290 -154.024 281.529
-118.292 -154.026 281.529
-118.294 -154.028 281.529
-118.295 -154.030 281.529
-118.297 -154.031 281.529
-118.299 -154.034 281.529
-118.301 -154.038 281.529
-118.303 -154.039 281.529
-118.304 -154.041 281.529
-118.305 -154.043 281.529
-118.307 -154.043 281.529
-118.309 -154.047 281.529
-118.311 -154.048 281.529
-118.313 -154.051 281.529
-118.315 -154.053 281.529
-118.316 -154.055 281.529
-118.318 -154.057 281.529
-118.322 -154.062 281.529
-118.323 -154.065 281.529
-118.325 -154.067 281.529
-118.326 -154.069 281.529
-118.329 -154.070 281.529
-118.332 -154.074 281.529
-118.333 -154.076 281.529
-118.336 -154.079 281.529
-118.338 -154.083 281.529
-118.339 -154.085 281.529
-118.341 -154.090 281.529
-118.345 -154.092 281.529
-118.346 -154.095 281.529
-118.347 -154.097 281.529
-118.348 -154.099 281.529
-118.351 -154.103 281.529
-118.353 -154.104 281.529
-118.355 -154.108 281.529
-118.357 -154.113 281.529
-118.358 -154.115 281.529
-118.359 -154.117 281.529
-118.361 -154.120 281.529
-118.363 -154.123 281.529
-118.365 -154.128 281.529
-118.367 -154.132 281.529
-118.370 -154.137 281.529
-118.371 -154.147 281.529
-118.374 -154.149 281.529
-118.375 -154.153 281.529
-118.378 -154.161 281.529
-118.380 -154.167 281.529
-118.381 -154.174 281.529
-118.383 -154.178 281.529
-118.385 -154.184 281.529
-118.386 -154.198 281.529
-118.389 -154.199 281.529
-118.392 -154.201 281.529
-118.393 -154.207 281.529
-118.394 -154.211 281.529
-118.396 -154.211 281.529
-118.399 -154.214 281.529
-118.400 -154.219 281.529
-118.401 -154.221 281.529
-118.403 -154.222 281.529
-118.407 -154.225 281.529
-118.411 -154.235 281.529
-118.412 -154.238 281.529
-118.413 -154.241 281.529
-118.416 -154.246 281.529
-118.417 -154.251 281.529
-118.419 -154.251 281.529
-118.421 -154.254 281.529
-118.423 -154.272 281.529
-118.424 -154.293 281.529
-118.426 -154.324 281.529
-118.428 -154.348 281.529
-118.429 -154.361 281.529
-118.428 -154.370 281.529
-118.424 -154.394 281.529
-118.419 -154.412 281.529
-118.417 -154.416 281.529
-118.410 -154.428 281.529
-118.396 -154.457 281.529
-118.390 -154.459 281.529
-118.388 -154.461 281.529
-118.386 -154.462 281.529
-118.383 -154.467 281.529
-118.376 -154.471 281.529
-118.374 -154.474 281.529
-118.369 -154.479 281.529
-118.365 -154.481 281.529
-118.361 -154.487 281.529
-118.359 -154.488 281.529
-118.353 -154.492 281.529
-118.336 -154.533 281.529
-118.333 -154.536 281.529
-118.328 -154.552 281.529
-118.321 -154.585 281.529
-118.323 -154.591 281.529
-118.317 -154.611 281.529
-118.310 -154.613 281.529
