-114.094 -154.580 297.329
-114.093 -154.577 297.329
-114.092 -154.575 297.329
-114.090 -154.572 297.329
-114.089 -154.570 297.329
-114.087 -154.568 297.329
-114.085 -154.568 297.329
-114.084 -154.566 297.329
-114.082 -154.566 297.329
-114.081 -154.564 297.329
-114.080 -154.562 297.329
-114.078 -154.561 297.329
-114.077 -154.558 297.329
-114.075 -154.556 297.329
-114.073 -154.554 297.329
-114.070 -154.553 297.329
-114.068 -154.552 297.329
-114.067 -154.548 297.329
-114.065 -154.548 297.329
-114.063 -154.544 297.329
-114.062 -154.542 297.329
-114.058 -154.538 297.329
-114.056 -154.537 297.329
-114.054 -154.537 297.329
-114.052 -154.535 297.329
-114.051 -154.533 297.329
-114.049 -154.531 297.329
-114.047 -154.529 297.329
-114.044 -154.529 297.329
-114.043 -154.523 297.329
-114.041 -154.523 297.329
-114.040 -154.520 297.329
-114.038 -154.520 297.329
-114.037 -154.513 297.329
-114.032 -154.505 297.329
-114.031 -154.503 297.329
-114.028 -154.503 297.329
-114.025 -154.498 297.329
-114.021 -154.495 297.329
-114.019 -154.494 297.329
-114.018 -154.490 297.329
-114.014 -154.481 297.329
-114.009 -154.482 297.329
-114.008 -154.480 297.329
-114.005 -154.471 297.329
-114.002 -154.468 297.329
-114.001 -154.465 297.329
-113.999 -154.459 297.329
-113.996 -154.452 297.329
-113.993 -154.444 297.329
-113.981 -154.400 297.329
-113.980 -154.393 297.329
-113.979 -154.388 297.329
-113.979 -154.385 297.329
-113.979 -154.383 297.329
-113.977 -154.376 297.329
-113.975 -154.372 297.329
-113.973 -154.368 297.329
-113.972 -154.366 297.329
-113.971 -154.364 297.329
-113.970 -154.361 297.329
-113.969 -154.359 297.329
-113.968 -154.356 297.329
-113.966 -154.352 297.329
-113.964 -154.344 297.329
-113.963 -154.342 297.329
-113.961 -154.338 297.329
-113.959 -154.333 297.329
-113.957 -154.327 297.329
-113.955 -154.324 297.329
-113.954 -154.320 297.329
-113.953 -154.317 297.329
-113.950 -154.312 297.329
-113.948 -154.311 297.329
-113.947 -154.308 297.329
-113.946 -154.304 297.329
-113.944 -154.299 297.329
-113.941 -154.293 297.329
-113.939 -154.292 297.329
-113.937 -154.288 297.329
-113.935 -154.285 297.329
-113.933 -154.281 297.329
-113.930 -154.271 297.329
-113.928 -154.269 297.329
-113.926 -154.263 297.329
-113.925 -154.261 297.329
-113.923 -154.257 297.329
-113.921 -154.254 297.329
-113.919 -154.252 297.329
-113.918 -154.250 297.329
-113.916 -154.246 297.329
-113.911 -154.237 297.329
-113.909 -154.236 297.329
-113.907 -154.234 297.329
-113.906 -154.231 297.329
-113.902 -154.230 297.329
-113.901 -154.226 297.329
-113.899 -154.220 297.329
-113.894 -154.214 297.329
-113.892 -154.210 297.329
-113.889 -154.208 297.329
-113.888 -154.204 297.329
-113.887 -154.202 297.329
-113.885 -154.199 297.329
-113.882 -154.198 297.329
-113.880 -154.195 297.329
-113.874 -154.184 297.329
-113.871 -154.183 297.329
-113.868 -154.176 297.329
-113.866 -154.171 297.329
-113.863 -154.165 297.329
-113.862 -154.161 297.329
-113.860 -154.160 297.329
-113.859 -154.156 297.329
-113.857 -154.153 297.329
-113.856 -154.150 297.329
-113.854 -154.146 297.329
-113.851 -154.144 297.329
-113.849 -154.144 297.329
-113.847 -154.137 297.329
-113.844 -154.133 297.329
-113.842 -154.131 297.329
-113.840 -154.128 297.329
-113.839 -154.126 297.329
-113.837 -154.126 297.329
-113.835 -154.122 297.329
-113.833 -154.120 297.329
-113.831 -154.118 297.329
-113.827 -154.112 297.329
-113.825 -154.112 297.329
-113.824 -154.109 297.329
-113.822 -154.109 297.329
-113.820 -154.106 297.329
-113.818 -154.104 297.329
-113.816 -154.103 297.329
-113.815 -154.100 297.329
-113.814 -154.096 297.329
-113.812 -154.095 297.329
-113.809 -154.092 297.329
-113.806 -154.088 297.329
-113.805 -154.086 297.329
-113.803 -154.084 297.329
-113.801 -154.082 297.329
-113.798 -154.080 297.329
-113.797 -154.077 297.329
-113.795 -154.075 297.329
-113.793 -154.075 297.329
-113.791 -154.074 297.329
-113.789 -154.072 297.329
-113.787 -154.068 297.329
-113.785 -154.066 297.329
-113.783 -154.064 297.329
-113.781 -154.061 297.329
-113.779 -154.057 297.329
-113.777 -154.056 297.329
-113.776 -154.052 297.329
-113.775 -154.050 297.329
-113.773 -154.047 297.329
-113.771 -154.045 297.329
-113.770 -154.042 297.329
-113.768 -154.040 297.329
-113.766 -154.037 297.329
-113.764 -154.034 297.329
-113.763 -154.032 297.329
-113.762 -154.030 297.329
-113.761 -154.028 297.329
-113.759 -154.026 297.329
-113.758 -154.024 297.329
-113.757 -154.021 297.329
-113.755 -154.018 297.329
-113.753 -154.015 297.329
-113.751 -154.012 297.329
-113.749 -154.009 297.329
-113.747 -154.008 297.329
-113.746 -154.004 297.329
-113.745 -154.002 297.329
-113.743 -154.000 297.329
-113.741 -153.998 297.329
-113.740 -153.995 297.329
-113.738 -153.991 297.329
-113.735 -153.987 297.329
-113.734 -153.985 297.329
-113.732 -153.982 297.329
-113.730 -153.979 297.329
-113.729 -153.977 297.329
-113.728 -153.975 297.329
-113.726 -153.972 297.329
-113.724 -153.970 297.329
-113.723 -153.968 297.329
-113.722 -153.966 297.329
-113.721 -153.964 297.329
-113.719 -153.962 297.329
-113.718 -153.959 297.329
-113.716 -153.957 297.329
-113.714 -153.957 297.329
-113.713 -153.954 297.329
-113.711 -153.953 297.329
-113.709 -153.951 297.329
-113.708 -153.948 297.329
-113.706 -153.947 297.329
-113.704 -153.945 297.329
-113.702 -153.943 297.329
-113.700 -153.941 297.329
-113.698 -153.939 297.329
-113.696 -153.936 297.329
-113.694 -153.934 297.329
-113.692 -153.933 297.329
-113.691 -153.931 297.329
-113.689 -153.929 297.329
-113.686 -153.926 297.329
-113.684 -153.924 297.329
-113.682 -153.920 297.329
-113.680 -153.920 297.329
-113.678 -153.916 297.329
-113.676 -153.916 297.329
-113.674 -153.911 297.329
-113.673 -153.908 297.329
-113.671 -153.905 297.329
-113.669 -153.903 297.329
-113.666 -153.897 297.329
-113.664 -153.896 297.329
-113.662 -153.893 297.329
-113.660 -153.889 297.329
-113.657 -153.886 297.329
-113.656 -153.882 297.329
-113.654 -153.882 297.329
-113.651 -153.875 297.329
-113.650 -153.873 297.329
-113.647 -153.872 297.329
-113.646 -153.867 297.329
-113.643 -153.861 297.329
-113.642 -153.859 297.329
-113.640 -153.858 297.329
-113.638 -153.855 297.329
-113.636 -153.852 297.329
-113.633 -153.848 297.329
-113.630 -153.848 297.329
-113.627 -153.841 297.329
-113.625 -153.841 297.329
-113.622 -153.837 297.329
-113.621 -153.835 297.329
-113.619 -153.834 297.329
-113.617 -153.830 297.329
-113.613 -153.826 297.329
-113.608 -153.822 297.329
-113.607 -153.820 297.329
-113.603 -153.815 297.329
-113.602 -153.812 297.329
-113.600 -153.812 297.329
-113.598 -153.807 297.329
-113.591 -153.797 297.329
-113.589 -153.794 297.329
-113.585 -153.786 297.329
-113.582 -153.783 297.329
-113.578 -153.775 297.329
-113.574 -153.769 297.329
-113.569 -153.761 297.329
-113.565 -153.755 297.329
-113.564 -153.753 297.329
-113.562 -153.751 297.329
-113.555 -153.747 297.329
-113.547 -153.738 297.329
-113.545 -153.737 297.329
-113.542 -153.735 297.329
-113.534 -153.726 297.329
-113.531 -153.723 297.329
-113.529 -153.722 297.329
-113.507 -153.688 297.329
-113.501 -153.679 297.329
-113.496 -153.671 297.329
-113.487 -153.658 297.329
-113.483 -153.655 297.329
-113.480 -153.651 297.329
-113.471 -153.638 297.329
-113.460 -153.620 297.329
-113.451 -153.605 297.329
-113.446 -153.598 297.329
-113.444 -153.596 297.329
-113.438 -153.588 297.329
-113.434 -153.582 297.329
-113.432 -153.580 297.329
-113.429 -153.575 297.329
-113.407 -153.535 297.329
-113.400 -153.523 297.329
-113.397 -153.519 297.329
-113.394 -153.514 297.329
-113.392 -153.510 297.329
-113.373 -153.469 297.329
-113.373 -153.463 297.329
-113.373 -153.460 297.329
-113.372 -153.455 297.329
-113.371 -153.453 297.329
-113.370 -153.450 297.329
-113.372 -153.448 297.329
-113.370 -153.439 297.329
-113.371 -153.436 297.329
-113.369 -153.430 297.329
-113.369 -153.427 297.329
-113.369 -153.425 297.329
-113.368 -153.423 297.329
-113.366 -153.417 297.329
-113.364 -153.413 297.329
-113.360 -153.403 297.329
-113.350 -153.388 297.329
-113.336 -153.366 297.329
-113.320 -153.339 297.329
-113.319 -153.336 297.329
-113.317 -153.332 297.329
-113.314 -153.325 297.329
-113.313 -153.322 297.329
-113.312 -153.318 297.329
-113.310 -153.312 297.329
-113.310 -153.310 297.329
-113.310 -153.308 297.329
-113.305 -153.298 297.329
-113.307 -153.295 297.329
-113.307 -153.291 297.329
-113.303 -153.280 297.329
-113.302 -153.277 297.329
-113.301 -153.271 297.329
-113.300 -153.268 297.329
-113.300 -153.266 297.329
-113.300 -153.264 297.329
-113.300 -153.261 297.329
-113.299 -153.258 297.329
-113.298 -153.255 297.329
-113.298 -153.253 297.329
-113.296 -153.249 297.329
-113.293 -153.241 297.329
-113.287 -153.226 297.329
-113.283 -153.218 297.329
-113.283 -153.216 297.329
-113.284 -153.214 297.329
-113.283 -153.212 297.329
-113.282 -153.208 297.329
-113.262 -153.170 297.329
-113.261 -153.165 297.329
-113.262 -153.163 297.329
-113.262 -153.161 297.329
-113.261 -153.158 297.329
-113.260 -153.156 297.329
-113.262 -153.152 297.329
-113.261 -153.148 297.329
-113.261 -153.146 297.329
-113.261 -153.144 297.329
-113.261 -153.142 297.329
-113.261 -153.140 297.329
-113.261 -153.136 297.329
-113.261 -153.134 297.329
-113.261 -153.130 297.329
-113.261 -153.128 297.329
-113.261 -153.126 297.329
-113.261 -153.124 297.329
-113.261 -153.121 297.329
-113.261 -153.119 297.329
-113.261 -153.117 297.329
-113.261 -153.115 297.329
-113.261 -153.113 297.329
-113.261 -153.111 297.329
-113.262 -153.108 297.329
-113.262 -153.106 297.329
-113.262 -153.101 297.329
-113.262 -153.097 297.329
-113.262 -153.092 297.329
-113.260 -153.086 297.329
-113.260 -153.082 297.329
-113.260 -153.080 297.329
-113.260 -153.078 297.329
-113.260 -153.074 297.329
-113.258 -153.069 297.329
-113.259 -153.067 297.329
-113.258 -153.063 297.329
-113.258 -153.061 297.329
-113.257 -153.057 297.329
-113.255 -153.051 297.329
-113.253 -153.044 297.329
-113.253 -153.040 297.329
-113.253 -153.037 297.329
-113.252 -153.033 297.329
-113.249 -153.025 297.329
-113.251 -153.024 297.329
-113.250 -153.019 297.329
-113.248 -153.014 297.329
-113.249 -153.012 297.329
-113.247 -153.007 297.329
-113.247 -153.005 297.329
-113.248 -153.003 297.329
-113.248 -153.001 297.329
-113.248 -152.996 297.329
-113.247 -152.993 297.329
-113.248 -152.991 297.329
-113.246 -152.985 297.329
-113.245 -152.982 297.329
-113.244 -152.978 297.329
-113.243 -152.974 297.329
-113.242 -152.970 297.329
-113.241 -152.967 297.329
-113.240 -152.964 297.329
-113.240 -152.962 297.329
-113.239 -152.958 297.329
-113.238 -152.955 297.329
-113.237 -152.951 297.329
-113.236 -152.948 297.329
-113.236 -152.946 297.329
-113.236 -152.944 297.329
-113.236 -152.942 297.329
-113.235 -152.938 297.329
-113.235 -152.936 297.329
-113.234 -152.933 297.329
-113.234 -152.931 297.329
-113.234 -152.928 297.329
-113.234 -152.926 297.329
-113.233 -152.923 297.329
-113.232 -152.916 297.329
-113.232 -152.914 297.329
-113.231 -152.910 297.329
-113.231 -152.908 297.329
-113.230 -152.904 297.329
-113.230 -152.902 297.329
-113.230 -152.900 297.329
-113.229 -152.897 297.329
-113.229 -152.895 297.329
-113.229 -152.893 297.329
-113.228 -152.889 297.329
-113.228 -152.887 297.329
-113.228 -152.885 297.329
-113.227 -152.882 297.329
-113.226 -152.879 297.329
-113.226 -152.876 297.329
-113.225 -152.873 297.329
-113.224 -152.869 297.329
-113.223 -152.865 297.329
-113.222 -152.861 297.329
-113.222 -152.859 297.329
-113.221 -152.855 297.329
-113.220 -152.851 297.329
-113.219 -152.846 297.329
-113.219 -152.843 297.329
-113.220 -152.841 297.329
-113.219 -152.837 297.329
-113.221 -152.836 297.329
-113.219 -152.826 297.329
-113.214 -152.812 297.329
-113.213 -152.808 297.329
-113.212 -152.805 297.329
-113.210 -152.799 297.329
-113.209 -152.793 297.329
-113.207 -152.786 297.329
-113.209 -152.785 297.329
-113.206 -152.776 297.329
-113.206 -152.774 297.329
-113.207 -152.771 297.329
-113.207 -152.769 297.329
-113.206 -152.764 297.329
-113.205 -152.758 297.329
-113.204 -152.755 297.329
-113.205 -152.752 297.329
-113.202 -152.745 297.329
-113.188 -152.706 297.329
-113.184 -152.694 297.329
-113.182 -152.687 297.329
-113.183 -152.684 297.329
-113.182 -152.681 297.329
-113.182 -152.678 297.329
-113.182 -152.674 297.329
-113.181 -152.670 297.329
-113.182 -152.668 297.329
-113.181 -152.665 297.329
-113.181 -152.663 297.329
-113.181 -152.660 297.329
-113.181 -152.656 297.329
-113.180 -152.652 297.329
-113.180 -152.650 297.329
-113.176 -152.640 297.329
-113.174 -152.635 297.329
-113.173 -152.633 297.329
-113.170 -152.627 297.329
-113.168 -152.623 297.329
-113.166 -152.620 297.329
-113.165 -152.618 297.329
-113.164 -152.616 297.329
-113.163 -152.614 297.329
-113.162 -152.611 297.329
-113.149 -152.569 297.329
-113.149 -152.567 297.329
-113.149 -152.564 297.329
-113.148 -152.561 297.329
-113.148 -152.559 297.329
-113.148 -152.556 297.329
-113.148 -152.553 297.329
-113.148 -152.551 297.329
-113.148 -152.548 297.329
-113.147 -152.545 297.329
-113.147 -152.543 297.329
-113.147 -152.541 297.329
-113.146 -152.538 297.329
-113.145 -152.535 297.329
-113.147 -152.534 297.329
-113.146 -152.530 297.329
-113.146 -152.525 297.329
-113.144 -152.517 297.329
-113.142 -152.510 297.329
-113.141 -152.507 297.329
-113.135 -152.487 297.329
-113.135 -152.483 297.329
-113.134 -152.480 297.329
-113.133 -152.477 297.329
-113.134 -152.475 297.329
-113.134 -152.473 297.329
-113.134 -152.469 297.329
-113.134 -152.467 297.329
-113.135 -152.462 297.329
-113.134 -152.456 297.329
-113.136 -152.453 297.329
-113.136 -152.449 297.329
-113.136 -152.447 297.329
-113.137 -152.443 297.329
-113.137 -152.437 297.329
-113.137 -152.433 297.329
-113.138 -152.431 297.329
-113.137 -152.425 297.329
-113.126 -152.390 297.329
-113.124 -152.382 297.329
-113.124 -152.379 297.329
-113.121 -152.366 297.329
-113.120 -152.360 297.329
-113.120 -152.355 297.329
-113.119 -152.350 297.329
-113.118 -152.341 297.329
-113.116 -152.322 297.329
-113.116 -152.319 297.329
-113.113 -152.308 297.329
-113.116 -152.307 297.329
-113.115 -152.301 297.329
-113.115 -152.299 297.329
-113.114 -152.291 297.329
-113.113 -152.285 297.329
-113.113 -152.282 297.329
-113.115 -152.278 297.329
-113.115 -152.271 297.329
-113.115 -152.266 297.329
-113.111 -152.251 297.329
-113.111 -152.249 297.329
-113.110 -152.245 297.329
-113.110 -152.241 297.329
-113.109 -152.231 297.329
-113.109 -152.224 297.329
-113.109 -152.218 297.329
-113.108 -152.213 297.329
-113.108 -152.211 297.329
-113.108 -152.206 297.329
-113.107 -152.199 297.329
-113.107 -152.197 297.329
-113.107 -152.190 297.329
-113.104 -152.178 297.329
-113.104 -152.176 297.329
-113.104 -152.172 297.329
-113.105 -152.168 297.329
-113.102 -152.154 297.329
-113.103 -152.152 297.329
-113.102 -152.148 297.329
-113.102 -152.144 297.329
-113.100 -152.137 297.329
-113.100 -152.135 297.329
-113.100 -152.129 297.329
-113.098 -152.120 297.329
-113.098 -152.116 297.329
-113.098 -152.111 297.329
-113.097 -152.105 297.329
-113.098 -152.103 297.329
-113.096 -152.094 297.329
-113.096 -152.088 297.329
-113.095 -152.083 297.329
-113.095 -152.077 297.329
-113.095 -152.075 297.329
-113.095 -152.069 297.329
-113.094 -152.063 297.329
-113.094 -152.059 297.329
-113.092 -152.052 297.329
-113.093 -152.050 297.329
-113.093 -152.048 297.329
-113.092 -152.042 297.329
-113.093 -152.040 297.329
-113.092 -152.033 297.329
-113.092 -152.028 297.329
-113.091 -152.020 297.329
-113.091 -152.018 297.329
-113.091 -152.014 297.329
-113.091 -152.003 297.329
-113.088 -151.992 297.329
-113.088 -151.986 297.329
-113.086 -151.977 297.329
-113.086 -151.975 297.329
-113.085 -151.965 297.329
-113.085 -151.962 297.329
-113.083 -151.952 297.329
-113.082 -151.948 297.329
-113.081 -151.944 297.329
-113.083 -151.943 297.329
-113.081 -151.935 297.329
-113.081 -151.931 297.329
-113.081 -151.924 297.329
-113.081 -151.921 297.329
-113.080 -151.917 297.329
-113.079 -151.908 297.329
-113.077 -151.895 297.329
-113.077 -151.893 297.329
-113.076 -151.885 297.329
-113.075 -151.881 297.329
-113.072 -151.871 297.329
-113.066 -151.853 297.329
-113.060 -151.824 297.329
-113.059 -151.819 297.329
-113.059 -151.814 297.329
-113.059 -151.811 297.329
-113.058 -151.807 297.329
-113.057 -151.802 297.329
-113.057 -151.797 297.329
-113.056 -151.793 297.329
-113.056 -151.787 297.329
-113.056 -151.785 297.329
-113.056 -151.781 297.329
-113.056 -151.779 297.329
-113.049 -151.751 297.329
-113.047 -151.738 297.329
-113.044 -151.726 297.329
-113.045 -151.723 297.329
-113.044 -151.719 297.329
-113.045 -151.717 297.329
-113.045 -151.713 297.329
-113.047 -151.711 297.329
-113.047 -151.706 297.329
-113.048 -151.704 297.329
-113.048 -151.700 297.329
-113.047 -151.693 297.329
-113.048 -151.688 297.329
-113.049 -151.686 297.329
-113.050 -151.679 297.329
-113.051 -151.673 297.329
-113.050 -151.666 297.329
-113.052 -151.660 297.329
-113.044 -151.627 297.329
-113.042 -151.616 297.329
-113.037 -151.587 297.329
-113.036 -151.580 297.329
-113.035 -151.576 297.329
-113.035 -151.569 297.329
-113.035 -151.567 297.329
-113.035 -151.562 297.329
-113.034 -151.557 297.329
-113.033 -151.552 297.329
-113.033 -151.549 297.329
-113.034 -151.545 297.329
-113.029 -151.522 297.329
-113.029 -151.520 297.329
-113.028 -151.517 297.329
-113.022 -151.494 297.329
-113.012 -151.450 297.329
-113.013 -151.447 297.329
-113.013 -151.442 297.329
-113.013 -151.439 297.329
-113.014 -151.431 297.329
-113.014 -151.425 297.329
-113.012 -151.409 297.329
-113.012 -151.407 297.329
-113.013 -151.405 297.329
-113.013 -151.402 297.329
-113.013 -151.400 297.329
-113.012 -151.395 297.329
-113.013 -151.393 297.329
-113.013 -151.391 297.329
-113.013 -151.389 297.329
-113.015 -151.386 297.329
-113.015 -151.384 297.329
-113.015 -151.382 297.329
-113.014 -151.376 297.329
-113.014 -151.374 297.329
-113.015 -151.372 297.329
-113.015 -151.367 297.329
-113.014 -151.362 297.329
-113.014 -151.360 297.329
-113.014 -151.358 297.329
-113.013 -151.352 297.329
-113.013 -151.343 297.329
-113.011 -151.331 297.329
-113.011 -151.329 297.329
-113.010 -151.321 297.329
-113.012 -151.313 297.329
-113.005 -151.282 297.329
-113.005 -151.279 297.329
-113.004 -151.272 297.329
-113.004 -151.262 297.329
-113.002 -151.249 297.329
-113.003 -151.246 297.329
-113.005 -151.238 297.329
-113.005 -151.232 297.329
-113.004 -151.225 297.329
-113.007 -151.224 297.329
-113.008 -151.217 297.329
-113.009 -151.203 297.329
-113.009 -151.200 297.329
-113.008 -151.195 297.329
-113.008 -151.193 297.329
-113.007 -151.180 297.329
-113.006 -151.171 297.329
-113.006 -151.165 297.329
-113.003 -151.147 297.329
-113.003 -151.144 297.329
-113.003 -151.140 297.329
-113.001 -151.125 297.329
-113.001 -151.122 297.329
-113.000 -151.110 297.329
-112.998 -151.098 297.329
-112.997 -151.092 297.329
-112.998 -151.083 297.329
-112.996 -151.073 297.329
-112.992 -151.052 297.329
-112.989 -151.038 297.329
-112.988 -151.032 297.329
-112.988 -151.028 297.329
-112.987 -151.023 297.329
-112.987 -151.021 297.329
-112.989 -151.018 297.329
-112.989 -151.014 297.329
-112.989 -151.009 297.329
-112.988 -151.004 297.329
-112.989 -151.001 297.329
-112.989 -150.989 297.329
-112.989 -150.980 297.329
-112.989 -150.977 297.329
-112.990 -150.974 297.329
-112.990 -150.972 297.329
-112.990 -150.968 297.329
-112.991 -150.965 297.329
-112.991 -150.958 297.329
-112.992 -150.948 297.329
-112.992 -150.944 297.329
-112.994 -150.934 297.329
-112.994 -150.932 297.329
-112.994 -150.930 297.329
-112.996 -150.926 297.329
-112.997 -150.921 297.329
-112.997 -150.913 297.329
-112.996 -150.905 297.329
-112.998 -150.903 297.329
-112.999 -150.896 297.329
-112.999 -150.891 297.329
-113.001 -150.888 297.329
-113.001 -150.882 297.329
-113.000 -150.875 297.329
-113.000 -150.873 297.329
-113.001 -150.871 297.329
-113.004 -150.867 297.329
-113.004 -150.863 297.329
-113.004 -150.854 297.329
-113.006 -150.848 297.329
-113.005 -150.837 297.329
-113.008 -150.834 297.329
-113.007 -150.827 297.329
-113.010 -150.821 297.329
-113.011 -150.808 297.329
-113.012 -150.800 297.329
-113.012 -150.793 297.329
-113.013 -150.788 297.329
-113.013 -150.783 297.329
-113.014 -150.781 297.329
-113.015 -150.772 297.329
-113.016 -150.768 297.329
-113.016 -150.764 297.329
-113.017 -150.756 297.329
-113.018 -150.752 297.329
-113.018 -150.747 297.329
-113.019 -150.744 297.329
-113.020 -150.740 297.329
-113.021 -150.738 297.329
-113.021 -150.736 297.329
-113.021 -150.731 297.329
-113.021 -150.720 297.329
-113.023 -150.717 297.329
-113.023 -150.714 297.329
-113.025 -150.712 297.329
-113.024 -150.704 297.329
-113.027 -150.698 297.329
-113.027 -150.693 297.329
-113.027 -150.691 297.329
-113.029 -150.685 297.329
-113.029 -150.679 297.329
-113.030 -150.676 297.329
-113.030 -150.674 297.329
-113.031 -150.668 297.329
-113.031 -150.663 297.329
-113.031 -150.659 297.329
-113.031 -150.653 297.329
-113.034 -150.645 297.329
-113.035 -150.638 297.329
-113.036 -150.636 297.329
-113.036 -150.633 297.329
-113.036 -150.631 297.329
-113.037 -150.626 297.329
-113.038 -150.622 297.329
-113.038 -150.613 297.329
-113.038 -150.606 297.329
-113.038 -150.600 297.329
-113.038 -150.588 297.329
-113.038 -150.584 297.329
-113.039 -150.579 297.329
-113.038 -150.569 297.329
-113.039 -150.566 297.329
-113.038 -150.555 297.329
-113.039 -150.553 297.329
-113.038 -150.543 297.329
-113.039 -150.540 297.329
-113.038 -150.531 297.329
-113.038 -150.519 297.329
-113.039 -150.512 297.329
-113.039 -150.502 297.329
-113.040 -150.498 297.329
-113.039 -150.492 297.329
-113.041 -150.488 297.329
-113.040 -150.482 297.329
-113.040 -150.477 297.329
-113.042 -150.470 297.329
-113.042 -150.465 297.329
-113.041 -150.455 297.329
-113.041 -150.445 297.329
-113.041 -150.434 297.329
-113.044 -150.428 297.329
-113.044 -150.416 297.329
-113.046 -150.401 297.329
-113.047 -150.394 297.329
-113.047 -150.391 297.329
-113.046 -150.383 297.329
-113.048 -150.378 297.329
-113.049 -150.367 297.329
-113.049 -150.363 297.329
-113.049 -150.361 297.329
-113.049 -150.358 297.329
-113.050 -150.355 297.329
-113.049 -150.343 297.329
-113.051 -150.340 297.329
-113.052 -150.335 297.329
-113.052 -150.331 297.329
-113.052 -150.329 297.329
-113.052 -150.325 297.329
-113.054 -150.323 297.329
-113.053 -150.314 297.329
-113.051 -150.302 297.329
-113.051 -150.300 297.329
-113.051 -150.294 297.329
-113.050 -150.289 297.329
-113.051 -150.287 297.329
-113.051 -150.284 297.329
-113.051 -150.279 297.329
-113.051 -150.277 297.329
-113.050 -150.272 297.329
-113.049 -150.262 297.329
-113.050 -150.257 297.329
-113.050 -150.252 297.329
-113.051 -150.248 297.329
-113.049 -150.239 297.329
-113.050 -150.236 297.329
-113.050 -150.229 297.329
-113.049 -150.223 297.329
-113.049 -150.220 297.329
-113.048 -150.214 297.329
-113.050 -150.211 297.329
-113.050 -150.199 297.329
-113.049 -150.193 297.329
-113.050 -150.189 297.329
-113.048 -150.180 297.329
-113.049 -150.177 297.329
-113.047 -150.168 297.329
-113.047 -150.163 297.329
-113.047 -150.153 297.329
-113.044 -150.139 297.329
-113.044 -150.137 297.329
-113.042 -150.124 297.329
-113.042 -150.112 297.329
-113.043 -150.109 297.329
-113.041 -150.099 297.329
-113.043 -150.098 297.329
-113.043 -150.094 297.329
-113.042 -150.089 297.329
-113.044 -150.087 297.329
-113.043 -150.079 297.329
-113.043 -150.077 297.329
-113.044 -150.073 297.329
-113.044 -150.061 297.329
-113.045 -150.056 297.329
-113.045 -150.045 297.329
-113.045 -150.043 297.329
-113.045 -150.040 297.329
-113.046 -150.038 297.329
-113.046 -150.034 297.329
-113.046 -150.029 297.329
-113.046 -150.020 297.329
-113.046 -150.017 297.329
-113.046 -150.015 297.329
-113.046 -150.012 297.329
-113.045 -150.001 297.329
-113.044 -149.994 297.329
-113.044 -149.991 297.329
-113.046 -149.990 297.329
-113.047 -149.986 297.329
-113.047 -149.982 297.329
-113.047 -149.980 297.329
-113.047 -149.976 297.329
-113.045 -149.957 297.329
-113.048 -149.952 297.329
-113.047 -149.947 297.329
-113.047 -149.944 297.329
-113.048 -149.942 297.329
-113.047 -149.937 297.329
-113.047 -149.935 297.329
-113.047 -149.932 297.329
-113.046 -149.924 297.329
-113.048 -149.922 297.329
-113.048 -149.920 297.329
-113.048 -149.917 297.329
-113.048 -149.914 297.329
-113.049 -149.911 297.329
-113.050 -149.909 297.329
-113.051 -149.907 297.329
-113.051 -149.902 297.329
-113.053 -149.898 297.329
-113.052 -149.892 297.329
-113.052 -149.889 297.329
-113.053 -149.887 297.329
-113.053 -149.885 297.329
-113.056 -149.880 297.329
-113.055 -149.875 297.329
-113.055 -149.870 297.329
-113.057 -149.869 297.329
-113.058 -149.866 297.329
-113.058 -149.859 297.329
-113.058 -149.854 297.329
-113.054 -149.830 297.329
-113.052 -149.820 297.329
-113.052 -149.817 297.329
-113.053 -149.815 297.329
-113.053 -149.810 297.329
-113.053 -149.808 297.329
-113.053 -149.804 297.329
-113.053 -149.801 297.329
-113.053 -149.797 297.329
-113.054 -149.795 297.329
-113.054 -149.789 297.329
-113.055 -149.785 297.329
-113.055 -149.783 297.329
-113.055 -149.780 297.329
-113.055 -149.778 297.329
-113.056 -149.776 297.329
-113.056 -149.769 297.329
-113.056 -149.766 297.329
-113.058 -149.765 297.329
-113.057 -149.759 297.329
-113.058 -149.755 297.329
-113.058 -149.750 297.329
-113.060 -149.744 297.329
-113.059 -149.738 297.329
-113.059 -149.735 297.329
-113.060 -149.733 297.329
-113.060 -149.730 297.329
-113.060 -149.722 297.329
-113.060 -149.717 297.329
-113.061 -149.715 297.329
-113.063 -149.710 297.329
-113.064 -149.707 297.329
-113.065 -149.703 297.329
-113.065 -149.700 297.329
-113.066 -149.697 297.329
-113.068 -149.694 297.329
-113.071 -149.687 297.329
-113.072 -149.685 297.329
-113.072 -149.681 297.329
-113.072 -149.678 297.329
-113.074 -149.677 297.329
-113.075 -149.674 297.329
-113.076 -149.671 297.329
-113.075 -149.665 297.329
-113.078 -149.662 297.329
-113.079 -149.659 297.329
-113.080 -149.657 297.329
-113.080 -149.655 297.329
-113.082 -149.652 297.329
-113.083 -149.643 297.329
-113.084 -149.641 297.329
-113.084 -149.637 297.329
-113.085 -149.635 297.329
-113.085 -149.631 297.329
-113.085 -149.629 297.329
-113.086 -149.626 297.329
-113.086 -149.623 297.329
-113.087 -149.619 297.329
-113.087 -149.617 297.329
-113.088 -149.615 297.329
-113.088 -149.611 297.329
-113.088 -149.609 297.329
-113.089 -149.607 297.329
-113.089 -149.605 297.329
-113.090 -149.602 297.329
-113.090 -149.600 297.329
-113.090 -149.598 297.329
-113.092 -149.595 297.329
-113.092 -149.593 297.329
-113.093 -149.591 297.329
-113.093 -149.589 297.329
-113.094 -149.587 297.329
-113.095 -149.585 297.329
-113.096 -149.582 297.329
-113.097 -149.579 297.329
-113.098 -149.577 297.329
-113.098 -149.575 297.329
-113.099 -149.572 297.329
-113.102 -149.565 297.329
-113.103 -149.561 297.329
-113.104 -149.559 297.329
-113.105 -149.554 297.329
-113.106 -149.552 297.329
-113.107 -149.550 297.329
-113.108 -149.547 297.329
-113.108 -149.545 297.329
-113.109 -149.541 297.329
-113.111 -149.539 297.329
-113.112 -149.537 297.329
-113.112 -149.535 297.329
-113.112 -149.532 297.329
-113.112 -149.530 297.329
-113.114 -149.529 297.329
-113.114 -149.526 297.329
-113.116 -149.525 297.329
-113.118 -149.518 297.329
-113.118 -149.516 297.329
-113.118 -149.513 297.329
-113.119 -149.511 297.329
-113.119 -149.509 297.329
-113.120 -149.504 297.329
-113.122 -149.501 297.329
-113.124 -149.496 297.329
-113.124 -149.494 297.329
-113.125 -149.492 297.329
-113.124 -149.485 297.329
-113.127 -149.484 297.329
-113.127 -149.482 297.329
-113.129 -149.479 297.329
-113.130 -149.473 297.329
-113.131 -149.470 297.329
-113.132 -149.463 297.329
-113.134 -149.460 297.329
-113.134 -149.457 297.329
-113.135 -149.454 297.329
-113.136 -149.452 297.329
-113.138 -149.450 297.329
-113.139 -149.448 297.329
-113.139 -149.446 297.329
-113.140 -149.443 297.329
-113.142 -149.442 297.329
-113.142 -149.440 297.329
-113.144 -149.435 297.329
-113.145 -149.429 297.329
-113.148 -149.425 297.329
-113.150 -149.423 297.329
-113.150 -149.420 297.329
-113.149 -149.413 297.329
-113.152 -149.412 297.329
-113.155 -149.410 297.329
-113.156 -149.405 297.329
-113.158 -149.404 297.329
-113.158 -149.401 297.329
-113.159 -149.399 297.329
-113.161 -149.395 297.329
-113.161 -149.392 297.329
-113.163 -149.387 297.329
-113.165 -149.385 297.329
-113.165 -149.380 297.329
-113.166 -149.377 297.329
-113.167 -149.375 297.329
-113.167 -149.373 297.329
-113.167 -149.371 297.329
-113.169 -149.366 297.329
-113.170 -149.361 297.329
-113.171 -149.357 297.329
-113.172 -149.352 297.329
-113.173 -149.342 297.329
-113.174 -149.339 297.329
-113.175 -149.337 297.329
-113.175 -149.332 297.329
-113.177 -149.331 297.329
-113.177 -149.327 297.329
-113.180 -149.325 297.329
-113.180 -149.321 297.329
-113.181 -149.317 297.329
-113.181 -149.315 297.329
-113.182 -149.312 297.329
-113.184 -149.311 297.329
-113.185 -149.308 297.329
-113.185 -149.306 297.329
-113.187 -149.304 297.329
-113.188 -149.300 297.329
-113.189 -149.296 297.329
-113.189 -149.293 297.329
-113.192 -149.287 297.329
-113.193 -149.285 297.329
-113.194 -149.281 297.329
-113.195 -149.278 297.329
-113.196 -149.276 297.329
-113.196 -149.273 297.329
-113.196 -149.270 297.329
-113.199 -149.265 297.329
-113.199 -149.261 297.329
-113.199 -149.257 297.329
-113.200 -149.253 297.329
-113.201 -149.251 297.329
-113.201 -149.247 297.329
-113.202 -149.244 297.329
-113.202 -149.242 297.329
-113.203 -149.236 297.329
-113.204 -149.229 297.329
-113.204 -149.226 297.329
-113.205 -149.224 297.329
-113.206 -149.221 297.329
-113.207 -149.219 297.329
-113.208 -149.216 297.329
-113.208 -149.214 297.329
-113.211 -149.211 297.329
-113.210 -149.204 297.329
-113.213 -149.203 297.329
-113.215 -149.201 297.329
-113.216 -149.197 297.329
-113.216 -149.195 297.329
-113.216 -149.193 297.329
-113.217 -149.189 297.329
-113.219 -149.188 297.329
-113.219 -149.186 297.329
-113.221 -149.183 297.329
-113.223 -149.181 297.329
-113.224 -149.178 297.329
-113.225 -149.175 297.329
-113.226 -149.172 297.329
-113.226 -149.170 297.329
-113.226 -149.167 297.329
-113.229 -149.166 297.329
-113.231 -149.163 297.329
-113.232 -149.160 297.329
-113.232 -149.157 297.329
-113.234 -149.156 297.329
-113.236 -149.152 297.329
-113.236 -149.149 297.329
-113.236 -149.146 297.329
-113.236 -149.142 297.329
-113.239 -149.141 297.329
-113.239 -149.137 297.329
-113.240 -149.135 297.329
-113.240 -149.130 297.329
-113.240 -149.128 297.329
-113.242 -149.126 297.329
-113.243 -149.120 297.329
-113.244 -149.113 297.329
-113.245 -149.110 297.329
-113.247 -149.103 297.329
-113.247 -149.097 297.329
-113.248 -149.095 297.329
-113.249 -149.090 297.329
-113.249 -149.086 297.329
-113.251 -149.080 297.329
-113.252 -149.077 297.329
-113.253 -149.071 297.329
-113.253 -149.069 297.329
-113.253 -149.067 297.329
-113.253 -149.062 297.329
-113.254 -149.059 297.329
-113.255 -149.056 297.329
-113.255 -149.051 297.329
-113.255 -149.044 297.329
-113.255 -149.040 297.329
-113.255 -149.037 297.329
-113.256 -149.035 297.329
-113.258 -149.032 297.329
-113.259 -149.028 297.329
-113.259 -149.026 297.329
-113.260 -149.022 297.329
-113.260 -149.020 297.329
-113.262 -149.011 297.329
-113.262 -149.009 297.329
-113.263 -149.007 297.329
-113.263 -149.005 297.329
-113.265 -148.994 297.329
-113.266 -148.991 297.329
-113.267 -148.987 297.329
-113.267 -148.985 297.329
