-114.204 -141.135 280.353
-114.222 -141.136 280.353
-114.231 -141.139 280.353
-114.229 -141.143 280.353
-114.228 -141.170 280.353
-114.225 -141.172 280.353
-114.228 -141.187 280.353
-114.227 -141.194 280.353
-114.226 -141.201 280.353
-114.226 -141.216 280.353
-114.226 -141.224 280.353
-114.223 -141.244 280.353
-114.223 -141.249 280.353
-114.221 -141.252 280.353
-114.222 -141.269 280.353
-114.221 -141.278 280.353
-114.218 -141.283 280.353
-114.218 -141.286 280.353
-114.214 -141.291 280.353
-114.217 -141.307 280.353
-114.218 -141.326 280.353
-114.215 -141.338 280.353
-114.213 -141.340 280.353
-114.214 -141.355 280.353
-114.214 -141.365 280.353
-114.213 -141.368 280.353
-114.214 -141.374 280.353
-114.212 -141.377 280.353
-114.209 -141.387 280.353
-114.208 -141.395 280.353
-114.211 -141.408 280.353
-114.209 -141.410 280.353
-114.209 -141.412 280.353
-114.210 -141.426 280.353
-114.208 -141.430 280.353
-114.202 -141.438 280.353
-114.206 -141.457 280.353
-114.205 -141.461 280.353
-114.205 -141.479 280.353
-114.202 -141.491 280.353
-114.200 -141.492 280.353
-114.204 -141.509 280.353
-114.201 -141.516 280.353
-114.200 -141.523 280.353
-114.197 -141.527 280.353
-114.199 -141.544 280.353
-114.201 -141.555 280.353
-114.198 -141.557 280.353
-114.195 -141.564 280.353
-114.194 -141.567 280.353
-114.197 -141.579 280.353
-114.197 -141.591 280.353
-114.199 -141.608 280.353
-114.197 -141.613 280.353
-114.195 -141.634 280.353
-114.191 -141.648 280.353
-114.192 -141.654 280.353
-114.189 -141.659 280.353
-114.185 -141.664 280.353
-114.183 -141.665 280.353
-114.187 -141.682 280.353
-114.184 -141.689 280.353
-114.181 -141.697 280.353
-114.182 -141.701 280.353
-114.180 -141.710 280.353
-114.178 -141.712 280.353
-114.178 -141.720 280.353
-114.176 -141.725 280.353
-114.174 -141.727 280.353
-114.172 -141.743 280.353
-114.170 -141.744 280.353
-114.171 -141.756 280.353
-114.171 -141.766 280.353
-114.168 -141.778 280.353
-114.160 -141.783 280.353
-114.163 -141.795 280.353
-114.164 -141.807 280.353
-114.162 -141.813 280.353
-114.161 -141.817 280.353
-114.159 -141.826 280.353
-114.158 -141.828 280.353
-114.157 -141.831 280.353
-114.149 -141.838 280.353
-114.148 -141.862 280.353
-114.137 -141.867 280.353
-114.139 -141.876 280.353
-114.138 -141.881 280.353
-114.137 -141.888 280.353
-114.137 -141.896 280.353
-114.135 -141.897 280.353
-114.133 -141.899 280.353
-114.131 -141.913 280.353
-114.129 -141.918 280.353
-114.126 -141.927 280.353
-114.120 -141.936 280.353
-114.118 -141.942 280.353
-114.094 -141.950 280.353
-114.093 -141.954 280.353
-115.423 -146.877 280.353
-115.435 -146.877 280.353
-115.448 -146.887 280.353
-115.454 -146.893 280.353
-115.462 -146.899 280.353
-115.471 -146.919 280.353
-115.483 -146.920 280.353
-115.486 -146.922 280.353
-115.491 -146.922 280.353
-115.502 -146.939 280.353
-115.514 -146.943 280.353
-115.517 -146.945 280.353
-115.519 -146.946 280.353
-115.533 -146.961 280.353
-115.541 -146.969 280.353
-115.550 -146.976 280.353
-115.556 -146.982 280.353
-115.564 -146.990 280.353
-115.578 -146.999 280.353
-115.536 -147.001 280.353
