-112.860 -146.571 297.332
-112.857 -146.569 297.332
-112.857 -146.566 297.332
-112.856 -146.564 297.332
-112.853 -146.561 297.332
-112.851 -146.558 297.332
-112.851 -146.555 297.332
-112.848 -146.551 297.332
-112.846 -146.549 297.332
-112.844 -146.548 297.332
-112.843 -146.546 297.332
-112.842 -146.543 297.332
-112.840 -146.540 297.332
-112.838 -146.537 297.332
-112.836 -146.536 297.332
-112.833 -146.534 297.332
-112.833 -146.531 297.332
-112.831 -146.530 297.332
-112.830 -146.527 297.332
-112.829 -146.524 297.332
-112.826 -146.519 297.332
-112.823 -146.515 297.332
-112.821 -146.513 297.332
-112.820 -146.510 297.332
-112.819 -146.507 297.332
-112.816 -146.506 297.332
-112.815 -146.502 297.332
-112.812 -146.501 297.332
-112.812 -146.498 297.332
-112.810 -146.495 297.332
-112.809 -146.492 297.332
-112.807 -146.491 297.332
-112.806 -146.488 297.332
-112.804 -146.485 297.332
-112.802 -146.481 297.332
-112.800 -146.478 297.332
-112.799 -146.476 297.332
-112.796 -146.475 297.332
-112.796 -146.471 297.332
-112.796 -146.468 297.332
-112.795 -146.465 297.332
-112.793 -146.464 297.332
-112.790 -146.463 297.332
-112.789 -146.456 297.332
-112.786 -146.453 297.332
-112.785 -146.451 297.332
-112.783 -146.449 297.332
-112.781 -146.447 297.332
-112.779 -146.445 297.332
-112.778 -146.441 297.332
-112.772 -146.432 297.332
-112.770 -146.430 297.332
-112.768 -146.425 297.332
-112.765 -146.422 297.332
-112.763 -146.419 297.332
-112.761 -146.416 297.332
-112.759 -146.415 297.332
-112.757 -146.414 297.332
-112.755 -146.411 297.332
-112.754 -146.409 297.332
-112.753 -146.407 297.332
-112.751 -146.405 297.332
-112.749 -146.402 297.332
-112.747 -146.401 297.332
-112.745 -146.399 297.332
-112.743 -146.397 297.332
-112.742 -146.393 297.332
-112.739 -146.391 297.332
-112.738 -146.388 297.332
-112.736 -146.386 297.332
-112.733 -146.382 297.332
-112.730 -146.377 297.332
-112.727 -146.374 297.332
-112.725 -146.368 297.332
-112.722 -146.360 297.332
-112.720 -146.358 297.332
-112.718 -146.354 297.332
-112.717 -146.350 297.332
-112.716 -146.348 297.332
-112.714 -146.347 297.332
-112.710 -146.329 297.332
-112.707 -146.313 297.332
-112.705 -146.302 297.332
-112.704 -146.299 297.332
-112.703 -146.294 297.332
-112.700 -146.277 297.332
-112.697 -146.267 297.332
-112.696 -146.262 297.332
-112.695 -146.258 297.332
-112.693 -146.246 297.332
-112.691 -146.238 297.332
-112.689 -146.227 297.332
-112.687 -146.216 297.332
-112.685 -146.210 297.332
-112.683 -146.203 297.332
-112.682 -146.201 297.332
-112.678 -146.191 297.332
-112.677 -146.189 297.332
-112.673 -146.188 297.332
-112.670 -146.186 297.332
-112.669 -146.182 297.332
-112.668 -146.177 297.332
-112.665 -146.170 297.332
-112.660 -146.148 297.332
-112.657 -146.132 297.332
-112.656 -146.130 297.332
-112.654 -146.122 297.332
-112.653 -146.119 297.332
-112.652 -146.116 297.332
-112.649 -146.107 297.332
-112.645 -146.099 297.332
-112.644 -146.097 297.332
-112.642 -146.091 297.332
-112.636 -146.072 297.332
-112.635 -146.070 297.332
-112.632 -146.065 297.332
-112.630 -146.058 297.332
-112.628 -146.047 297.332
-112.624 -146.027 297.332
-112.621 -146.013 297.332
-112.619 -146.009 297.332
-112.614 -145.997 297.332
-112.612 -145.991 297.332
-112.610 -145.986 297.332
-112.609 -145.981 297.332
-112.606 -145.976 297.332
-112.604 -145.973 297.332
-112.601 -145.967 297.332
-112.599 -145.965 297.332
-112.598 -145.959 297.332
-112.594 -145.954 297.332
-112.592 -145.953 297.332
-112.591 -145.951 297.332
-112.590 -145.948 297.332
-112.589 -145.946 297.332
-112.586 -145.939 297.332
-112.585 -145.937 297.332
-112.582 -145.930 297.332
-112.581 -145.928 297.332
-112.579 -145.925 297.332
-112.577 -145.924 297.332
-112.575 -145.918 297.332
-112.574 -145.914 297.332
-112.572 -145.911 297.332
-112.571 -145.908 297.332
-112.568 -145.903 297.332
-112.567 -145.898 297.332
-112.566 -145.895 297.332
-112.564 -145.891 297.332
-112.559 -145.880 297.332
-112.556 -145.873 297.332
-112.552 -145.867 297.332
-112.547 -145.844 297.332
-112.544 -145.831 297.332
-112.541 -145.823 297.332
-112.539 -145.816 297.332
-112.537 -145.809 297.332
-112.536 -145.805 297.332
-112.535 -145.802 297.332
-112.534 -145.798 297.332
-112.533 -145.795 297.332
-112.532 -145.793 297.332
-112.529 -145.783 297.332
-112.525 -145.768 297.332
-112.521 -145.751 297.332
-112.519 -145.743 297.332
-112.517 -145.734 297.332
-112.515 -145.729 297.332
-112.511 -145.710 297.332
-112.507 -145.683 297.332
-112.505 -145.675 297.332
-112.502 -145.670 297.332
-112.499 -145.667 297.332
-112.497 -145.664 297.332
-112.494 -145.658 297.332
-112.492 -145.654 297.332
-112.490 -145.646 297.332
-112.488 -145.643 297.332
-112.486 -145.639 297.332
-112.485 -145.636 297.332
-112.483 -145.633 297.332
-112.480 -145.618 297.332
-112.477 -145.617 297.332
-112.476 -145.611 297.332
-112.475 -145.604 297.332
-112.472 -145.602 297.332
-112.471 -145.597 297.332
-112.470 -145.595 297.332
-112.468 -145.594 297.332
-112.467 -145.586 297.332
-112.464 -145.577 297.332
-112.463 -145.572 297.332
-112.462 -145.565 297.332
-112.454 -145.534 297.332
-112.446 -145.498 297.332
-112.445 -145.488 297.332
-112.447 -145.484 297.332
-112.447 -145.479 297.332
-112.444 -145.455 297.332
-112.445 -145.442 297.332
-112.440 -145.420 297.332
-112.436 -145.405 297.332
-112.435 -145.398 297.332
-112.434 -145.390 297.332
-112.433 -145.388 297.332
-112.427 -145.349 297.332
-112.426 -145.334 297.332
-112.424 -145.326 297.332
-112.422 -145.310 297.332
-112.421 -145.299 297.332
-112.419 -145.261 297.332
-112.419 -145.254 297.332
-112.420 -145.251 297.332
-112.419 -145.238 297.332
-112.420 -145.236 297.332
-112.419 -145.226 297.332
-112.418 -145.214 297.332
-112.417 -145.210 297.332
-112.416 -145.202 297.332
-112.413 -145.185 297.332
-112.411 -145.183 297.332
-112.409 -145.179 297.332
-112.406 -145.170 297.332
-112.400 -145.163 297.332
-112.395 -145.124 297.332
-112.395 -145.115 297.332
-112.397 -145.110 297.332
-112.397 -145.107 297.332
-112.399 -145.105 297.332
-112.399 -145.100 297.332
-112.400 -145.096 297.332
-112.402 -145.095 297.332
-112.402 -145.085 297.332
-112.403 -145.076 297.332
-112.402 -145.050 297.332
-112.401 -145.037 297.332
-112.403 -145.026 297.332
-112.405 -145.023 297.332
-112.406 -145.016 297.332
-112.407 -145.008 297.332
-112.407 -145.003 297.332
-112.408 -145.001 297.332
-112.410 -144.996 297.332
-112.410 -144.993 297.332
-112.410 -144.985 297.332
-112.410 -144.980 297.332
-112.409 -144.974 297.332
-112.402 -144.930 297.332
-112.402 -144.927 297.332
-112.402 -144.919 297.332
-112.402 -144.915 297.332
-112.403 -144.911 297.332
-112.403 -144.899 297.332
-112.404 -144.892 297.332
-112.404 -144.883 297.332
-112.403 -144.876 297.332
-112.403 -144.861 297.332
-112.402 -144.853 297.332
-112.397 -144.845 297.332
-112.395 -144.839 297.332
-112.394 -144.833 297.332
-112.392 -144.830 297.332
-112.373 -144.813 297.332
-112.354 -144.791 297.332
-112.351 -144.787 297.332
-112.349 -144.782 297.332
-112.346 -144.778 297.332
-112.344 -144.775 297.332
-112.342 -144.772 297.332
-112.343 -144.769 297.332
-112.339 -144.760 297.332
-112.338 -144.753 297.332
-112.334 -144.744 297.332
-112.328 -144.737 297.332
-112.325 -144.734 297.332
-112.300 -144.699 297.332
-112.298 -144.694 297.332
-112.297 -144.692 297.332
-112.295 -144.688 297.332
-112.292 -144.680 297.332
-112.291 -144.677 297.332
-112.290 -144.672 297.332
-112.289 -144.670 297.332
-112.289 -144.667 297.332
-112.287 -144.661 297.332
-112.286 -144.659 297.332
-112.287 -144.657 297.332
-112.286 -144.654 297.332
-112.286 -144.651 297.332
-112.285 -144.648 297.332
-112.283 -144.642 297.332
-112.280 -144.635 297.332
-112.279 -144.630 297.332
-112.278 -144.628 297.332
-112.277 -144.624 297.332
-112.279 -144.621 297.332
-112.279 -144.611 297.332
-112.280 -144.607 297.332
-112.280 -144.604 297.332
-112.281 -144.600 297.332
-112.280 -144.594 297.332
-112.282 -144.592 297.332
-112.282 -144.587 297.332
-112.282 -144.584 297.332
-112.283 -144.578 297.332
-112.284 -144.573 297.332
-112.285 -144.570 297.332
-112.284 -144.563 297.332
-112.287 -144.560 297.332
-112.289 -144.559 297.332
-112.292 -144.550 297.332
-112.290 -144.542 297.332
-112.290 -144.539 297.332
-112.281 -144.505 297.332
-112.283 -144.502 297.332
-112.284 -144.499 297.332
-112.284 -144.495 297.332
-112.288 -144.491 297.332
-112.291 -144.484 297.332
-112.290 -144.480 297.332
-112.290 -144.475 297.332
-112.291 -144.471 297.332
-112.289 -144.463 297.332
-112.291 -144.461 297.332
-112.291 -144.458 297.332
-112.290 -144.451 297.332
-112.290 -144.447 297.332
-112.292 -144.446 297.332
-112.293 -144.444 297.332
-112.294 -144.441 297.332
-112.296 -144.438 297.332
-112.297 -144.436 297.332
-112.297 -144.433 297.332
-112.298 -144.431 297.332
-112.299 -144.429 297.332
-112.300 -144.427 297.332
-112.300 -144.423 297.332
-112.303 -144.422 297.332
-112.303 -144.419 297.332
-112.305 -144.416 297.332
-112.306 -144.413 297.332
-112.307 -144.411 297.332
-112.307 -144.408 297.332
-112.308 -144.406 297.332
-112.310 -144.402 297.332
-112.314 -144.400 297.332
-112.315 -144.396 297.332
-112.316 -144.393 297.332
-112.316 -144.390 297.332
-112.318 -144.387 297.332
-112.316 -144.372 297.332
-112.315 -144.365 297.332
-112.315 -144.354 297.332
-112.312 -144.334 297.332
-112.311 -144.325 297.332
-112.312 -144.321 297.332
-112.311 -144.301 297.332
-112.310 -144.291 297.332
-112.313 -144.286 297.332
-112.313 -144.279 297.332
-112.312 -144.264 297.332
-112.316 -144.261 297.332
-112.316 -144.249 297.332
-112.316 -144.242 297.332
-112.317 -144.235 297.332
-112.318 -144.228 297.332
-112.317 -144.217 297.332
-112.317 -144.212 297.332
-112.317 -144.209 297.332
-112.317 -144.204 297.332
-112.317 -144.198 297.332
-112.317 -144.195 297.332
-112.316 -144.188 297.332
-112.315 -144.172 297.332
-112.314 -144.163 297.332
-112.314 -144.159 297.332
-112.314 -144.155 297.332
-112.314 -144.152 297.332
-112.316 -144.149 297.332
-112.315 -144.141 297.332
-112.316 -144.139 297.332
-112.316 -144.136 297.332
-112.318 -144.134 297.332
-112.317 -144.126 297.332
-112.318 -144.116 297.332
-112.318 -144.112 297.332
-112.318 -144.109 297.332
-112.318 -144.101 297.332
-112.319 -144.098 297.332
-112.319 -144.095 297.332
-112.318 -144.078 297.332
-112.318 -144.071 297.332
-112.316 -144.064 297.332
-112.315 -144.061 297.332
-112.314 -144.053 297.332
-112.313 -144.050 297.332
-112.312 -144.047 297.332
-112.311 -144.044 297.332
-112.310 -144.041 297.332
-112.309 -144.038 297.332
-112.307 -144.029 297.332
-112.305 -144.020 297.332
-112.303 -144.014 297.332
-112.300 -144.004 297.332
-112.299 -143.999 297.332
-112.297 -143.993 297.332
-112.296 -143.991 297.332
-112.294 -143.988 297.332
-112.293 -143.982 297.332
-112.291 -143.978 297.332
-112.289 -143.975 297.332
-112.288 -143.959 297.332
-112.287 -143.954 297.332
-112.285 -143.945 297.332
-112.284 -143.934 297.332
-112.283 -143.924 297.332
-112.282 -143.918 297.332
-112.281 -143.913 297.332
-112.281 -143.910 297.332
-112.280 -143.908 297.332
-112.280 -143.905 297.332
-112.278 -143.897 297.332
-112.277 -143.895 297.332
-112.276 -143.893 297.332
-112.275 -143.882 297.332
-112.272 -143.868 297.332
-112.271 -143.866 297.332
-112.270 -143.859 297.332
-112.271 -143.823 297.332
-112.274 -143.808 297.332
-112.277 -143.795 297.332
-112.278 -143.790 297.332
-112.282 -143.778 297.332
-112.283 -143.773 297.332
-112.286 -143.768 297.332
-112.288 -143.765 297.332
-112.290 -143.760 297.332
-112.291 -143.757 297.332
-112.293 -143.755 297.332
-112.297 -143.753 297.332
-112.297 -143.747 297.332
-112.300 -143.746 297.332
-112.300 -143.742 297.332
-112.303 -143.740 297.332
-112.306 -143.735 297.332
-112.304 -143.722 297.332
-112.305 -143.720 297.332
-112.305 -143.715 297.332
-112.307 -143.714 297.332
-112.308 -143.710 297.332
-112.307 -143.704 297.332
-112.307 -143.697 297.332
-112.307 -143.693 297.332
-112.308 -143.678 297.332
-112.300 -143.637 297.332
-112.296 -143.607 297.332
-112.296 -143.604 297.332
-112.294 -143.591 297.332
-112.295 -143.589 297.332
-112.294 -143.581 297.332
-112.292 -143.579 297.332
-112.291 -143.573 297.332
-112.289 -143.568 297.332
-112.285 -143.559 297.332
-112.282 -143.556 297.332
-112.279 -143.547 297.332
-112.276 -143.543 297.332
-112.274 -143.537 297.332
-112.272 -143.533 297.332
-112.271 -143.531 297.332
-112.269 -143.529 297.332
-112.266 -143.522 297.332
-112.264 -143.514 297.332
-112.263 -143.510 297.332
-112.261 -143.504 297.332
-112.260 -143.501 297.332
-112.259 -143.498 297.332
-112.257 -143.496 297.332
-112.255 -143.495 297.332
-112.254 -143.492 297.332
-112.253 -143.488 297.332
-112.252 -143.484 297.332
-112.250 -143.483 297.332
-112.249 -143.478 297.332
-112.246 -143.474 297.332
-112.243 -143.470 297.332
-112.242 -143.467 297.332
-112.234 -143.455 297.332
-112.217 -143.420 297.332
-112.216 -143.416 297.332
-112.215 -143.411 297.332
-112.214 -143.406 297.332
-112.212 -143.398 297.332
-112.209 -143.389 297.332
-112.209 -143.386 297.332
-112.208 -143.381 297.332
-112.208 -143.372 297.332
-112.207 -143.368 297.332
-112.209 -143.367 297.332
-112.208 -143.360 297.332
-112.209 -143.358 297.332
-112.210 -143.353 297.332
-112.210 -143.348 297.332
-112.211 -143.344 297.332
-112.209 -143.333 297.332
-112.210 -143.329 297.332
-112.209 -143.324 297.332
-112.210 -143.321 297.332
-112.209 -143.316 297.332
-112.209 -143.310 297.332
-112.210 -143.308 297.332
-112.212 -143.305 297.332
-112.212 -143.301 297.332
-112.214 -143.300 297.332
-112.213 -143.293 297.332
-112.213 -143.290 297.332
-112.213 -143.279 297.332
-112.213 -143.273 297.332
-112.211 -143.251 297.332
-112.213 -143.250 297.332
-112.212 -143.237 297.332
-112.213 -143.235 297.332
-112.215 -143.228 297.332
-112.216 -143.225 297.332
-112.218 -143.224 297.332
-112.219 -143.222 297.332
-112.220 -143.220 297.332
-112.222 -143.219 297.332
-112.223 -143.216 297.332
-112.224 -143.214 297.332
-112.226 -143.212 297.332
-112.227 -143.210 297.332
-112.228 -143.208 297.332
-112.230 -143.207 297.332
-112.231 -143.203 297.332
-112.233 -143.202 297.332
-112.235 -143.201 297.332
-112.236 -143.199 297.332
-112.238 -143.196 297.332
-112.239 -143.194 297.332
-112.240 -143.192 297.332
-112.240 -143.189 297.332
-112.241 -143.187 297.332
-112.242 -143.185 297.332
-112.244 -143.183 297.332
-112.245 -143.181 297.332
-112.246 -143.178 297.332
-112.247 -143.175 297.332
-112.248 -143.173 297.332
-112.249 -143.170 297.332
-112.250 -143.168 297.332
-112.251 -143.166 297.332
-112.251 -143.163 297.332
-112.252 -143.161 297.332
-112.253 -143.158 297.332
-112.254 -143.156 297.332
-112.255 -143.154 297.332
-112.256 -143.152 297.332
-112.256 -143.149 297.332
-112.257 -143.147 297.332
-112.258 -143.145 297.332
-112.259 -143.141 297.332
-112.260 -143.138 297.332
-112.261 -143.136 297.332
-112.262 -143.134 297.332
-112.262 -143.128 297.332
-112.262 -143.123 297.332
-112.263 -143.121 297.332
-112.263 -143.118 297.332
-112.263 -143.110 297.332
-112.263 -143.107 297.332
-112.262 -143.100 297.332
-112.260 -143.099 297.332
-112.257 -143.094 297.332
-112.255 -143.092 297.332
-112.253 -143.091 297.332
-112.252 -143.087 297.332
-112.243 -143.045 297.332
-112.243 -143.042 297.332
-112.235 -142.997 297.332
-112.234 -142.987 297.332
-112.233 -142.977 297.332
-112.232 -142.970 297.332
-112.232 -142.967 297.332
-112.232 -142.958 297.332
-112.232 -142.955 297.332
-112.232 -142.951 297.332
-112.233 -142.948 297.332
-112.233 -142.944 297.332
-112.234 -142.939 297.332
-112.234 -142.934 297.332
-112.234 -142.931 297.332
-112.236 -142.924 297.332
-112.236 -142.917 297.332
-112.236 -142.914 297.332
-112.237 -142.903 297.332
-112.237 -142.892 297.332
-112.237 -142.889 297.332
-112.237 -142.884 297.332
-112.236 -142.874 297.332
-112.236 -142.870 297.332
-112.237 -142.868 297.332
-112.237 -142.865 297.332
-112.237 -142.862 297.332
-112.237 -142.852 297.332
-112.237 -142.845 297.332
-112.237 -142.842 297.332
-112.237 -142.838 297.332
-112.237 -142.830 297.332
-112.237 -142.824 297.332
-112.237 -142.817 297.332
-112.236 -142.808 297.332
-112.236 -142.803 297.332
-112.237 -142.801 297.332
-112.237 -142.797 297.332
-112.238 -142.795 297.332
-112.238 -142.789 297.332
-112.237 -142.776 297.332
-112.236 -142.765 297.332
-112.236 -142.760 297.332
-112.235 -142.751 297.332
-112.235 -142.746 297.332
-112.235 -142.742 297.332
-112.235 -142.739 297.332
-112.234 -142.731 297.332
-112.234 -142.728 297.332
-112.234 -142.725 297.332
-112.234 -142.722 297.332
-112.233 -142.715 297.332
-112.234 -142.713 297.332
-112.234 -142.710 297.332
-112.234 -142.706 297.332
-112.235 -142.701 297.332
-112.236 -142.698 297.332
-112.237 -142.696 297.332
-112.237 -142.691 297.332
-112.239 -142.690 297.332
-112.239 -142.687 297.332
-112.239 -142.684 297.332
-112.240 -142.682 297.332
-112.242 -142.679 297.332
-112.243 -142.675 297.332
-112.244 -142.671 297.332
-112.245 -142.669 297.332
-112.246 -142.666 297.332
-112.247 -142.664 297.332
-112.247 -142.661 297.332
-112.249 -142.660 297.332
-112.250 -142.656 297.332
-112.251 -142.654 297.332
-112.253 -142.653 297.332
-112.253 -142.650 297.332
-112.254 -142.648 297.332
-112.255 -142.646 297.332
-112.257 -142.644 297.332
-112.258 -142.640 297.332
-112.258 -142.636 297.332
-112.260 -142.635 297.332
-112.260 -142.632 297.332
-112.260 -142.629 297.332
-112.263 -142.628 297.332
-112.264 -142.626 297.332
-112.264 -142.623 297.332
-112.266 -142.620 297.332
-112.266 -142.617 297.332
-112.267 -142.615 297.332
-112.267 -142.612 297.332
-112.267 -142.609 297.332
-112.268 -142.607 297.332
-112.268 -142.604 297.332
-112.269 -142.600 297.332
-112.270 -142.597 297.332
-112.270 -142.594 297.332
-112.271 -142.591 297.332
-112.271 -142.588 297.332
-112.272 -142.586 297.332
-112.273 -142.583 297.332
-112.273 -142.580 297.332
-112.274 -142.578 297.332
-112.274 -142.575 297.332
-112.274 -142.572 297.332
-112.275 -142.570 297.332
-112.275 -142.567 297.332
-112.276 -142.564 297.332
-112.277 -142.562 297.332
-112.277 -142.559 297.332
-112.278 -142.557 297.332
-112.279 -142.555 297.332
-112.280 -142.552 297.332
-112.280 -142.548 297.332
-112.282 -142.546 297.332
-112.283 -142.544 297.332
-112.284 -142.542 297.332
-112.284 -142.539 297.332
-112.284 -142.536 297.332
-112.285 -142.534 297.332
-112.286 -142.531 297.332
-112.286 -142.526 297.332
-112.286 -142.522 297.332
-112.287 -142.520 297.332
-112.287 -142.517 297.332
-112.288 -142.515 297.332
-112.288 -142.512 297.332
-112.290 -142.510 297.332
-112.292 -142.508 297.332
-112.295 -142.507 297.332
-112.298 -142.501 297.332
-112.299 -142.498 297.332
-112.300 -142.496 297.332
-112.301 -142.492 297.332
-112.303 -142.490 297.332
-112.305 -142.489 297.332
-112.305 -142.485 297.332
-112.309 -142.484 297.332
-112.310 -142.482 297.332
-112.312 -142.480 297.332
-112.313 -142.478 297.332
-112.315 -142.477 297.332
-112.317 -142.476 297.332
-112.319 -142.472 297.332
-112.321 -142.471 297.332
-112.322 -142.467 297.332
-112.324 -142.466 297.332
-112.325 -142.464 297.332
-112.326 -142.461 297.332
-112.327 -142.459 297.332
-112.328 -142.457 297.332
-112.329 -142.454 297.332
-112.331 -142.453 297.332
-112.331 -142.450 297.332
-112.333 -142.449 297.332
-112.334 -142.447 297.332
-112.335 -142.444 297.332
-112.336 -142.442 297.332
-112.337 -142.440 297.332
-112.338 -142.438 297.332
-112.339 -142.436 297.332
-112.340 -142.434 297.332
-112.341 -142.432 297.332
-112.342 -142.430 297.332
-112.343 -142.428 297.332
-112.344 -142.426 297.332
-112.346 -142.423 297.332
-112.346 -142.419 297.332
-112.349 -142.417 297.332
-112.349 -142.414 297.332
-112.350 -142.412 297.332
-112.352 -142.411 297.332
-112.352 -142.408 297.332
-112.354 -142.407 297.332
-112.355 -142.404 297.332
-112.356 -142.402 297.332
-112.357 -142.399 297.332
-112.359 -142.397 297.332
-112.361 -142.393 297.332
-112.363 -142.389 297.332
-112.364 -142.387 297.332
-112.366 -142.385 297.332
-112.367 -142.383 297.332
-112.367 -142.380 297.332
-112.369 -142.377 297.332
-112.371 -142.373 297.332
-112.372 -142.371 297.332
-112.374 -142.369 297.332
-112.375 -142.367 297.332
-112.376 -142.365 297.332
-112.378 -142.364 297.332
-112.379 -142.361 297.332
-112.381 -142.355 297.332
-112.381 -142.352 297.332
-112.383 -142.350 297.332
-112.384 -142.347 297.332
-112.385 -142.345 297.332
-112.386 -142.343 297.332
-112.387 -142.338 297.332
-112.388 -142.336 297.332
-112.389 -142.331 297.332
-112.393 -142.327 297.332
-112.395 -142.323 297.332
-112.396 -142.320 297.332
-112.397 -142.317 297.332
-112.399 -142.315 297.332
-112.400 -142.313 297.332
-112.402 -142.310 297.332
-112.403 -142.308 297.332
-112.404 -142.305 297.332
-112.407 -142.302 297.332
-112.407 -142.298 297.332
-112.408 -142.296 297.332
-112.409 -142.294 297.332
-112.409 -142.289 297.332
-112.410 -142.286 297.332
-112.411 -142.283 297.332
-112.412 -142.278 297.332
-112.412 -142.275 297.332
-112.412 -142.271 297.332
-112.412 -142.266 297.332
-112.414 -142.263 297.332
-112.415 -142.261 297.332
-112.416 -142.259 297.332
-112.417 -142.257 297.332
-112.419 -142.256 297.332
-112.419 -142.253 297.332
-112.420 -142.251 297.332
-112.421 -142.249 297.332
-112.420 -142.228 297.332
-112.417 -142.192 297.332
-112.415 -142.185 297.332
-112.414 -142.182 297.332
-112.413 -142.178 297.332
-112.412 -142.175 297.332
-112.411 -142.172 297.332
-112.410 -142.170 297.332
-112.409 -142.168 297.332
-112.406 -142.167 297.332
-112.404 -142.166 297.332
-112.403 -142.158 297.332
-112.399 -142.158 297.332
-112.396 -142.157 297.332
-112.393 -142.156 297.332
-112.389 -142.155 297.332
-112.373 -142.117 297.332
-112.373 -142.107 297.332
-112.375 -142.105 297.332
-112.380 -142.101 297.332
-112.381 -142.099 297.332
-112.385 -142.085 297.332
-112.387 -142.081 297.332
-112.388 -142.076 297.332
-112.391 -142.060 297.332
-112.394 -142.059 297.332
-112.396 -142.056 297.332
-112.398 -142.053 297.332
-112.401 -142.052 297.332
-112.406 -142.050 297.332
-112.408 -142.048 297.332
-112.411 -142.043 297.332
-112.413 -142.042 297.332
-112.415 -142.039 297.332
-112.417 -142.038 297.332
-112.418 -142.033 297.332
-112.420 -142.032 297.332
-112.423 -142.030 297.332
-112.425 -142.027 297.332
-112.426 -142.024 297.332
-112.427 -142.013 297.332
-112.430 -142.009 297.332
-112.430 -142.005 297.332
-112.431 -142.003 297.332
-112.434 -141.998 297.332
-112.434 -141.993 297.332
-112.436 -141.992 297.332
-112.437 -141.986 297.332
-112.438 -141.984 297.332
-112.439 -141.981 297.332
-112.442 -141.980 297.332
-112.443 -141.977 297.332
-112.444 -141.974 297.332
-112.446 -141.971 297.332
-112.446 -141.968 297.332
-112.447 -141.965 297.332
-112.450 -141.963 297.332
-112.451 -141.961 297.332
-112.451 -141.957 297.332
-112.453 -141.954 297.332
-112.454 -141.951 297.332
-112.455 -141.949 297.332
-112.456 -141.947 297.332
-112.457 -141.943 297.332
-112.459 -141.942 297.332
-112.459 -141.939 297.332
-112.460 -141.936 297.332
-112.462 -141.935 297.332
-112.463 -141.933 297.332
-112.463 -141.930 297.332
-112.464 -141.928 297.332
-112.466 -141.927 297.332
-112.467 -141.924 297.332
-112.468 -141.922 297.332
-112.469 -141.919 297.332
-112.469 -141.916 297.332
-112.471 -141.914 297.332
-112.472 -141.912 297.332
-112.473 -141.910 297.332
-112.474 -141.907 297.332
-112.475 -141.905 297.332
-112.476 -141.903 297.332
-112.477 -141.901 297.332
-112.477 -141.897 297.332
-112.479 -141.895 297.332
-112.480 -141.893 297.332
-112.481 -141.891 297.332
-112.482 -141.889 297.332
-112.483 -141.887 297.332
-112.484 -141.885 297.332
-112.485 -141.883 297.332
-112.487 -141.882 297.332
-112.488 -141.880 297.332
-112.490 -141.877 297.332
-112.493 -141.876 297.332
-112.495 -141.873 297.332
-112.496 -141.871 297.332
-112.498 -141.868 297.332
-112.500 -141.864 297.332
-112.501 -141.860 297.332
-112.503 -141.855 297.332
-112.503 -141.846 297.332
-112.507 -141.843 297.332
-112.508 -141.841 297.332
-112.511 -141.836 297.332
-112.511 -141.830 297.332
-112.512 -141.828 297.332
-112.517 -141.825 297.332
-112.517 -141.819 297.332
-112.519 -141.817 297.332
-112.519 -141.814 297.332
-112.521 -141.810 297.332
-112.521 -141.805 297.332
-112.524 -141.802 297.332
-112.524 -141.797 297.332
-112.526 -141.795 297.332
-112.528 -141.789 297.332
-112.529 -141.783 297.332
-112.529 -141.780 297.332
-112.531 -141.777 297.332
-112.532 -141.775 297.332
-112.533 -141.768 297.332
-112.533 -141.764 297.332
-112.534 -141.762 297.332
-112.534 -141.755 297.332
-112.536 -141.751 297.332
-112.539 -141.748 297.332
-112.541 -141.743 297.332
-112.542 -141.739 297.332
-112.543 -141.735 297.332
-112.544 -141.733 297.332
-112.548 -141.720 297.332
-112.550 -141.712 297.332
-112.551 -141.707 297.332
-112.553 -141.700 297.332
-112.554 -141.698 297.332
-112.554 -141.693 297.332
-112.553 -141.668 297.332
-112.553 -141.664 297.332
-112.556 -141.649 297.332
-112.557 -141.641 297.332
-112.560 -141.626 297.332
-112.560 -141.600 297.332
-112.560 -141.578 297.332
-112.562 -141.565 297.332
-112.563 -141.559 297.332
-112.565 -141.558 297.332
-112.566 -141.555 297.332
-112.569 -141.553 297.332
-112.572 -141.545 297.332
-112.574 -141.544 297.332
-112.575 -141.541 297.332
-112.579 -141.536 297.332
-112.580 -141.533 297.332
-112.582 -141.531 297.332
-112.583 -141.529 297.332
-112.583 -141.525 297.332
-112.583 -141.521 297.332
-112.587 -141.520 297.332
-112.588 -141.518 297.332
-112.589 -141.516 297.332
-112.590 -141.511 297.332
-112.591 -141.509 297.332
-112.592 -141.506 297.332
-112.593 -141.501 297.332
-112.594 -141.499 297.332
-112.595 -141.497 297.332
-112.597 -141.495 297.332
-112.598 -141.493 297.332
-112.599 -141.491 297.332
-112.599 -141.485 297.332
-112.601 -141.480 297.332
-112.601 -141.472 297.332
-112.601 -141.465 297.332
-112.604 -141.462 297.332
-112.604 -141.457 297.332
-112.605 -141.452 297.332
-112.606 -141.449 297.332
-112.607 -141.447 297.332
-112.609 -141.433 297.332
-112.610 -141.431 297.332
-112.611 -141.427 297.332
-112.611 -141.423 297.332
-112.611 -141.419 297.332
-112.613 -141.417 297.332
-112.613 -141.413 297.332
-112.613 -141.410 297.332
-112.614 -141.405 297.332
-112.616 -141.404 297.332
-112.617 -141.402 297.332
-112.618 -141.397 297.332
-112.619 -141.393 297.332
-112.622 -141.388 297.332
-112.623 -141.384 297.332
-112.624 -141.379 297.332
-112.627 -141.373 297.332
-112.628 -141.371 297.332
-112.628 -141.367 297.332
-112.629 -141.363 297.332
-112.630 -141.360 297.332
-112.630 -141.357 297.332
-112.632 -141.354 297.332
-112.634 -141.352 297.332
-112.636 -141.346 297.332
-112.636 -141.343 297.332
-112.637 -141.333 297.332
-112.639 -141.331 297.332
-112.640 -141.328 297.332
-112.642 -141.325 297.332
-112.643 -141.323 297.332
-112.643 -141.320 297.332
-112.645 -141.317 297.332
-112.646 -141.314 297.332
-112.647 -141.309 297.332
-112.648 -141.306 297.332
-112.650 -141.301 297.332
-112.651 -141.296 297.332
-112.653 -141.293 297.332
-112.653 -141.281 297.332
-112.656 -141.279 297.332
-112.657 -141.275 297.332
-112.658 -141.271 297.332
-112.659 -141.266 297.332
-112.662 -141.257 297.332
-112.664 -141.248 297.332
-112.666 -141.241 297.332
-112.667 -141.228 297.332
-112.669 -141.226 297.332
-112.671 -141.216 297.332
-112.672 -141.214 297.332
-112.674 -141.209 297.332
-112.674 -141.203 297.332
-112.674 -141.196 297.332
-112.674 -141.193 297.332
-112.676 -141.191 297.332
-112.678 -141.190 297.332
-112.678 -141.185 297.332
-112.680 -141.179 297.332
-112.682 -141.165 297.332
-112.683 -141.157 297.332
-112.683 -141.152 297.332
-112.684 -141.150 297.332
-112.685 -141.147 297.332
-112.685 -141.138 297.332
-112.686 -141.135 297.332
-112.687 -141.133 297.332
-112.689 -141.132 297.332
-112.689 -141.127 297.332
-112.690 -141.125 297.332
-112.692 -141.123 297.332
-112.693 -141.119 297.332
-112.693 -141.116 297.332
-112.695 -141.111 297.332
-112.697 -141.110 297.332
-112.697 -141.103 297.332
-112.697 -141.099 297.332
-112.698 -141.095 297.332
-112.699 -141.093 297.332
-112.700 -141.086 297.332
-112.700 -141.082 297.332
-112.701 -141.079 297.332
-112.701 -141.074 297.332
-112.702 -141.070 297.332
-112.702 -141.064 297.332
-112.703 -141.058 297.332
-112.703 -141.055 297.332
-112.703 -141.051 297.332
-112.704 -141.040 297.332
-112.704 -141.037 297.332
-112.705 -141.032 297.332
-112.705 -141.027 297.332
-112.705 -141.023 297.332
-112.705 -141.019 297.332
-112.705 -141.016 297.332
-112.706 -141.013 297.332
-112.706 -141.010 297.332
-112.706 -141.005 297.332
-112.706 -141.001 297.332
-112.706 -140.995 297.332
-112.706 -140.974 297.332
-112.707 -140.971 297.332
-112.708 -140.967 297.332
-112.709 -140.962 297.332
-112.710 -140.960 297.332
-112.711 -140.958 297.332
-112.712 -140.953 297.332
-112.713 -140.951 297.332
-112.714 -140.948 297.332
-112.714 -140.941 297.332
-112.714 -140.937 297.332
-112.715 -140.932 297.332
-112.716 -140.929 297.332
-112.716 -140.925 297.332
-112.716 -140.920 297.332
-112.716 -140.914 297.332
-112.718 -140.913 297.332
-112.718 -140.910 297.332
-112.718 -140.905 297.332
-112.719 -140.896 297.332
-112.720 -140.893 297.332
-112.721 -140.890 297.332
-112.722 -140.887 297.332
-112.723 -140.880 297.332
-112.725 -140.874 297.332
-112.726 -140.871 297.332
-112.726 -140.868 297.332
-112.726 -140.865 297.332
-112.727 -140.863 297.332
-112.728 -140.861 297.332
-112.730 -140.856 297.332
-112.730 -140.852 297.332
-112.732 -140.848 297.332
-112.733 -140.841 297.332
-112.734 -140.839 297.332
-112.734 -140.832 297.332
-112.735 -140.830 297.332
-112.736 -140.826 297.332
-112.736 -140.822 297.332
-112.738 -140.818 297.332
-112.739 -140.816 297.332
-112.740 -140.813 297.332
-112.741 -140.808 297.332
-112.742 -140.804 297.332
-112.742 -140.801 297.332
-112.743 -140.797 297.332
-112.744 -140.793 297.332
-112.744 -140.789 297.332
-112.745 -140.785 297.332
-112.746 -140.783 297.332
-112.747 -140.781 297.332
-112.747 -140.777 297.332
-112.750 -140.776 297.332
-112.752 -140.770 297.332
-112.752 -140.758 297.332
-112.754 -140.757 297.332
-112.754 -140.754 297.332
-112.755 -140.752 297.332
-112.756 -140.748 297.332
-112.757 -140.744 297.332
-112.759 -140.742 297.332
-112.760 -140.738 297.332
-112.761 -140.733 297.332
-112.762 -140.731 297.332
-112.763 -140.728 297.332
-112.764 -140.725 297.332
-112.765 -140.720 297.332
-112.766 -140.718 297.332
-112.767 -140.716 297.332
-112.767 -140.713 297.332
-112.768 -140.711 297.332
-112.769 -140.709 297.332
-112.769 -140.705 297.332
-112.771 -140.701 297.332
-112.772 -140.699 297.332
-112.773 -140.697 297.332
-112.774 -140.694 297.332
-112.774 -140.691 297.332
-112.775 -140.689 297.332
-112.777 -140.687 297.332
-112.778 -140.685 297.332
-112.780 -140.683 297.332
-112.781 -140.681 297.332
-112.783 -140.676 297.332
-112.785 -140.673 297.332
-112.786 -140.671 297.332
-112.787 -140.668 297.332
-112.788 -140.666 297.332
-112.790 -140.663 297.332
-112.792 -140.660 297.332
-112.793 -140.658 297.332
-112.794 -140.656 297.332
-112.795 -140.654 297.332
-112.796 -140.652 297.332
-112.798 -140.648 297.332
-112.800 -140.644 297.332
-112.802 -140.641 297.332
-112.803 -140.639 297.332
-112.804 -140.636 297.332
-112.805 -140.634 297.332
-112.806 -140.631 297.332
-112.808 -140.627 297.332
-112.809 -140.624 297.332
-112.811 -140.618 297.332
-112.813 -140.614 297.332
-112.814 -140.611 297.332
-112.817 -140.603 297.332
-112.819 -140.597 297.332
-112.820 -140.595 297.332
-112.821 -140.593 297.332
-112.822 -140.589 297.332
-112.823 -140.587 297.332
-112.824 -140.585 297.332
-112.825 -140.581 297.332
-112.826 -140.579 297.332
-112.827 -140.576 297.332
-112.828 -140.574 297.332
-112.829 -140.572 297.332
-112.830 -140.568 297.332
-112.831 -140.566 297.332
-112.832 -140.564 297.332
-112.833 -140.558 297.332
-112.835 -140.555 297.332
-112.836 -140.551 297.332
-112.837 -140.547 297.332
-112.839 -140.539 297.332
-112.840 -140.536 297.332
-112.841 -140.533 297.332
-112.842 -140.527 297.332
-112.843 -140.522 297.332
-112.844 -140.518 297.332
-112.845 -140.513 297.332
-112.846 -140.506 297.332
-112.847 -140.502 297.332
-112.848 -140.500 297.332
-112.849 -140.492 297.332
-112.850 -140.483 297.332
-112.852 -140.478 297.332
-112.854 -140.467 297.332
-112.855 -140.462 297.332
-112.856 -140.457 297.332
-112.857 -140.453 297.332
-112.858 -140.451 297.332
-112.859 -140.446 297.332
-112.860 -140.443 297.332
-112.861 -140.440 297.332
-112.862 -140.435 297.332
-112.863 -140.432 297.332
-112.864 -140.428 297.332
-112.865 -140.422 297.332
-112.867 -140.416 297.332
-112.868 -140.412 297.332
-112.869 -140.408 297.332
-112.870 -140.402 297.332
-112.871 -140.400 297.332
-112.872 -140.396 297.332
-112.873 -140.392 297.332
-112.874 -140.386 297.332
-112.875 -140.383 297.332
-112.876 -140.379 297.332
-112.877 -140.376 297.332
-112.878 -140.371 297.332
-112.879 -140.369 297.332
-112.880 -140.364 297.332
-112.882 -140.358 297.332
-112.883 -140.355 297.332
-112.884 -140.350 297.332
-112.885 -140.348 297.332
-112.886 -140.345 297.332
-112.887 -140.341 297.332
-112.888 -140.338 297.332
-112.889 -140.334 297.332
-112.890 -140.332 297.332
-112.891 -140.327 297.332
-112.892 -140.325 297.332
-112.893 -140.322 297.332
-112.894 -140.320 297.332
-112.896 -140.313 297.332
-112.897 -140.307 297.332
-112.898 -140.304 297.332
-112.899 -140.302 297.332
-112.900 -140.299 297.332
-112.901 -140.293 297.332
-112.902 -140.290 297.332
-112.903 -140.281 297.332
-112.904 -140.263 297.332
-112.904 -140.258 297.332
-112.904 -140.254 297.332
-112.904 -140.221 297.332
-112.902 -140.216 297.332
-112.900 -140.206 297.332
-112.898 -140.205 297.332
-112.899 -140.186 297.332
-112.906 -140.145 297.332
-112.908 -140.140 297.332
-112.911 -140.139 297.332
-112.914 -140.135 297.332
-112.918 -140.128 297.332
-112.921 -140.124 297.332
-112.926 -140.116 297.332
-112.928 -140.115 297.332
-112.929 -140.111 297.332
-112.930 -140.108 297.332
-112.931 -140.106 297.332
-112.935 -140.106 297.332
-112.938 -140.101 297.332
-112.943 -140.097 297.332
-112.948 -140.093 297.332
-112.953 -140.087 297.332
-112.954 -140.084 297.332
-112.955 -140.081 297.332
-112.959 -140.079 297.332
-112.961 -140.078 297.332
-112.962 -140.076 297.332
-112.964 -140.073 297.332
-112.967 -140.071 297.332
-112.970 -140.067 297.332
-112.972 -140.065 297.332
-112.974 -140.062 297.332
-112.976 -140.058 297.332
-112.977 -140.054 297.332
-112.979 -140.047 297.332
-112.980 -140.044 297.332
-112.982 -140.043 297.332
-112.984 -140.039 297.332
-112.987 -140.034 297.332
-112.988 -140.031 297.332
-112.989 -140.029 297.332
-112.991 -140.027 297.332
-112.992 -140.024 297.332
-112.993 -140.021 297.332
-112.995 -140.020 297.332
-112.997 -140.016 297.332
-112.998 -140.014 297.332
-112.999 -140.012 297.332
-113.000 -140.010 297.332
-113.002 -140.007 297.332
-113.004 -140.001 297.332
-113.005 -139.999 297.332
-113.006 -139.994 297.332
-113.007 -139.992 297.332
-113.009 -139.986 297.332
-113.010 -139.981 297.332
-113.012 -139.977 297.332
-113.013 -139.972 297.332
-113.014 -139.969 297.332
-113.016 -139.961 297.332
-113.017 -139.959 297.332
-113.018 -139.957 297.332
-113.019 -139.955 297.332
-113.020 -139.951 297.332
-113.021 -139.948 297.332
-113.023 -139.942 297.332
-113.024 -139.939 297.332
-113.025 -139.934 297.332
-113.027 -139.930 297.332
-113.028 -139.927 297.332
-113.029 -139.922 297.332
-113.031 -139.918 297.332
-113.032 -139.915 297.332
-113.034 -139.912 297.332
-113.035 -139.909 297.332
-113.036 -139.905 297.332
-113.037 -139.901 297.332
-113.039 -139.897 297.332
-113.041 -139.894 297.332
-113.042 -139.892 297.332
-113.043 -139.890 297.332
-113.044 -139.887 297.332
-113.045 -139.884 297.332
-113.046 -139.882 297.332
-113.049 -139.872 297.332
-113.051 -139.869 297.332
-113.052 -139.867 297.332
-113.053 -139.864 297.332
-113.054 -139.861 297.332
-113.056 -139.856 297.332
-113.057 -139.853 297.332
-113.058 -139.851 297.332
-113.059 -139.847 297.332
-113.060 -139.845 297.332
-113.062 -139.839 297.332
-113.064 -139.836 297.332
-113.065 -139.834 297.332
-113.066 -139.832 297.332
-113.067 -139.826 297.332
-113.069 -139.825 297.332
-113.071 -139.818 297.332
-113.073 -139.813 297.332
-113.074 -139.810 297.332
-113.076 -139.806 297.332
-113.077 -139.804 297.332
-113.079 -139.800 297.332
-113.080 -139.794 297.332
-113.081 -139.792 297.332
-113.083 -139.788 297.332
-113.084 -139.784 297.332
-113.085 -139.781 297.332
-113.086 -139.777 297.332
-113.088 -139.775 297.332
-113.089 -139.757 297.332
-113.090 -139.753 297.332
-113.091 -139.747 297.332
-113.092 -139.736 297.332
-113.094 -139.730 297.332
-113.097 -139.725 297.332
-113.099 -139.717 297.332
-113.101 -139.711 297.332
-113.102 -139.707 297.332
-113.104 -139.705 297.332
-113.106 -139.701 297.332
-113.108 -139.699 297.332
-113.110 -139.697 297.332
-113.111 -139.695 297.332
-113.112 -139.693 297.332
-113.114 -139.691 297.332
-113.115 -139.688 297.332
-113.119 -139.684 297.332
-113.121 -139.681 297.332
-113.122 -139.679 297.332
-113.123 -139.677 297.332
-113.124 -139.674 297.332
-113.126 -139.671 297.332
-113.128 -139.667 297.332
