-110.902 -125.245 293.054
-110.898 -125.244 293.054
-110.897 -125.243 293.054
-110.898 -125.241 293.054
-110.902 -125.237 293.054
-110.902 -125.235 293.054
-110.905 -125.232 293.054
-110.907 -125.231 293.054
-110.907 -125.230 293.054
-110.907 -125.229 293.054
-110.907 -125.226 293.054
-110.910 -125.223 293.054
-110.910 -125.222 293.054
-110.913 -125.217 293.054
-110.915 -125.216 293.054
-110.915 -125.214 293.054
-110.916 -125.210 293.054
-110.917 -125.209 293.054
-110.919 -125.208 293.054
-110.919 -125.206 293.054
-110.920 -125.202 293.054
-110.923 -125.200 293.054
-110.926 -125.199 293.054
-110.925 -125.192 293.054
-110.927 -125.191 293.054
-110.929 -125.187 293.054
-110.932 -125.186 293.054
-110.931 -125.180 293.054
-110.933 -125.178 293.054
-110.935 -125.177 293.054
-110.947 -125.139 293.054
-110.949 -125.131 293.054
-110.949 -125.129 293.054
-110.949 -125.128 293.054
-110.950 -125.124 293.054
-110.950 -125.123 293.054
-110.950 -125.122 293.054
-110.950 -125.120 293.054
-110.951 -125.116 293.054
-110.951 -125.115 293.054
-110.951 -125.113 293.054
-110.952 -125.108 293.054
-110.952 -125.107 293.054
-110.952 -125.104 293.054
-110.952 -125.102 293.054
-110.953 -125.096 293.054
-110.953 -125.095 293.054
-110.953 -125.093 293.054
-110.953 -125.088 293.054
-110.954 -125.081 293.054
-110.954 -125.080 293.054
-110.954 -125.079 293.054
-110.951 -125.077 293.054
-110.951 -125.076 293.054
-110.950 -125.073 293.054
-110.949 -125.071 293.054
-110.948 -125.070 293.054
-110.945 -125.066 293.054
-110.944 -125.065 293.054
-110.944 -125.061 293.054
-110.941 -125.058 293.054
-110.939 -125.057 293.054
-110.939 -125.054 293.054
-110.936 -125.052 293.054
-110.936 -125.048 293.054
-110.935 -125.048 293.054
-110.930 -125.042 293.054
-110.929 -125.029 293.054
-110.926 -125.029 293.054
-110.921 -125.021 293.054
-110.919 -125.014 293.054
-110.918 -125.009 293.054
-110.915 -125.008 293.054
-110.913 -125.004 293.054
-110.911 -125.002 293.054
-110.910 -125.000 293.054
-110.909 -124.996 293.054
-110.908 -124.996 293.054
-110.907 -124.994 293.054
-110.906 -124.993 293.054
-110.904 -124.992 293.054
-110.903 -124.988 293.054
-110.900 -124.986 293.054
-110.899 -124.984 293.054
-110.896 -124.981 293.054
-110.894 -124.976 293.054
-110.892 -124.975 293.054
-110.889 -124.974 293.054
-110.888 -124.971 293.054
-110.885 -124.970 293.054
-110.883 -124.969 293.054
-110.877 -124.957 293.054
-110.873 -124.957 293.054
-110.868 -124.952 293.054
-110.865 -124.947 293.054
-110.861 -124.947 293.054
-110.858 -124.943 293.054
-110.853 -124.939 293.054
-110.849 -124.935 293.054
-110.846 -124.932 293.054
-110.844 -124.924 293.054
-110.840 -124.924 293.054
-110.839 -124.922 293.054
-110.837 -124.922 293.054
-110.834 -124.919 293.054
-110.831 -124.916 293.054
-110.829 -124.910 293.054
-110.827 -124.910 293.054
-110.824 -124.907 293.054
-110.820 -124.905 293.054
-110.818 -124.902 293.054
-110.815 -124.894 293.054
-110.813 -124.894 293.054
-110.810 -124.890 293.054
-110.808 -124.890 293.054
-110.807 -124.888 293.054
-110.804 -124.882 293.054
-110.802 -124.882 293.054
-110.800 -124.877 293.054
-110.798 -124.871 293.054
-110.793 -124.859 293.054
-110.787 -124.841 293.054
-110.784 -124.838 293.054
-110.783 -124.837 293.054
-110.780 -124.826 293.054
-110.776 -124.803 293.054
-110.769 -124.772 293.054
-110.767 -124.764 293.054
-110.766 -124.759 293.054
-110.767 -124.729 293.054
-110.769 -124.714 293.054
-110.773 -124.708 293.054
-110.774 -124.704 293.054
-110.776 -124.704 293.054
-110.779 -124.700 293.054
-110.781 -124.696 293.054
-110.782 -124.693 293.054
-110.784 -124.687 293.054
-110.785 -124.685 293.054
-110.787 -124.680 293.054
-110.793 -124.667 293.054
-110.796 -124.665 293.054
-110.797 -124.665 293.054
-110.799 -124.656 293.054
-110.800 -124.654 293.054
-110.801 -124.648 293.054
-110.804 -124.646 293.054
-110.805 -124.641 293.054
-110.808 -124.637 293.054
-110.810 -124.630 293.054
-110.811 -124.627 293.054
-110.814 -124.619 293.054
-110.816 -124.616 293.054
-110.818 -124.609 293.054
-110.824 -124.599 293.054
-110.829 -124.594 293.054
-110.832 -124.586 293.054
-110.833 -124.580 293.054
-110.835 -124.575 293.054
-110.836 -124.572 293.054
-110.838 -124.572 293.054
-110.842 -124.565 293.054
-110.845 -124.546 293.054
-110.846 -124.540 293.054
-110.848 -124.527 293.054
-110.851 -124.518 293.054
-110.854 -124.515 293.054
-110.856 -124.512 293.054
-110.858 -124.512 293.054
-110.859 -124.506 293.054
-110.861 -124.504 293.054
-110.866 -124.495 293.054
-110.867 -124.492 293.054
-110.868 -124.484 293.054
-110.872 -124.480 293.054
-110.875 -124.471 293.054
-110.878 -124.466 293.054
-110.879 -124.465 293.054
-110.880 -124.463 293.054
-110.881 -124.462 293.054
-110.883 -124.455 293.054
-110.887 -124.451 293.054
-110.889 -124.449 293.054
-110.890 -124.447 293.054
-110.891 -124.444 293.054
-110.891 -124.442 293.054
-110.893 -124.440 293.054
-110.895 -124.439 293.054
-110.897 -124.435 293.054
-110.897 -124.431 293.054
-110.902 -124.421 293.054
-110.904 -124.417 293.054
-110.906 -124.411 293.054
-110.908 -124.401 293.054
-110.909 -124.397 293.054
-110.911 -124.395 293.054
-110.912 -124.382 293.054
-110.913 -124.378 293.054
-110.916 -124.378 293.054
-110.918 -124.365 293.054
-110.919 -124.352 293.054
-110.920 -124.345 293.054
-110.920 -124.344 293.054
-110.921 -124.339 293.054
-110.923 -124.337 293.054
-110.924 -124.331 293.054
-110.924 -124.326 293.054
-110.926 -124.319 293.054
-110.928 -124.318 293.054
-110.929 -124.311 293.054
-110.929 -124.309 293.054
-110.929 -124.308 293.054
-110.931 -124.303 293.054
-110.931 -124.302 293.054
-110.929 -124.258 293.054
-110.928 -124.250 293.054
-110.925 -124.249 293.054
-110.923 -124.240 293.054
-110.922 -124.238 293.054
-110.918 -124.234 293.054
-110.918 -124.227 293.054
-110.917 -124.224 293.054
-110.917 -124.223 293.054
-110.914 -124.219 293.054
-110.911 -124.214 293.054
-110.908 -124.212 293.054
-110.906 -124.208 293.054
-110.905 -124.205 293.054
-110.905 -124.200 293.054
-110.902 -124.198 293.054
-110.900 -124.193 293.054
-110.900 -124.190 293.054
-110.900 -124.189 293.054
-110.899 -124.188 293.054
-110.897 -124.188 293.054
-110.896 -124.184 293.054
-110.895 -124.184 293.054
-110.891 -124.178 293.054
-110.888 -124.172 293.054
-110.887 -124.172 293.054
-110.887 -124.168 293.054
-110.885 -124.167 293.054
-110.883 -124.165 293.054
-110.882 -124.162 293.054
-110.881 -124.159 293.054
-110.880 -124.157 293.054
-110.880 -124.153 293.054
-110.876 -124.149 293.054
-110.874 -124.141 293.054
-110.874 -124.138 293.054
-110.871 -124.134 293.054
-110.871 -124.132 293.054
-110.869 -124.123 293.054
-110.868 -124.117 293.054
-110.868 -124.115 293.054
-110.867 -124.114 293.054
-110.867 -124.113 293.054
-110.866 -124.112 293.054
-110.864 -124.108 293.054
-110.864 -124.107 293.054
-110.863 -124.106 293.054
-110.863 -124.104 293.054
-110.863 -124.103 293.054
-110.860 -124.097 293.054
-110.860 -124.095 293.054
-110.858 -124.090 293.054
-110.857 -124.085 293.054
-110.856 -124.077 293.054
-110.854 -124.075 293.054
-110.853 -124.068 293.054
-110.850 -124.062 293.054
-110.851 -124.046 293.054
-110.850 -124.043 293.054
-110.850 -124.040 293.054
-110.849 -124.035 293.054
-110.849 -124.025 293.054
-110.849 -124.018 293.054
-110.849 -124.011 293.054
-110.846 -124.010 293.054
-110.846 -124.007 293.054
-110.844 -124.000 293.054
-110.842 -123.998 293.054
-110.841 -123.993 293.054
-110.841 -123.984 293.054
-110.840 -123.977 293.054
-110.838 -123.974 293.054
-110.837 -123.964 293.054
-110.836 -123.960 293.054
-110.834 -123.959 293.054
-110.833 -123.953 293.054
-110.832 -123.951 293.054
-110.829 -123.947 293.054
-110.825 -123.942 293.054
-110.825 -123.941 293.054
-110.825 -123.940 293.054
-110.825 -123.934 293.054
-110.825 -123.933 293.054
-110.825 -123.932 293.054
-110.825 -123.931 293.054
-110.825 -123.930 293.054
-110.825 -123.929 293.054
-110.826 -123.911 293.054
-110.827 -123.905 293.054
-110.829 -123.902 293.054
-110.830 -123.900 293.054
-110.831 -123.899 293.054
-110.832 -123.899 293.054
-110.833 -123.898 293.054
-110.835 -123.893 293.054
-110.836 -123.893 293.054
-110.837 -123.892 293.054
-110.838 -123.890 293.054
-110.839 -123.889 293.054
-110.840 -123.887 293.054
-110.842 -123.885 293.054
-110.843 -123.884 293.054
-110.845 -123.880 293.054
-110.846 -123.878 293.054
-110.849 -123.871 293.054
-110.850 -123.868 293.054
-110.853 -123.863 293.054
-110.855 -123.858 293.054
-110.857 -123.853 293.054
-110.858 -123.852 293.054
-110.859 -123.849 293.054
-110.860 -123.847 293.054
-110.861 -123.844 293.054
-110.872 -123.802 293.054
-110.876 -123.787 293.054
-110.880 -123.780 293.054
-110.881 -123.779 293.054
-110.882 -123.778 293.054
-110.887 -123.768 293.054
-110.896 -123.751 293.054
-110.908 -123.725 293.054
-110.915 -123.713 293.054
-110.928 -123.696 293.054
-110.947 -123.673 293.054
-110.958 -123.662 293.054
-110.960 -123.662 293.054
-110.968 -123.658 293.054
-110.972 -123.656 293.054
-110.999 -123.642 293.054
-111.017 -123.631 293.054
-111.047 -123.631 293.054
