-108.500 -123.588 298.102
-108.489 -123.591 298.102
-108.485 -123.594 298.102
-108.478 -123.603 298.102
-108.453 -123.639 298.102
-108.449 -123.646 298.102
-108.439 -123.666 298.102
-108.436 -123.672 298.102
-108.416 -123.711 298.102
-108.411 -123.731 298.102
-108.408 -123.739 298.102
-108.403 -123.758 298.102
-108.403 -123.759 298.102
-108.402 -123.766 298.102
-108.404 -123.769 298.102
-108.404 -123.771 298.102
-108.403 -123.774 298.102
-108.401 -123.779 298.102
-108.402 -123.780 298.102
-108.401 -123.784 298.102
-108.390 -123.817 298.102
-108.388 -123.823 298.102
-108.379 -123.844 298.102
-108.379 -123.846 298.102
-108.371 -123.867 298.102
-108.367 -123.879 298.102
-108.367 -123.880 298.102
-108.366 -123.887 298.102
-108.365 -123.894 298.102
-108.353 -123.935 298.102
-108.352 -123.938 298.102
-108.347 -123.954 298.102
-108.336 -123.986 298.102
-108.333 -123.994 298.102
-108.331 -123.996 298.102
-108.330 -123.996 298.102
-108.329 -123.998 298.102
-108.326 -124.004 298.102
-108.315 -124.032 298.102
-108.311 -124.035 298.102
-108.310 -124.037 298.102
-108.307 -124.044 298.102
-108.305 -124.045 298.102
-108.304 -124.046 298.102
-108.299 -124.058 298.102
-108.294 -124.067 298.102
-108.291 -124.073 298.102
-108.280 -124.096 298.102
-108.264 -124.131 298.102
-108.263 -124.132 298.102
-108.255 -124.150 298.102
-108.253 -124.150 298.102
-108.252 -124.150 298.102
-108.251 -124.151 298.102
-108.248 -124.156 298.102
-108.244 -124.157 298.102
-108.243 -124.158 298.102
-108.241 -124.161 298.102
-108.236 -124.169 298.102
-108.233 -124.172 298.102
-108.226 -124.185 298.102
-108.219 -124.201 298.102
-108.217 -124.202 298.102
-108.215 -124.206 298.102
-108.209 -124.221 298.102
-108.194 -124.255 298.102
-108.188 -124.268 298.102
-108.184 -124.276 298.102
-108.180 -124.284 298.102
-108.177 -124.291 298.102
-108.175 -124.294 298.102
-108.165 -124.317 298.102
-108.163 -124.319 298.102
-108.159 -124.327 298.102
-108.154 -124.342 298.102
-108.153 -124.346 298.102
-108.151 -124.357 298.102
-108.151 -124.361 298.102
-108.149 -124.369 298.102
-108.148 -124.376 298.102
-108.147 -124.381 298.102
-108.145 -124.387 298.102
-108.146 -124.390 298.102
-108.144 -124.396 298.102
-108.144 -124.402 298.102
-108.138 -124.420 298.102
-108.126 -124.449 298.102
-108.115 -124.475 298.102
-108.108 -124.489 298.102
-108.100 -124.513 298.102
-108.098 -124.519 298.102
-108.095 -124.533 298.102
-108.089 -124.554 298.102
-108.081 -124.580 298.102
-108.077 -124.593 298.102
-108.075 -124.602 298.102
-108.071 -124.616 298.102
-108.058 -124.654 298.102
-108.056 -124.659 298.102
-108.051 -124.672 298.102
-108.045 -124.686 298.102
-108.043 -124.692 298.102
-108.035 -124.712 298.102
-108.029 -124.728 298.102
-108.027 -124.735 298.102
-108.024 -124.746 298.102
-108.023 -124.750 298.102
-108.023 -124.756 298.102
-108.024 -124.757 298.102
-108.023 -124.762 298.102
-108.024 -124.765 298.102
-108.023 -124.769 298.102
-108.022 -124.776 298.102
-108.021 -124.782 298.102
-108.021 -124.783 298.102
-108.021 -124.790 298.102
-108.021 -124.795 298.102
-108.020 -124.824 298.102
-108.019 -124.842 298.102
-108.018 -124.850 298.102
-108.014 -124.887 298.102
-108.012 -124.894 298.102
-108.011 -124.901 298.102
-108.010 -124.903 298.102
-108.009 -124.906 298.102
-108.008 -124.908 298.102
-108.005 -124.919 298.102
-108.002 -124.925 298.102
-108.000 -124.936 298.102
-107.998 -124.936 298.102
-107.997 -124.938 298.102
-107.996 -124.940 298.102
-107.994 -124.945 298.102
-107.993 -124.950 298.102
-107.991 -124.956 298.102
-107.988 -124.957 298.102
-107.986 -124.963 298.102
-107.985 -124.965 298.102
-107.983 -124.968 298.102
-107.982 -124.971 298.102
-107.981 -124.972 298.102
-107.977 -124.981 298.102
-107.973 -124.987 298.102
-107.970 -124.996 298.102
-107.969 -125.005 298.102
-107.969 -125.007 298.102
-107.966 -125.022 298.102
-107.967 -125.023 298.102
-107.967 -125.026 298.102
-107.956 -125.070 298.102
-107.954 -125.073 298.102
-107.952 -125.079 298.102
-107.949 -125.084 298.102
-107.947 -125.085 298.102
-107.946 -125.087 298.102
-107.944 -125.089 298.102
-107.940 -125.097 298.102
-107.939 -125.100 298.102
-107.937 -125.102 298.102
-107.930 -125.119 298.102
-107.929 -125.120 298.102
-107.927 -125.124 298.102
-107.924 -125.131 298.102
-107.922 -125.155 298.102
-107.922 -125.157 298.102
-107.922 -125.163 298.102
-107.922 -125.174 298.102
-107.922 -125.178 298.102
-107.923 -125.223 298.102
-107.922 -125.225 298.102
-107.920 -125.253 298.102
-107.922 -125.264 298.102
-107.923 -125.264 298.102
-107.925 -125.266 298.102
-107.928 -125.278 298.102
-107.929 -125.284 298.102
-107.930 -125.294 298.102
-107.931 -125.299 298.102
-107.932 -125.308 298.102
-107.934 -125.319 298.102
-107.936 -125.321 298.102
-107.938 -125.326 298.102
-107.941 -125.327 298.102
-107.942 -125.334 298.102
-107.943 -125.339 298.102
-107.946 -125.349 298.102
-107.948 -125.351 298.102
-107.948 -125.352 298.102
-107.949 -125.357 298.102
-107.951 -125.359 298.102
-107.952 -125.361 298.102
-107.952 -125.364 298.102
-107.954 -125.364 298.102
-107.955 -125.366 298.102
-107.956 -125.383 298.102
-107.956 -125.386 298.102
-107.956 -125.392 298.102
-107.958 -125.397 298.102
-107.958 -125.398 298.102
-107.958 -125.401 298.102
-107.960 -125.411 298.102
-107.962 -125.414 298.102
-107.962 -125.419 298.102
-107.963 -125.422 298.102
-107.963 -125.427 298.102
-107.964 -125.430 298.102
-107.964 -125.434 298.102
-107.964 -125.437 298.102
-107.965 -125.439 298.102
-107.965 -125.441 298.102
-107.965 -125.443 298.102
-107.966 -125.449 298.102
-107.966 -125.450 298.102
-107.966 -125.451 298.102
-107.966 -125.457 298.102
-107.967 -125.459 298.102
-107.968 -125.461 298.102
-107.968 -125.466 298.102
-107.962 -125.501 298.102
-107.956 -125.518 298.102
-107.952 -125.527 298.102
-107.951 -125.530 298.102
-107.950 -125.537 298.102
-107.949 -125.537 298.102
-107.947 -125.541 298.102
-107.944 -125.548 298.102
-107.941 -125.557 298.102
-107.941 -125.564 298.102
-107.948 -125.585 298.102
-107.949 -125.585 298.102
-107.954 -125.591 298.102
-107.956 -125.592 298.102
-107.979 -125.626 298.102
-107.982 -125.633 298.102
-107.983 -125.639 298.102
-107.980 -125.641 298.102
-107.981 -125.646 298.102
-107.983 -125.656 298.102
-107.984 -125.660 298.102
-107.984 -125.663 298.102
-107.986 -125.674 298.102
-107.985 -125.677 298.102
-107.986 -125.684 298.102
-107.988 -125.690 298.102
-107.991 -125.698 298.102
-107.997 -125.714 298.102
-108.004 -125.728 298.102
-108.012 -125.736 298.102
-108.014 -125.736 298.102
-108.016 -125.739 298.102
-108.020 -125.746 298.102
-108.028 -125.751 298.102
-108.035 -125.755 298.102
-108.038 -125.756 298.102
-108.040 -125.756 298.102
-108.043 -125.758 298.102
-108.046 -125.757 298.102
-108.047 -125.758 298.102
-108.053 -125.765 298.102
-108.058 -125.769 298.102
-108.062 -125.770 298.102
-108.065 -125.773 298.102
-108.089 -125.794 298.102
-108.116 -125.825 298.102
-108.118 -125.833 298.102
-108.136 -125.853 298.102
-108.162 -125.887 298.102
-108.166 -125.892 298.102
-108.166 -125.893 298.102
-108.167 -125.896 298.102
-108.168 -125.899 298.102
-108.167 -125.902 298.102
-108.168 -125.906 298.102
-108.168 -125.907 298.102
-108.169 -125.910 298.102
-108.171 -125.915 298.102
-108.173 -125.919 298.102
-108.174 -125.926 298.102
-108.175 -125.928 298.102
-108.179 -125.936 298.102
-108.179 -125.941 298.102
-108.178 -125.942 298.102
-108.185 -125.953 298.102
-108.185 -125.954 298.102
-108.194 -125.973 298.102
-108.195 -125.977 298.102
-108.194 -125.980 298.102
-108.194 -125.982 298.102
-108.195 -125.986 298.102
-108.196 -125.991 298.102
-108.196 -125.996 298.102
-108.196 -126.005 298.102
-108.199 -126.011 298.102
-108.200 -126.014 298.102
-108.198 -126.016 298.102
-108.199 -126.021 298.102
-108.202 -126.026 298.102
-108.199 -126.028 298.102
-108.203 -126.036 298.102
-108.201 -126.040 298.102
-108.201 -126.041 298.102
-108.203 -126.045 298.102
-108.203 -126.046 298.102
-108.201 -126.049 298.102
-108.204 -126.058 298.102
-108.205 -126.062 298.102
-108.207 -126.066 298.102
-108.212 -126.081 298.102
-108.214 -126.091 298.102
-108.218 -126.104 298.102
-108.217 -126.106 298.102
-108.220 -126.114 298.102
-108.224 -126.126 298.102
-108.226 -126.130 298.102
-108.226 -126.138 298.102
-108.227 -126.147 298.102
-108.227 -126.150 298.102
-108.227 -126.151 298.102
-108.228 -126.153 298.102
-108.227 -126.156 298.102
-108.227 -126.165 298.102
-108.232 -126.176 298.102
-108.232 -126.178 298.102
-108.234 -126.186 298.102
-108.246 -126.214 298.102
-108.247 -126.217 298.102
-108.248 -126.223 298.102
-108.249 -126.233 298.102
-108.250 -126.236 298.102
-108.249 -126.238 298.102
-108.250 -126.243 298.102
-108.250 -126.244 298.102
-108.251 -126.247 298.102
-108.252 -126.250 298.102
-108.253 -126.254 298.102
-108.252 -126.256 298.102
-108.252 -126.259 298.102
-108.255 -126.274 298.102
-108.255 -126.284 298.102
-108.256 -126.296 298.102
-108.259 -126.312 298.102
-108.261 -126.319 298.102
-108.266 -126.332 298.102
-108.269 -126.341 298.102
-108.273 -126.353 298.102
-108.273 -126.354 298.102
-108.285 -126.385 298.102
-108.289 -126.395 298.102
-108.291 -126.403 298.102
-108.295 -126.413 298.102
-108.295 -126.416 298.102
-108.295 -126.418 298.102
-108.297 -126.426 298.102
-108.297 -126.429 298.102
-108.303 -126.447 298.102
-108.301 -126.449 298.102
-108.302 -126.454 298.102
-108.303 -126.457 298.102
-108.306 -126.469 298.102
-108.307 -126.472 298.102
-108.307 -126.473 298.102
-108.307 -126.477 298.102
-108.307 -126.480 298.102
-108.312 -126.494 298.102
-108.314 -126.501 298.102
-108.326 -126.531 298.102
-108.328 -126.536 298.102
-108.328 -126.538 298.102
-108.349 -126.570 298.102
-108.373 -126.570 298.102
