-97.402 -88.619 298.399
-97.403 -88.615 298.399
-97.404 -88.611 298.399
-97.406 -88.603 298.399
-97.409 -88.595 298.399
-97.412 -88.585 298.399
-97.413 -88.582 298.399
-97.414 -88.579 298.399
-97.415 -88.576 298.399
-97.417 -88.574 298.399
-97.418 -88.568 298.399
-97.419 -88.565 298.399
-97.420 -88.561 298.399
-97.421 -88.558 298.399
-97.422 -88.552 298.399
-97.424 -88.548 298.399
-97.425 -88.546 298.399
-97.426 -88.540 298.399
-97.428 -88.532 298.399
-97.430 -88.527 298.399
-97.432 -88.522 298.399
-97.433 -88.517 298.399
-97.434 -88.514 298.399
-97.435 -88.511 298.399
-97.436 -88.506 298.399
-97.437 -88.503 298.399
-97.438 -88.501 298.399
-97.439 -88.495 298.399
-97.440 -88.492 298.399
-97.441 -88.490 298.399
-97.442 -88.484 298.399
-97.444 -88.477 298.399
-97.446 -88.469 298.399
-97.447 -88.465 298.399
-97.449 -88.460 298.399
-97.450 -88.456 298.399
-97.451 -88.453 298.399
-97.452 -88.449 298.399
-97.454 -88.438 298.399
-97.456 -88.433 298.399
-97.459 -88.421 298.399
-97.460 -88.417 298.399
-97.462 -88.409 298.399
-97.463 -88.406 298.399
-97.464 -88.403 298.399
-97.465 -88.400 298.399
-97.466 -88.395 298.399
-97.467 -88.392 298.399
-97.468 -88.388 298.399
-97.469 -88.384 298.399
-97.470 -88.381 298.399
-97.471 -88.377 298.399
-97.472 -88.375 298.399
-97.473 -88.370 298.399
-97.474 -88.366 298.399
-97.476 -88.362 298.399
-97.477 -88.357 298.399
-97.478 -88.354 298.399
-97.479 -88.352 298.399
-97.480 -88.347 298.399
-97.481 -88.343 298.399
-97.482 -88.339 298.399
-97.483 -88.336 298.399
-97.485 -88.332 298.399
-97.487 -88.323 298.399
-97.489 -88.317 298.399
-97.490 -88.307 298.399
-97.493 -88.297 298.399
-97.496 -88.286 298.399
-97.497 -88.282 298.399
-97.498 -88.279 298.399
-97.499 -88.271 298.399
-97.500 -88.268 298.399
-97.501 -88.262 298.399
-97.502 -88.259 298.399
-97.504 -88.250 298.399
-97.505 -88.247 298.399
-97.506 -88.242 298.399
-97.507 -88.236 298.399
-97.508 -88.232 298.399
-97.509 -88.230 298.399
-97.510 -88.226 298.399
-97.511 -88.222 298.399
-97.512 -88.217 298.399
-97.514 -88.212 298.399
-97.515 -88.210 298.399
-97.517 -88.201 298.399
-97.518 -88.195 298.399
-97.520 -88.192 298.399
-97.521 -88.189 298.399
-97.523 -88.180 298.399
-97.524 -88.175 298.399
-97.526 -88.170 298.399
-97.528 -88.162 298.399
-97.530 -88.157 298.399
-97.532 -88.149 298.399
-97.533 -88.146 298.399
-97.536 -88.133 298.399
-97.539 -88.129 298.399
-97.540 -88.123 298.399
-97.541 -88.119 298.399
-97.542 -88.115 298.399
-97.544 -88.108 298.399
-97.546 -88.106 298.399
-97.547 -88.098 298.399
-97.549 -88.093 298.399
-97.551 -88.086 298.399
-97.552 -88.082 298.399
-97.554 -88.075 298.399
-97.555 -88.072 298.399
-97.556 -88.067 298.399
-97.558 -88.064 298.399
-97.559 -88.060 298.399
-97.560 -88.055 298.399
-97.561 -88.053 298.399
-97.562 -88.051 298.399
-97.564 -88.045 298.399
-97.565 -88.042 298.399
-97.568 -88.030 298.399
-97.569 -88.025 298.399
-97.571 -88.016 298.399
-97.572 -88.009 298.399
-97.574 -88.002 298.399
-97.575 -87.995 298.399
-97.576 -87.993 298.399
-97.577 -87.982 298.399
-97.578 -87.978 298.399
-97.579 -87.973 298.399
-97.580 -87.970 298.399
-97.581 -87.962 298.399
-97.582 -87.951 298.399
-97.583 -87.947 298.399
-97.584 -87.941 298.399
-97.585 -87.929 298.399
-97.586 -87.927 298.399
-97.588 -87.915 298.399
-97.589 -87.909 298.399
-97.590 -87.899 298.399
-97.592 -87.893 298.399
-97.595 -87.873 298.399
-97.597 -87.863 298.399
-97.599 -87.858 298.399
-97.600 -87.851 298.399
-97.603 -87.844 298.399
-97.604 -87.839 298.399
-97.605 -87.831 298.399
-97.606 -87.826 298.399
-97.609 -87.818 298.399
-97.611 -87.803 298.399
-97.616 -87.787 298.399
-97.617 -87.785 298.399
-97.618 -87.780 298.399
-97.620 -87.769 298.399
-97.621 -87.762 298.399
-97.623 -87.758 298.399
-97.625 -87.746 298.399
-97.627 -87.743 298.399
-97.629 -87.731 298.399
-97.630 -87.727 298.399
-97.631 -87.720 298.399
-97.632 -87.717 298.399
-97.634 -87.712 298.399
-97.635 -87.708 298.399
-97.636 -87.705 298.399
-97.637 -87.698 298.399
-97.639 -87.689 298.399
-97.641 -87.687 298.399
-97.642 -87.680 298.399
-97.643 -87.678 298.399
-97.644 -87.673 298.399
-97.645 -87.667 298.399
-97.646 -87.657 298.399
-97.648 -87.647 298.399
-97.649 -87.645 298.399
-97.650 -87.638 298.399
-97.652 -87.638 298.399
-97.653 -87.636 298.399
-97.655 -87.625 298.399
-97.657 -87.624 298.399
-97.658 -87.615 298.399
-97.659 -87.613 298.399
-97.660 -87.610 298.399
-97.661 -87.600 298.399
-97.662 -87.598 298.399
-97.664 -87.591 298.399
-97.668 -87.576 298.399
-97.670 -87.568 298.399
-97.673 -87.557 298.399
-97.678 -87.546 298.399
-97.679 -87.534 298.399
-97.683 -87.525 298.399
-97.689 -87.484 298.399
-97.689 -87.477 298.399
-97.688 -87.470 298.399
-97.688 -87.467 298.399
-97.688 -87.456 298.399
-97.687 -87.454 298.399
-97.687 -87.449 298.399
-97.689 -87.430 298.399
-97.692 -87.418 298.399
-97.695 -87.416 298.399
-97.696 -87.403 298.399
-97.698 -87.395 298.399
-97.700 -87.388 298.399
-97.701 -87.384 298.399
-97.702 -87.382 298.399
-97.704 -87.370 298.399
-97.705 -87.366 298.399
-97.706 -87.361 298.399
-97.707 -87.352 298.399
-97.708 -87.345 298.399
-97.709 -87.337 298.399
-97.710 -87.328 298.399
-97.711 -87.321 298.399
-97.712 -87.316 298.399
-97.713 -87.304 298.399
-97.714 -87.300 298.399
-97.715 -87.289 298.399
-97.716 -87.286 298.399
-97.717 -87.272 298.399
-97.718 -87.260 298.399
-97.719 -87.253 298.399
-97.720 -87.240 298.399
-97.721 -87.230 298.399
-97.722 -87.228 298.399
-97.723 -87.215 298.399
-97.724 -87.212 298.399
-97.725 -87.208 298.399
-97.726 -87.205 298.399
-97.727 -87.200 298.399
-97.728 -87.189 298.399
-97.729 -87.180 298.399
-97.731 -87.172 298.399
-97.733 -87.165 298.399
-97.734 -87.161 298.399
-97.736 -87.143 298.399
-97.737 -87.136 298.399
-97.738 -87.131 298.399
-97.739 -87.124 298.399
-97.740 -87.120 298.399
-97.742 -87.119 298.399
-97.743 -87.108 298.399
-97.744 -87.095 298.399
-97.745 -87.091 298.399
-97.746 -87.089 298.399
-97.747 -87.082 298.399
-97.748 -87.073 298.399
-97.749 -87.066 298.399
-97.751 -87.060 298.399
-97.752 -87.056 298.399
-97.753 -87.049 298.399
-97.754 -87.042 298.399
-97.755 -87.039 298.399
-97.756 -87.029 298.399
-97.757 -87.024 298.399
-97.758 -87.018 298.399
-97.759 -87.006 298.399
-97.761 -86.998 298.399
-97.762 -86.994 298.399
-97.763 -86.987 298.399
-97.765 -86.975 298.399
-97.766 -86.971 298.399
-97.770 -86.926 298.399
-97.769 -86.921 298.399
-97.769 -86.919 298.399
-97.769 -86.915 298.399
-97.768 -86.910 298.399
-97.768 -86.890 298.399
-97.768 -86.887 298.399
-97.768 -86.885 298.399
-97.768 -86.882 298.399
-97.768 -86.874 298.399
-97.768 -86.870 298.399
-97.768 -86.866 298.399
-97.768 -86.863 298.399
-97.768 -86.861 298.399
-97.767 -86.857 298.399
-97.767 -86.855 298.399
-97.767 -86.851 298.399
-97.766 -86.848 298.399
-97.766 -86.846 298.399
-97.768 -86.836 298.399
-97.769 -86.824 298.399
-97.771 -86.783 298.399
-97.772 -86.772 298.399
-97.774 -86.751 298.399
-97.775 -86.737 298.399
-97.776 -86.732 298.399
-97.777 -86.709 298.399
-97.778 -86.700 298.399
-97.779 -86.687 298.399
-97.780 -86.659 298.399
-97.782 -86.644 298.399
-97.783 -86.636 298.399
-97.784 -86.633 298.399
-97.785 -86.624 298.399
-97.786 -86.610 298.399
-97.787 -86.603 298.399
-97.788 -86.595 298.399
-97.789 -86.585 298.399
-97.790 -86.581 298.399
-97.791 -86.574 298.399
-97.792 -86.569 298.399
-97.793 -86.557 298.399
-97.794 -86.549 298.399
-97.795 -86.546 298.399
-97.796 -86.542 298.399
-97.796 -86.540 298.399
-97.797 -86.538 298.399
-97.797 -86.534 298.399
-97.798 -86.530 298.399
-97.798 -86.527 298.399
-97.799 -86.524 298.399
-97.800 -86.518 298.399
-97.800 -86.513 298.399
-97.801 -86.510 298.399
-97.801 -86.505 298.399
-97.801 -86.503 298.399
-97.801 -86.500 298.399
-97.803 -86.497 298.399
-97.803 -86.488 298.399
-97.804 -86.483 298.399
-97.804 -86.481 298.399
-97.805 -86.478 298.399
-97.805 -86.476 298.399
-97.806 -86.473 298.399
-97.806 -86.469 298.399
-97.807 -86.463 298.399
-97.809 -86.459 298.399
-97.809 -86.457 298.399
-97.809 -86.451 298.399
-97.810 -86.441 298.399
-97.811 -86.435 298.399
-97.811 -86.427 298.399
-97.811 -86.425 298.399
-97.811 -86.423 298.399
-97.811 -86.416 298.399
-97.811 -86.412 298.399
-97.811 -86.410 298.399
-97.811 -86.404 298.399
-97.811 -86.402 298.399
-97.811 -86.397 298.399
-97.811 -86.394 298.399
-97.811 -86.392 298.399
-97.811 -86.390 298.399
-97.811 -86.384 298.399
-97.812 -86.382 298.399
-97.812 -86.380 298.399
-97.812 -86.377 298.399
-97.812 -86.372 298.399
-97.812 -86.369 298.399
-97.812 -86.367 298.399
-97.812 -86.364 298.399
-97.812 -86.357 298.399
-97.812 -86.352 298.399
-97.812 -86.349 298.399
-97.812 -86.345 298.399
-97.813 -86.340 298.399
-97.813 -86.336 298.399
-97.813 -86.334 298.399
-97.813 -86.325 298.399
-97.814 -86.323 298.399
-97.814 -86.319 298.399
-97.814 -86.316 298.399
-97.814 -86.310 298.399
-97.814 -86.301 298.399
-97.815 -86.299 298.399
-97.815 -86.292 298.399
-97.815 -86.290 298.399
-97.815 -86.284 298.399
-97.815 -86.282 298.399
-97.816 -86.278 298.399
-97.816 -86.276 298.399
-97.816 -86.273 298.399
-97.816 -86.270 298.399
-97.816 -86.264 298.399
-97.817 -86.261 298.399
-97.817 -86.258 298.399
-97.817 -86.252 298.399
-97.817 -86.247 298.399
-97.818 -86.245 298.399
-97.818 -86.242 298.399
-97.818 -86.240 298.399
-97.818 -86.238 298.399
-97.818 -86.236 298.399
-97.818 -86.232 298.399
-97.818 -86.229 298.399
-97.819 -86.226 298.399
-97.819 -86.213 298.399
-97.819 -86.211 298.399
-97.819 -86.208 298.399
-97.819 -86.205 298.399
-97.820 -86.201 298.399
-97.820 -86.198 298.399
-97.820 -86.190 298.399
-97.820 -86.188 298.399
-97.820 -86.186 298.399
-97.820 -86.174 298.399
-97.820 -86.162 298.399
-97.820 -86.139 298.399
-97.820 -86.136 298.399
-97.821 -86.132 298.399
-97.821 -86.126 298.399
-97.822 -86.120 298.399
-97.823 -86.106 298.399
-97.824 -86.061 298.399
-97.824 -86.058 298.399
-97.824 -86.054 298.399
-97.824 -86.052 298.399
-97.823 -86.050 298.399
-97.823 -86.048 298.399
-97.823 -86.045 298.399
-97.823 -86.039 298.399
-97.823 -86.037 298.399
-97.823 -86.033 298.399
-97.823 -86.030 298.399
-97.822 -86.026 298.399
-97.822 -86.014 298.399
-97.822 -86.012 298.399
-97.822 -86.004 298.399
-97.821 -86.002 298.399
-97.820 -85.966 298.399
-97.819 -85.944 298.399
-97.819 -85.942 298.399
-97.821 -85.923 298.399
-97.822 -85.918 298.399
-97.822 -85.916 298.399
-97.823 -85.912 298.399
-97.823 -85.910 298.399
-97.823 -85.908 298.399
-97.823 -85.902 298.399
-97.824 -85.900 298.399
-97.824 -85.898 298.399
-97.824 -85.893 298.399
-97.825 -85.891 298.399
-97.825 -85.889 298.399
-97.826 -85.880 298.399
-97.827 -85.871 298.399
-97.828 -85.864 298.399
-97.829 -85.858 298.399
-97.830 -85.847 298.399
-97.831 -85.835 298.399
-97.832 -85.790 298.399
-97.832 -85.785 298.399
-97.832 -85.782 298.399
-97.832 -85.780 298.399
-97.832 -85.778 298.399
-97.832 -85.772 298.399
-97.831 -85.768 298.399
-97.831 -85.758 298.399
-97.831 -85.756 298.399
-97.831 -85.750 298.399
-97.831 -85.747 298.399
-97.831 -85.743 298.399
-97.831 -85.740 298.399
-97.831 -85.738 298.399
-97.830 -85.736 298.399
-97.830 -85.732 298.399
-97.829 -85.726 298.399
-97.829 -85.718 298.399
-97.829 -85.711 298.399
-97.829 -85.703 298.399
-97.828 -85.701 298.399
-97.828 -85.698 298.399
-97.828 -85.696 298.399
-97.828 -85.693 298.399
-97.828 -85.691 298.399
-97.828 -85.688 298.399
-97.827 -85.684 298.399
-97.827 -85.677 298.399
-97.827 -85.673 298.399
-97.827 -85.671 298.399
-97.827 -85.667 298.399
-97.826 -85.662 298.399
-97.826 -85.657 298.399
-97.826 -85.654 298.399
-97.826 -85.651 298.399
-97.826 -85.643 298.399
-97.826 -85.641 298.399
-97.826 -85.636 298.399
-97.825 -85.632 298.399
-97.824 -85.614 298.399
-97.823 -85.592 298.399
-97.822 -85.577 298.399
-97.821 -85.545 298.399
-97.820 -85.517 298.399
-97.820 -85.503 298.399
-97.820 -85.501 298.399
-97.821 -85.497 298.399
-97.822 -85.487 298.399
-97.822 -85.485 298.399
-97.822 -85.483 298.399
-97.822 -85.479 298.399
-97.822 -85.476 298.399
-97.823 -85.473 298.399
-97.823 -85.470 298.399
-97.823 -85.465 298.399
-97.824 -85.462 298.399
-97.824 -85.459 298.399
-97.824 -85.457 298.399
-97.824 -85.454 298.399
-97.825 -85.448 298.399
-97.825 -85.444 298.399
-97.825 -85.439 298.399
-97.826 -85.437 298.399
-97.826 -85.432 298.399
-97.826 -85.430 298.399
-97.826 -85.428 298.399
-97.826 -85.426 298.399
-97.827 -85.422 298.399
-97.827 -85.418 298.399
-97.827 -85.415 298.399
-97.828 -85.412 298.399
-97.828 -85.405 298.399
-97.828 -85.403 298.399
-97.829 -85.401 298.399
-97.829 -85.399 298.399
-97.829 -85.390 298.399
-97.830 -85.387 298.399
-97.830 -85.384 298.399
-97.830 -85.381 298.399
-97.830 -85.379 298.399
-97.830 -85.377 298.399
-97.831 -85.374 298.399
-97.831 -85.372 298.399
-97.831 -85.367 298.399
-97.831 -85.365 298.399
-97.832 -85.363 298.399
-97.832 -85.360 298.399
-97.832 -85.358 298.399
-97.832 -85.356 298.399
-97.832 -85.353 298.399
-97.833 -85.351 298.399
-97.833 -85.348 298.399
-97.833 -85.346 298.399
-97.833 -85.341 298.399
-97.834 -85.339 298.399
-97.834 -85.332 298.399
-97.834 -85.330 298.399
-97.834 -85.328 298.399
-97.835 -85.323 298.399
-97.835 -85.321 298.399
-97.835 -85.318 298.399
-97.836 -85.315 298.399
-97.836 -85.313 298.399
-97.836 -85.311 298.399
-97.836 -85.309 298.399
-97.836 -85.307 298.399
-97.836 -85.303 298.399
-97.838 -85.286 298.399
-97.838 -85.284 298.399
-97.838 -85.282 298.399
-97.838 -85.280 298.399
-97.839 -85.277 298.399
-97.839 -85.272 298.399
-97.839 -85.269 298.399
-97.839 -85.266 298.399
-97.839 -85.252 298.399
-97.839 -85.247 298.399
-97.839 -85.240 298.399
-97.839 -85.237 298.399
-97.839 -85.235 298.399
-97.839 -85.229 298.399
-97.839 -85.224 298.399
-97.840 -85.222 298.399
-97.840 -85.220 298.399
-97.840 -85.217 298.399
-97.840 -85.211 298.399
-97.840 -85.207 298.399
-97.840 -85.199 298.399
-97.841 -85.193 298.399
-97.841 -85.188 298.399
-97.841 -85.180 298.399
-97.841 -85.178 298.399
-97.841 -85.172 298.399
-97.842 -85.168 298.399
-97.842 -85.157 298.399
-97.842 -85.154 298.399
-97.842 -85.151 298.399
-97.842 -85.147 298.399
-97.842 -85.135 298.399
-97.843 -85.133 298.399
-97.843 -85.131 298.399
-97.843 -85.122 298.399
-97.843 -85.120 298.399
-97.843 -85.117 298.399
-97.843 -85.115 298.399
-97.843 -85.113 298.399
-97.843 -85.109 298.399
-97.843 -85.106 298.399
-97.843 -85.094 298.399
-97.844 -85.086 298.399
-97.844 -85.081 298.399
-97.844 -85.079 298.399
-97.844 -85.075 298.399
-97.844 -85.070 298.399
-97.844 -85.063 298.399
-97.844 -85.061 298.399
-97.843 -85.035 298.399
-97.841 -84.997 298.399
-97.840 -84.963 298.399
-97.839 -84.955 298.399
-97.838 -84.943 298.399
-97.836 -84.901 298.399
-97.836 -84.899 298.399
-97.836 -84.894 298.399
-97.836 -84.890 298.399
-97.836 -84.885 298.399
-97.835 -84.855 298.399
-97.835 -84.853 298.399
-97.835 -84.850 298.399
-97.835 -84.846 298.399
-97.835 -84.843 298.399
-97.835 -84.836 298.399
-97.835 -84.831 298.399
-97.835 -84.829 298.399
-97.835 -84.821 298.399
-97.835 -84.813 298.399
-97.835 -84.808 298.399
-97.835 -84.800 298.399
-97.835 -84.789 298.399
-97.835 -84.783 298.399
-97.835 -84.781 298.399
-97.835 -84.778 298.399
-97.835 -84.758 298.399
-97.835 -84.753 298.399
-97.835 -84.745 298.399
-97.835 -84.743 298.399
-97.834 -84.713 298.399
-97.834 -84.709 298.399
-97.834 -84.696 298.399
-97.834 -84.688 298.399
-97.834 -84.683 298.399
-97.834 -84.681 298.399
-97.834 -84.676 298.399
-97.834 -84.670 298.399
-97.834 -84.668 298.399
-97.834 -84.647 298.399
-97.834 -84.641 298.399
-97.834 -84.636 298.399
-97.834 -84.628 298.399
-97.834 -84.621 298.399
-97.833 -84.591 298.399
-97.833 -84.586 298.399
-97.833 -84.578 298.399
-97.833 -84.572 298.399
-97.833 -84.548 298.399
-97.832 -84.512 298.399
-97.831 -84.499 298.399
-97.831 -84.481 298.399
-97.833 -84.468 298.399
-97.833 -84.451 298.399
-97.833 -84.445 298.399
-97.833 -84.433 298.399
-97.834 -84.430 298.399
-97.834 -84.409 298.399
-97.834 -84.378 298.399
-97.834 -84.376 298.399
-97.835 -84.352 298.399
-97.835 -84.338 298.399
-97.836 -84.325 298.399
-97.837 -84.305 298.399
-97.837 -84.297 298.399
-97.837 -84.292 298.399
-97.837 -84.283 298.399
-97.834 -84.240 298.399
-97.832 -84.218 298.399
-97.830 -84.209 298.399
-97.828 -84.187 298.399
-97.827 -84.185 298.399
-97.825 -84.169 298.399
-97.824 -84.163 298.399
-97.823 -84.156 298.399
-97.820 -84.135 298.399
-97.819 -84.119 298.399
-97.818 -84.096 298.399
-97.818 -84.091 298.399
-97.818 -84.089 298.399
-97.817 -84.069 298.399
-97.816 -84.051 298.399
-97.816 -84.045 298.399
-97.815 -84.019 298.399
-97.815 -84.014 298.399
-97.815 -84.005 298.399
-97.814 -83.986 298.399
-97.814 -83.984 298.399
-97.812 -83.949 298.399
-97.812 -83.946 298.399
-97.812 -83.932 298.399
-97.811 -83.915 298.399
-97.810 -83.893 298.399
-97.809 -83.872 298.399
-97.809 -83.861 298.399
-97.808 -83.845 298.399
-97.807 -83.820 298.399
-97.806 -83.778 298.399
-97.804 -83.741 298.399
-97.802 -83.718 298.399
-97.801 -83.705 298.399
-97.800 -83.691 298.399
-97.798 -83.682 298.399
-97.793 -83.640 298.399
-97.791 -83.634 298.399
-97.792 -83.615 298.399
-97.790 -83.611 298.399
-97.788 -83.605 298.399
-97.787 -83.585 298.399
-97.785 -83.581 298.399
-97.785 -83.576 298.399
-97.783 -83.567 298.399
-97.785 -83.546 298.399
-97.786 -83.535 298.399
-97.787 -83.518 298.399
-97.788 -83.511 298.399
-97.788 -83.468 298.399
-97.788 -83.462 298.399
-97.788 -83.458 298.399
-97.787 -83.449 298.399
-97.787 -83.447 298.399
-97.786 -83.444 298.399
-97.786 -83.442 298.399
-97.786 -83.438 298.399
-97.786 -83.436 298.399
-97.784 -83.421 298.399
-97.784 -83.416 298.399
-97.784 -83.413 298.399
-97.783 -83.411 298.399
-97.783 -83.405 298.399
-97.783 -83.403 298.399
-97.782 -83.396 298.399
-97.781 -83.391 298.399
-97.781 -83.389 298.399
-97.781 -83.382 298.399
-97.781 -83.380 298.399
-97.780 -83.378 298.399
-97.780 -83.375 298.399
-97.780 -83.371 298.399
-97.779 -83.362 298.399
-97.778 -83.360 298.399
-97.778 -83.357 298.399
-97.777 -83.355 298.399
-97.777 -83.342 298.399
-97.777 -83.337 298.399
-97.777 -83.333 298.399
-97.777 -83.331 298.399
-97.777 -83.329 298.399
-97.776 -83.327 298.399
-97.776 -83.321 298.399
-97.776 -83.318 298.399
-97.775 -83.312 298.399
-97.775 -83.306 298.399
-97.775 -83.302 298.399
-97.775 -83.298 298.399
-97.775 -83.294 298.399
-97.774 -83.289 298.399
-97.774 -83.287 298.399
-97.774 -83.285 298.399
-97.773 -83.281 298.399
-97.773 -83.275 298.399
-97.773 -83.265 298.399
-97.773 -83.262 298.399
-97.773 -83.260 298.399
-97.772 -83.255 298.399
-97.773 -83.229 298.399
-97.771 -83.223 298.399
-97.770 -83.205 298.399
-97.770 -83.184 298.399
-97.770 -83.182 298.399
-97.769 -83.179 298.399
-97.769 -83.175 298.399
-97.768 -83.167 298.399
-97.768 -83.154 298.399
-97.768 -83.149 298.399
-97.767 -83.111 298.399
-97.767 -83.099 298.399
-97.767 -83.094 298.399
-97.767 -83.089 298.399
-97.767 -83.085 298.399
-97.765 -83.068 298.399
-97.763 -83.051 298.399
-97.762 -83.039 298.399
-97.762 -83.032 298.399
-97.761 -83.030 298.399
-97.760 -83.019 298.399
-97.760 -83.017 298.399
-97.759 -83.006 298.399
-97.758 -83.004 298.399
-97.758 -82.999 298.399
-97.757 -82.987 298.399
-97.756 -82.974 298.399
-97.756 -82.972 298.399
-97.756 -82.969 298.399
-97.756 -82.967 298.399
-97.755 -82.964 298.399
-97.754 -82.958 298.399
-97.753 -82.946 298.399
-97.753 -82.943 298.399
-97.753 -82.937 298.399
-97.752 -82.933 298.399
-97.752 -82.931 298.399
-97.752 -82.925 298.399
-97.751 -82.920 298.399
-97.750 -82.912 298.399
-97.751 -82.895 298.399
-97.749 -82.894 298.399
-97.748 -82.891 298.399
-97.748 -82.879 298.399
