-93.803 -82.203 301.026
-93.794 -82.204 301.026
-93.791 -82.207 301.026
-93.792 -82.222 301.026
-93.793 -82.225 301.026
-93.793 -82.231 301.026
-93.795 -82.239 301.026
-93.796 -82.248 301.026
-93.797 -82.251 301.026
-93.798 -82.253 301.026
-93.801 -82.264 301.026
-93.799 -82.273 301.026
-93.800 -82.277 301.026
-93.800 -82.281 301.026
-93.802 -82.284 301.026
-93.802 -82.287 301.026
-93.806 -82.289 301.026
-93.806 -82.298 301.026
-93.808 -82.314 301.027
-93.809 -82.316 301.027
-93.808 -82.322 301.027
-93.806 -82.342 301.027
-93.806 -82.352 301.027
-93.807 -82.354 301.027
-93.804 -82.371 301.027
-93.804 -82.375 301.027
-93.805 -82.378 301.027
-93.804 -82.382 301.027
-93.804 -82.385 301.027
-93.803 -82.392 301.027
-93.802 -82.404 301.027
-93.801 -82.418 301.027
-93.803 -82.424 301.027
-93.802 -82.429 301.027
-93.802 -82.433 301.027
-93.801 -82.437 301.027
-93.804 -82.455 301.027
-93.805 -82.465 301.027
-93.807 -82.472 301.027
-93.809 -82.476 301.027
-93.809 -82.505 301.027
-93.810 -82.523 301.027
-93.811 -82.544 301.027
-93.809 -82.577 301.028
-93.809 -82.606 301.028
-93.809 -82.639 301.028
-93.809 -82.645 301.028
-93.811 -82.653 301.028
-93.814 -82.654 301.028
-93.816 -82.663 301.028
-93.816 -82.668 301.028
-93.816 -82.686 301.028
-93.816 -82.697 301.028
-93.816 -82.706 301.028
-93.817 -82.708 301.028
-93.814 -82.731 301.028
-93.817 -82.735 301.028
-93.807 -82.778 301.028
-93.802 -82.799 301.029
-93.799 -82.805 301.029
-93.797 -82.813 301.029
-93.796 -82.830 301.029
-93.795 -82.834 301.029
-93.794 -82.845 301.029
-93.792 -82.851 301.029
-93.791 -82.860 301.029
-93.790 -82.862 301.029
-93.789 -82.864 301.029
-93.787 -82.870 301.029
-93.786 -82.882 301.029
-93.784 -82.890 301.029
-93.783 -82.901 301.029
-93.782 -82.914 301.029
-93.781 -82.920 301.029
-93.780 -82.929 301.029
-93.778 -82.932 301.029
-93.776 -82.938 301.029
-93.773 -82.945 301.029
-93.769 -82.954 301.029
-93.768 -82.958 301.029
-93.764 -82.967 301.029
-93.762 -82.974 301.029
-93.758 -82.984 301.029
-93.757 -82.990 301.029
-93.752 -83.027 301.030
-93.751 -83.034 301.030
-93.750 -83.037 301.030
-93.748 -83.048 301.030
-93.745 -83.056 301.030
-93.744 -83.066 301.030
-93.743 -83.069 301.030
-93.741 -83.071 301.030
-93.740 -83.075 301.030
-93.739 -83.080 301.030
-93.737 -83.092 301.030
-93.735 -83.100 301.030
-93.732 -83.109 301.030
-93.729 -83.114 301.030
-93.728 -83.116 301.030
-93.727 -83.118 301.030
-93.725 -83.124 301.030
-93.721 -83.131 301.030
-93.720 -83.138 301.030
-93.718 -83.139 301.030
-93.716 -83.140 301.030
-93.713 -83.145 301.030
-93.711 -83.148 301.030
-93.705 -83.156 301.030
-93.704 -83.158 301.030
-93.702 -83.163 301.030
-93.699 -83.167 301.030
-93.697 -83.170 301.030
-93.695 -83.173 301.030
-93.691 -83.175 301.030
-93.685 -83.193 301.030
-93.683 -83.195 301.030
-93.680 -83.199 301.030
-93.676 -83.199 301.030
-93.672 -83.202 301.030
-93.669 -83.210 301.030
-93.667 -83.217 301.030
-93.664 -83.219 301.030
-93.662 -83.223 301.030
-93.657 -83.229 301.030
-93.653 -83.232 301.030
-93.652 -83.235 301.030
-93.649 -83.241 301.030
-93.643 -83.244 301.030
-93.640 -83.253 301.030
-93.636 -83.255 301.030
-93.633 -83.260 301.030
-93.632 -83.263 301.031
-93.631 -83.267 301.031
-93.629 -83.270 301.031
-93.623 -83.275 301.031
-93.620 -83.277 301.031
-93.618 -83.282 301.031
-93.612 -83.288 301.031
-93.610 -83.291 301.031
-93.608 -83.296 301.031
-93.606 -83.299 301.031
-93.599 -83.306 301.031
-93.597 -83.310 301.031
-93.595 -83.313 301.031
-93.594 -83.316 301.031
-93.591 -83.317 301.031
-93.586 -83.325 301.031
-93.584 -83.328 301.031
-93.575 -83.339 301.031
-93.572 -83.343 301.031
-93.567 -83.351 301.031
-93.561 -83.359 301.031
-93.557 -83.364 301.031
-93.554 -83.373 301.031
-93.549 -83.375 301.031
-93.544 -83.382 301.031
-93.541 -83.385 301.031
-93.530 -83.402 301.031
-93.528 -83.404 301.031
-93.525 -83.409 301.031
-93.521 -83.414 301.031
-93.519 -83.417 301.031
-93.517 -83.420 301.031
-93.512 -83.428 301.031
-93.508 -83.435 301.031
-93.506 -83.439 301.031
-93.504 -83.440 301.031
-93.503 -83.442 301.031
-93.501 -83.444 301.031
-93.500 -83.446 301.031
-93.498 -83.448 301.031
-93.496 -83.451 301.031
-93.495 -83.454 301.031
-93.493 -83.459 301.031
-93.489 -83.463 301.031
-93.488 -83.465 301.031
-93.483 -83.470 301.031
-93.482 -83.472 301.031
-93.481 -83.474 301.031
-93.477 -83.481 301.031
-93.475 -83.483 301.031
-93.472 -83.489 301.031
-93.470 -83.490 301.031
-93.467 -83.494 301.031
-93.465 -83.497 301.031
-93.464 -83.500 301.031
-93.462 -83.502 301.031
-93.459 -83.508 301.032
-93.456 -83.510 301.032
-93.453 -83.515 301.032
-93.452 -83.518 301.032
-93.448 -83.523 301.032
-93.445 -83.528 301.032
-93.444 -83.530 301.032
-93.442 -83.531 301.032
-93.438 -83.538 301.032
-93.436 -83.542 301.032
-93.435 -83.544 301.032
-93.433 -83.547 301.032
-93.430 -83.549 301.032
-93.428 -83.553 301.032
-93.425 -83.557 301.032
-93.424 -83.559 301.032
-93.422 -83.561 301.032
-93.421 -83.563 301.032
-93.419 -83.567 301.032
-93.416 -83.575 301.032
-93.413 -83.584 301.032
-93.410 -83.593 301.032
-93.409 -83.595 301.032
-93.408 -83.597 301.032
-93.407 -83.599 301.032
-93.399 -83.622 301.032
-93.396 -83.632 301.032
-93.393 -83.638 301.032
-93.389 -83.652 301.032
-93.386 -83.662 301.032
-93.385 -83.665 301.032
-93.382 -83.675 301.032
-93.380 -83.679 301.032
-93.375 -83.699 301.032
-93.371 -83.716 301.032
-93.372 -83.719 301.032
-93.373 -83.723 301.032
-93.372 -83.743 301.033
-93.370 -83.760 301.033
-93.370 -83.767 301.033
-93.371 -83.771 301.033
-93.370 -83.782 301.033
-93.370 -83.786 301.033
-93.369 -83.792 301.033
-93.365 -83.813 301.033
-93.359 -83.841 301.033
-93.358 -83.843 301.033
-93.356 -83.854 301.033
-93.354 -83.859 301.033
-93.353 -83.867 301.033
-93.348 -83.905 301.033
-93.346 -83.919 301.033
-93.348 -83.937 301.033
-93.350 -83.970 301.033
-93.350 -83.994 301.034
-93.350 -84.008 301.034
-93.355 -84.025 301.034
-93.360 -84.043 301.034
-93.365 -84.070 301.034
-93.368 -84.080 301.034
-93.376 -84.120 301.034
-93.377 -84.130 301.034
-93.382 -84.159 301.034
-93.386 -84.163 301.034
-93.392 -84.172 301.034
-93.398 -84.182 301.034
-93.404 -84.196 301.034
-93.408 -84.195 301.034
-93.412 -84.207 301.034
-93.416 -84.212 301.034
-93.419 -84.216 301.034
-93.423 -84.227 301.035
-93.425 -84.231 301.035
-93.430 -84.251 301.035
-93.435 -84.290 301.035
-93.441 -84.311 301.035
-93.442 -84.319 301.035
-93.451 -84.348 301.035
-93.460 -84.368 301.035
-93.466 -84.380 301.035
-93.468 -84.384 301.035
-93.472 -84.393 301.035
-93.476 -84.401 301.035
-93.480 -84.406 301.035
-93.495 -84.426 301.035
-93.507 -84.451 301.035
-93.512 -84.463 301.036
-93.512 -84.470 301.036
-93.522 -84.495 301.036
-93.521 -84.501 301.036
-93.523 -84.506 301.036
-93.524 -84.509 301.036
-93.534 -84.530 301.036
-93.538 -84.533 301.036
-93.543 -84.540 301.036
-93.553 -84.557 301.036
-93.560 -84.565 301.036
-93.576 -84.600 301.036
-93.587 -84.624 301.036
-93.600 -84.649 301.036
-93.617 -84.674 301.036
-93.632 -84.705 301.037
-93.635 -84.704 301.037
-93.647 -84.734 301.037
-93.659 -84.776 301.037
-93.666 -84.793 301.037
-93.671 -84.812 301.037
-93.672 -84.819 301.037
-93.681 -84.857 301.037
-93.686 -84.875 301.037
-93.698 -84.913 301.037
-93.699 -84.918 301.037
-93.701 -84.923 301.037
-93.708 -84.935 301.037
-93.712 -84.940 301.038
-93.727 -84.963 301.038
-93.729 -84.965 301.038
-93.735 -84.976 301.038
-93.742 -84.984 301.038
-93.745 -84.987 301.038
-93.761 -85.024 301.038
-93.763 -85.038 301.038
-93.780 -85.076 301.038
-93.781 -85.079 301.038
-93.785 -85.087 301.038
-93.802 -85.119 301.038
-93.810 -85.135 301.038
-93.812 -85.137 301.038
-93.820 -85.150 301.038
-93.825 -85.159 301.038
-93.831 -85.170 301.038
-93.832 -85.172 301.038
-93.838 -85.184 301.039
-93.852 -85.212 301.039
-93.859 -85.234 301.039
-93.867 -85.245 301.039
-93.872 -85.253 301.039
-93.878 -85.262 301.039
-93.886 -85.273 301.039
-93.891 -85.282 301.039
-93.904 -85.298 301.039
-93.924 -85.335 301.039
-93.926 -85.341 301.039
-93.936 -85.360 301.039
-93.944 -85.376 301.039
-93.945 -85.380 301.039
-93.952 -85.390 301.039
-93.966 -85.407 301.039
-93.969 -85.406 301.039
-93.972 -85.412 301.039
-93.975 -85.416 301.039
-93.978 -85.420 301.040
-93.992 -85.431 301.040
-94.000 -85.438 301.040
-94.006 -85.443 301.040
-94.008 -85.445 301.040
-94.011 -85.448 301.040
-94.013 -85.450 301.040
-94.017 -85.451 301.040
-94.026 -85.459 301.040
-94.033 -85.465 301.040
-94.039 -85.467 301.040
-94.046 -85.475 301.040
-94.048 -85.479 301.040
-94.051 -85.484 301.040
-94.065 -85.519 301.040
-94.076 -85.556 301.040
-94.078 -85.559 301.040
-94.079 -85.562 301.040
-94.084 -85.570 301.040
-94.090 -85.583 301.040
-94.097 -85.598 301.040
-94.102 -85.606 301.040
-94.105 -85.620 301.040
-94.107 -85.625 301.040
-94.111 -85.633 301.040
-94.116 -85.650 301.040
-94.126 -85.670 301.041
-94.128 -85.676 301.041
-94.140 -85.703 301.041
-94.145 -85.712 301.041
-94.148 -85.719 301.041
-94.165 -85.757 301.041
-94.167 -85.758 301.041
-94.187 -85.796 301.041
-94.196 -85.817 301.041
-94.207 -85.842 301.041
-94.210 -85.849 301.041
-94.215 -85.857 301.041
-94.233 -85.895 301.041
-94.235 -85.908 301.042
-94.238 -85.915 301.042
-94.242 -85.929 301.042
-94.250 -85.955 301.042
-94.255 -85.968 301.042
-94.258 -85.978 301.042
-94.273 -86.020 301.042
-94.281 -86.028 301.042
-94.292 -86.045 301.042
-94.304 -86.060 301.042
-94.306 -86.062 301.042
-94.319 -86.084 301.042
-94.324 -86.087 301.042
-94.329 -86.095 301.042
-94.333 -86.098 301.042
-94.336 -86.102 301.042
-94.343 -86.112 301.042
-94.348 -86.121 301.042
-94.354 -86.128 301.042
-94.372 -86.163 301.043
-94.384 -86.189 301.043
-94.385 -86.192 301.043
-94.392 -86.208 301.043
-94.403 -86.228 301.043
-94.405 -86.232 301.043
-94.410 -86.241 301.043
-94.411 -86.243 301.043
-94.419 -86.259 301.043
-94.422 -86.262 301.043
-94.430 -86.279 301.043
-94.433 -86.282 301.043
-94.436 -86.287 301.043
-94.440 -86.295 301.043
-94.442 -86.299 301.043
-94.447 -86.307 301.043
-94.449 -86.309 301.043
-94.456 -86.322 301.043
-94.461 -86.329 301.043
-94.463 -86.332 301.043
-94.466 -86.337 301.043
-94.469 -86.343 301.043
-94.472 -86.349 301.043
-94.479 -86.362 301.043
-94.486 -86.375 301.044
-94.490 -86.379 301.044
-94.495 -86.389 301.044
-94.497 -86.394 301.044
-94.500 -86.399 301.044
-94.506 -86.410 301.044
-94.510 -86.416 301.044
-94.515 -86.423 301.044
-94.517 -86.425 301.044
-94.521 -86.433 301.044
-94.524 -86.439 301.044
-94.526 -86.440 301.044
-94.531 -86.452 301.044
-94.537 -86.461 301.044
-94.540 -86.465 301.044
-94.541 -86.467 301.044
-94.544 -86.470 301.044
-94.546 -86.475 301.044
-94.547 -86.477 301.044
-94.549 -86.479 301.044
-94.551 -86.485 301.044
-94.553 -86.487 301.044
-94.557 -86.498 301.044
-94.560 -86.503 301.044
-94.562 -86.504 301.044
-94.565 -86.513 301.044
-94.568 -86.521 301.044
-94.571 -86.529 301.044
-94.573 -86.531 301.044
-94.575 -86.535 301.044
-94.576 -86.537 301.044
-94.581 -86.549 301.044
-94.583 -86.555 301.044
-94.584 -86.558 301.044
-94.587 -86.559 301.044
-94.588 -86.561 301.044
-94.590 -86.569 301.044
-94.603 -86.602 301.044
-94.606 -86.615 301.045
-94.605 -86.620 301.045
-94.607 -86.637 301.045
-94.613 -86.677 301.045
-94.615 -86.691 301.045
-94.616 -86.700 301.045
-94.624 -86.717 301.045
-94.621 -86.720 301.045
-94.622 -86.725 301.045
-94.622 -86.733 301.045
-94.623 -86.738 301.045
-94.622 -86.741 301.045
-94.623 -86.744 301.045
-94.624 -86.751 301.045
-94.624 -86.757 301.045
-94.625 -86.761 301.045
-94.628 -86.776 301.045
-94.629 -86.781 301.045
-94.628 -86.788 301.045
-94.630 -86.794 301.045
-94.631 -86.799 301.045
-94.634 -86.807 301.045
-94.633 -86.809 301.045
-94.632 -86.811 301.045
-94.632 -86.819 301.045
-94.635 -86.823 301.045
-94.649 -86.849 301.045
-94.659 -86.866 301.046
-94.666 -86.875 301.046
-94.669 -86.877 301.046
-94.686 -86.902 301.046
-94.695 -86.914 301.046
-94.699 -86.920 301.046
-94.701 -86.923 301.046
-94.710 -86.936 301.046
-94.724 -86.956 301.046
-94.747 -86.992 301.046
-94.748 -86.994 301.046
-94.749 -86.997 301.046
-94.750 -86.999 301.046
-94.751 -87.002 301.046
-94.753 -87.007 301.046
-94.756 -87.014 301.046
-94.758 -87.018 301.046
-94.761 -87.026 301.046
-94.762 -87.028 301.046
-94.763 -87.031 301.046
-94.764 -87.033 301.046
-94.767 -87.041 301.046
-94.767 -87.045 301.046
-94.773 -87.059 301.046
-94.774 -87.062 301.046
-94.776 -87.066 301.046
-94.778 -87.074 301.046
-94.783 -87.085 301.046
-94.786 -87.093 301.046
-94.788 -87.098 301.047
-94.795 -87.116 301.047
-94.796 -87.119 301.047
-94.797 -87.122 301.047
-94.799 -87.126 301.047
-94.803 -87.134 301.047
-94.804 -87.138 301.047
-94.812 -87.155 301.047
-94.815 -87.162 301.047
-94.824 -87.180 301.047
-94.830 -87.192 301.047
-94.833 -87.198 301.047
-94.835 -87.202 301.047
-94.838 -87.209 301.047
-94.840 -87.213 301.047
-94.853 -87.239 301.047
-94.865 -87.264 301.047
-94.873 -87.280 301.047
-94.880 -87.292 301.047
-94.882 -87.295 301.047
-94.888 -87.306 301.047
-94.893 -87.315 301.047
-94.896 -87.319 301.047
-94.900 -87.327 301.047
-94.905 -87.336 301.048
-94.910 -87.344 301.048
-94.915 -87.351 301.048
-94.917 -87.355 301.048
-94.918 -87.357 301.048
-94.921 -87.362 301.048
-94.928 -87.373 301.048
-94.931 -87.374 301.048
-94.933 -87.377 301.048
-94.936 -87.382 301.048
-94.945 -87.398 301.048
-94.947 -87.400 301.048
-94.953 -87.408 301.048
-94.956 -87.412 301.048
-94.959 -87.418 301.048
-94.960 -87.420 301.048
-94.963 -87.419 301.048
-94.969 -87.431 301.048
-94.975 -87.437 301.048
-94.978 -87.440 301.048
-94.983 -87.443 301.048
-94.985 -87.446 301.048
-94.989 -87.448 301.048
-94.993 -87.455 301.048
-94.995 -87.457 301.048
-94.996 -87.459 301.048
-94.999 -87.460 301.048
-95.002 -87.466 301.048
-95.005 -87.468 301.048
-95.009 -87.473 301.048
-95.011 -87.476 301.048
-95.023 -87.486 301.048
-95.026 -87.491 301.048
-95.037 -87.503 301.048
-95.044 -87.511 301.048
-95.050 -87.519 301.048
-95.060 -87.541 301.048
-95.068 -87.556 301.048
-95.071 -87.563 301.048
-95.075 -87.573 301.049
-95.084 -87.596 301.049
-95.089 -87.618 301.049
-95.092 -87.626 301.049
-95.093 -87.628 301.049
-95.094 -87.630 301.049
-95.094 -87.633 301.049
-95.097 -87.643 301.049
-95.102 -87.656 301.049
-95.102 -87.659 301.049
-95.104 -87.667 301.049
-95.105 -87.673 301.049
-95.106 -87.677 301.049
-95.108 -87.685 301.049
-95.111 -87.692 301.049
-95.115 -87.701 301.049
-95.114 -87.703 301.049
-95.122 -87.723 301.049
-95.128 -87.746 301.049
-95.131 -87.754 301.049
-95.141 -87.780 301.049
-95.137 -87.782 301.049
-95.141 -87.793 301.049
-95.145 -87.803 301.049
-95.145 -87.806 301.049
-95.147 -87.818 301.050
-95.148 -87.822 301.050
-95.150 -87.832 301.050
-95.157 -87.846 301.050
-95.161 -87.856 301.050
-95.165 -87.867 301.050
-95.167 -87.871 301.050
-95.171 -87.877 301.050
-95.193 -87.910 301.050
-95.205 -87.930 301.050
-95.212 -87.941 301.050
-95.217 -87.946 301.050
-95.233 -87.966 301.050
-95.245 -87.983 301.050
-95.260 -88.002 301.050
-95.289 -88.036 301.050
-95.290 -88.038 301.050
-95.293 -88.043 301.050
-95.309 -88.061 301.051
-95.317 -88.070 301.051
-95.320 -88.073 301.051
-95.322 -88.074 301.051
-95.328 -88.081 301.051
-95.338 -88.090 301.051
-95.341 -88.093 301.051
-95.346 -88.099 301.051
-95.349 -88.101 301.051
-95.361 -88.115 301.051
-95.371 -88.125 301.051
-95.373 -88.127 301.051
-95.378 -88.130 301.051
-95.394 -88.148 301.051
-95.409 -88.163 301.051
-95.418 -88.172 301.051
-95.425 -88.181 301.051
-95.430 -88.184 301.051
-95.450 -88.210 301.051
-95.454 -88.214 301.051
-95.457 -88.218 301.051
-95.471 -88.237 301.051
-95.479 -88.248 301.051
-95.485 -88.254 301.051
-95.510 -88.289 301.051
-95.520 -88.304 301.052
-95.536 -88.329 301.052
-95.550 -88.347 301.052
-95.553 -88.354 301.052
-95.556 -88.357 301.052
-95.568 -88.370 301.052
-95.571 -88.371 301.052
-95.588 -88.387 301.052
-95.591 -88.389 301.052
-95.619 -88.413 301.052
-95.626 -88.418 301.052
-95.634 -88.426 301.052
-95.643 -88.434 301.052
-95.649 -88.438 301.052
-95.660 -88.442 301.052
-95.667 -88.448 301.052
-95.669 -88.449 301.052
-95.672 -88.451 301.052
-95.675 -88.452 301.052
-95.680 -88.457 301.052
-95.703 -88.486 301.052
-95.717 -88.505 301.052
-95.727 -88.517 301.052
-95.740 -88.531 301.053
-95.744 -88.530 301.053
-95.763 -88.555 301.053
-95.766 -88.559 301.053
-95.781 -88.574 301.053
-95.786 -88.580 301.053
-95.792 -88.586 301.053
-95.797 -88.593 301.053
-95.800 -88.593 301.053
-95.822 -88.630 301.053
-95.824 -88.629 301.053
-95.838 -88.653 301.053
-95.846 -88.676 301.053
-95.849 -88.679 301.053
-95.852 -88.681 301.053
