-94.548 -81.707 291.997
-94.544 -81.707 291.997
-94.522 -81.694 291.997
-94.503 -81.682 291.997
-94.482 -81.669 291.997
-94.461 -81.655 291.997
-94.439 -81.641 291.997
-94.432 -81.637 291.997
-94.430 -81.636 291.997
-94.400 -81.616 291.997
-94.380 -81.603 291.997
-94.372 -81.598 291.997
-94.359 -81.586 291.997
-94.334 -81.565 291.997
-94.312 -81.546 291.997
-94.308 -81.541 291.997
-94.298 -81.532 291.997
-94.270 -81.510 291.997
-94.252 -81.495 291.997
-94.229 -81.477 291.997
-94.218 -81.468 291.997
-94.216 -81.467 291.997
-94.199 -81.454 291.997
-94.187 -81.445 291.997
-94.151 -81.417 291.997
-94.119 -81.391 291.997
-94.112 -81.386 291.997
-94.089 -81.366 291.997
-94.079 -81.357 291.997
-94.059 -81.338 291.997
-94.056 -81.333 291.997
-94.050 -81.326 291.997
-94.047 -81.320 291.997
-94.045 -81.316 291.997
-94.029 -81.289 291.997
-94.024 -81.281 291.997
-94.015 -81.266 291.997
-93.995 -81.232 291.997
-93.982 -81.211 291.997
-93.980 -81.209 291.997
-93.958 -81.176 291.997
-93.952 -81.169 291.997
-93.948 -81.164 291.997
-93.945 -81.162 291.997
-93.938 -81.153 291.997
-93.933 -81.146 291.997
-93.915 -81.122 291.997
-93.903 -81.109 291.997
-93.896 -81.102 291.997
-93.889 -81.093 291.997
-93.885 -81.091 291.997
-93.882 -81.088 291.997
-93.871 -81.077 291.997
-93.864 -81.068 291.997
-93.862 -81.066 291.997
-93.859 -81.063 291.997
-93.853 -81.055 291.997
-93.851 -81.055 291.997
-93.849 -81.054 291.997
-93.838 -81.042 291.997
-93.835 -81.040 291.997
-93.820 -81.021 291.997
-93.816 -81.018 291.997
-93.811 -81.012 291.997
-93.785 -80.980 291.997
-93.768 -80.959 291.997
-93.748 -80.934 291.997
-93.740 -80.924 291.997
-93.736 -80.920 291.997
-93.733 -80.917 291.997
-93.730 -80.914 291.997
-93.724 -80.907 291.997
-93.722 -80.905 291.997
-93.719 -80.904 291.997
-93.716 -80.902 291.997
-93.712 -80.899 291.997
-93.699 -80.886 291.997
-93.692 -80.879 291.997
-93.682 -80.870 291.997
-93.676 -80.863 291.997
-93.672 -80.861 291.997
-93.667 -80.855 291.997
-93.657 -80.846 291.997
-93.654 -80.844 291.997
-93.649 -80.838 291.997
-93.645 -80.835 291.997
-93.643 -80.833 291.997
-93.636 -80.826 291.997
-93.630 -80.820 291.997
-93.627 -80.818 291.997
-93.623 -80.817 291.997
-93.618 -80.813 291.997
-93.613 -80.808 291.997
-93.611 -80.806 291.997
-93.609 -80.805 291.997
-93.605 -80.803 291.997
-93.603 -80.801 291.997
-93.599 -80.797 291.997
-93.597 -80.795 291.997
-93.593 -80.794 291.997
-93.587 -80.788 291.997
-93.585 -80.787 291.997
-93.583 -80.785 291.997
-93.579 -80.783 291.997
-93.576 -80.780 291.997
-93.573 -80.779 291.997
-93.561 -80.768 291.997
-93.555 -80.764 291.997
-93.549 -80.759 291.997
-93.544 -80.754 291.997
-93.541 -80.751 291.997
-93.538 -80.749 291.997
-93.534 -80.746 291.997
-93.527 -80.739 291.997
-93.524 -80.736 291.997
-93.522 -80.734 291.997
-93.520 -80.732 291.997
-93.510 -80.721 291.997
-93.507 -80.718 291.997
-93.505 -80.716 291.997
-93.501 -80.712 291.997
-93.491 -80.702 291.997
-93.478 -80.688 291.997
-93.476 -80.686 291.997
-93.474 -80.684 291.997
-93.464 -80.673 291.997
-93.462 -80.671 291.997
-93.460 -80.669 291.997
-93.451 -80.660 291.997
-93.440 -80.648 291.997
-93.431 -80.640 291.997
-93.427 -80.637 291.997
-93.420 -80.631 291.997
-93.415 -80.627 291.997
-93.413 -80.626 291.997
-93.411 -80.625 291.997
-93.408 -80.623 291.997
-93.403 -80.618 291.997
-93.400 -80.615 291.997
-93.398 -80.614 291.997
-93.396 -80.614 291.997
-93.392 -80.611 291.997
-93.383 -80.603 291.997
-93.377 -80.597 291.997
-93.375 -80.598 291.997
-93.369 -80.592 291.997
-93.367 -80.591 291.997
-93.358 -80.585 291.997
-93.356 -80.584 291.997
-93.351 -80.580 291.997
-93.338 -80.569 291.997
-93.333 -80.566 291.997
-93.329 -80.562 291.997
-93.326 -80.561 291.997
-93.321 -80.556 291.997
-93.317 -80.554 291.997
-93.313 -80.551 291.997
-93.311 -80.549 291.997
-93.308 -80.546 291.997
-93.300 -80.541 291.997
-93.297 -80.539 291.997
-93.292 -80.535 291.997
-93.288 -80.532 291.997
-93.284 -80.528 291.997
-93.280 -80.526 291.997
-93.272 -80.520 291.997
-93.268 -80.517 291.997
-93.258 -80.510 291.997
-93.254 -80.507 291.997
-93.250 -80.503 291.997
-93.244 -80.499 291.997
-93.234 -80.489 291.997
-93.232 -80.488 291.997
-93.226 -80.485 291.997
-93.223 -80.483 291.997
-93.215 -80.476 291.997
-93.196 -80.457 291.997
-93.182 -80.442 291.997
-93.175 -80.432 291.997
-93.161 -80.415 291.997
-93.134 -80.378 291.997
-93.127 -80.373 291.997
-93.120 -80.366 291.997
-93.116 -80.363 291.997
-93.100 -80.346 291.997
-93.097 -80.347 291.997
-93.094 -80.344 291.997
-93.088 -80.338 291.997
-93.084 -80.334 291.997
-93.075 -80.325 291.997
-93.073 -80.323 291.997
-93.070 -80.323 291.997
-93.068 -80.322 291.997
-93.061 -80.315 291.997
-93.059 -80.315 291.997
-93.057 -80.313 291.997
-93.055 -80.312 291.997
-93.053 -80.310 291.997
-93.051 -80.309 291.997
-93.048 -80.307 291.997
-93.046 -80.305 291.997
-93.044 -80.304 291.997
-93.042 -80.302 291.997
-93.040 -80.301 291.997
-93.037 -80.299 291.997
-93.033 -80.296 291.997
-93.031 -80.294 291.997
-93.029 -80.294 291.997
-93.026 -80.292 291.997
-93.024 -80.290 291.997
-93.021 -80.288 291.997
-93.017 -80.285 291.997
-93.012 -80.282 291.997
-93.009 -80.280 291.997
-93.006 -80.278 291.997
-93.003 -80.276 291.997
-92.999 -80.273 291.997
-92.996 -80.271 291.997
-92.994 -80.270 291.997
-92.990 -80.267 291.997
-92.987 -80.265 291.997
-92.982 -80.261 291.997
-92.978 -80.259 291.997
-92.972 -80.254 291.997
-92.966 -80.250 291.997
-92.964 -80.249 291.997
-92.961 -80.247 291.997
-92.957 -80.244 291.997
-92.953 -80.242 291.997
-92.951 -80.241 291.997
-92.947 -80.238 291.997
-92.945 -80.237 291.997
-92.943 -80.236 291.997
-92.938 -80.232 291.997
-92.936 -80.232 291.997
-92.932 -80.229 291.997
-92.929 -80.227 291.997
-92.926 -80.225 291.997
-92.923 -80.223 291.997
-92.919 -80.221 291.997
-92.915 -80.218 291.997
-92.910 -80.215 291.997
-92.908 -80.214 291.997
-92.904 -80.212 291.997
-92.899 -80.208 291.997
-92.896 -80.207 291.997
-92.892 -80.204 291.997
-92.890 -80.203 291.997
-92.888 -80.202 291.997
-92.880 -80.197 291.997
-92.877 -80.195 291.997
-92.874 -80.193 291.997
-92.867 -80.189 291.997
-92.865 -80.188 291.997
-92.861 -80.185 291.997
-92.857 -80.183 291.997
-92.852 -80.180 291.997
-92.850 -80.180 291.997
-92.848 -80.179 291.997
-92.842 -80.175 291.997
-92.840 -80.174 291.997
-92.833 -80.169 291.997
-92.828 -80.166 291.997
-92.825 -80.165 291.997
-92.820 -80.162 291.997
-92.813 -80.156 291.997
-92.808 -80.155 291.997
-92.801 -80.149 291.997
-92.799 -80.148 291.997
-92.793 -80.145 291.997
-92.791 -80.145 291.997
-92.788 -80.143 291.997
-92.784 -80.141 291.997
-92.778 -80.136 291.997
-92.776 -80.136 291.997
-92.773 -80.134 291.997
-92.769 -80.131 291.997
-92.766 -80.129 291.997
-92.764 -80.129 291.997
-92.756 -80.124 291.997
-92.751 -80.123 291.997
-92.746 -80.120 291.997
-92.742 -80.117 291.997
-92.734 -80.110 291.997
-92.731 -80.112 291.997
-92.723 -80.109 291.997
-92.715 -80.104 291.997
-92.712 -80.102 291.997
-92.705 -80.098 291.997
-92.703 -80.097 291.997
-92.696 -80.094 291.997
-92.670 -80.071 291.997
-92.665 -80.067 291.997
-92.658 -80.062 291.997
-92.653 -80.059 291.997
-92.647 -80.054 291.997
-92.644 -80.054 291.997
-92.637 -80.049 291.997
-92.633 -80.047 291.997
-92.631 -80.046 291.997
-92.626 -80.043 291.997
-92.622 -80.041 291.997
-92.619 -80.039 291.997
-92.617 -80.038 291.997
-92.611 -80.034 291.997
-92.603 -80.027 291.997
-92.592 -80.020 291.997
-92.585 -80.014 291.997
-92.581 -80.012 291.997
-92.577 -80.009 291.997
-92.569 -80.003 291.997
-92.558 -79.994 291.997
-92.545 -79.985 291.997
-92.533 -79.975 291.997
-92.530 -79.973 291.997
-92.523 -79.969 291.997
-92.510 -79.959 291.997
-92.506 -79.956 291.997
-92.501 -79.952 291.997
-92.488 -79.940 291.997
-92.466 -79.917 291.997
-92.439 -79.890 291.997
-92.430 -79.880 291.997
-92.422 -79.871 291.997
-92.406 -79.850 291.997
-92.380 -79.816 291.997
-92.365 -79.797 291.997
-92.362 -79.792 291.997
-92.348 -79.757 291.997
-92.347 -79.754 291.997
-92.341 -79.738 291.997
-92.327 -79.702 291.997
-92.326 -79.692 291.997
-92.326 -79.690 291.997
-92.322 -79.670 291.997
-92.316 -79.643 291.997
-92.312 -79.620 291.997
-92.312 -79.618 291.997
-92.305 -79.585 291.997
-92.304 -79.580 291.997
-92.302 -79.570 291.997
-92.298 -79.552 291.997
-92.294 -79.535 291.997
-92.291 -79.517 291.997
-92.287 -79.498 291.997
-92.278 -79.465 291.997
-92.271 -79.446 291.997
-92.270 -79.442 291.997
-92.269 -79.440 291.997
-92.268 -79.436 291.997
-92.266 -79.428 291.997
-92.263 -79.421 291.997
-92.262 -79.419 291.997
-92.259 -79.411 291.997
-92.254 -79.396 291.997
-92.248 -79.379 291.997
-92.246 -79.371 291.997
-92.244 -79.365 291.997
-92.242 -79.360 291.997
-92.241 -79.358 291.997
-92.240 -79.355 291.997
-92.237 -79.345 291.997
-92.236 -79.342 291.997
-92.235 -79.340 291.997
-92.233 -79.334 291.997
-92.230 -79.324 291.997
-92.227 -79.313 291.997
-92.226 -79.310 291.997
-92.224 -79.305 291.997
-92.222 -79.298 291.997
-92.220 -79.292 291.997
-92.217 -79.283 291.997
-92.215 -79.276 291.997
-92.214 -79.273 291.997
-92.213 -79.270 291.997
-92.210 -79.260 291.997
-92.206 -79.247 291.997
-92.205 -79.245 291.997
-92.202 -79.235 291.997
-92.199 -79.224 291.997
-92.196 -79.217 291.997
-92.193 -79.206 291.997
-92.192 -79.203 291.997
-92.191 -79.201 291.997
-92.189 -79.194 291.997
-92.185 -79.181 291.997
-92.177 -79.151 291.997
-92.174 -79.134 291.997
-92.173 -79.126 291.997
-92.172 -79.122 291.997
-92.165 -79.092 291.997
-92.164 -79.085 291.997
-92.163 -79.080 291.997
-92.163 -79.078 291.997
-92.162 -79.074 291.997
-92.161 -79.065 291.997
-92.160 -79.060 291.997
-92.159 -79.056 291.997
-92.158 -79.051 291.997
-92.157 -79.047 291.997
-92.157 -79.044 291.997
-92.155 -79.033 291.997
-92.154 -79.025 291.997
-92.153 -79.019 291.997
-92.152 -79.014 291.997
-92.149 -78.998 291.997
-92.149 -78.994 291.997
-92.148 -78.984 291.997
-92.147 -78.978 291.997
-92.146 -78.973 291.997
-92.145 -78.967 291.997
-92.145 -78.962 291.997
-92.145 -78.960 291.997
-92.144 -78.956 291.997
-92.143 -78.951 291.997
-92.142 -78.945 291.997
-92.132 -78.911 291.997
-92.127 -78.898 291.997
-92.120 -78.884 291.997
-92.117 -78.876 291.997
-92.112 -78.861 291.997
-92.110 -78.860 291.997
-92.103 -78.841 291.997
-92.100 -78.830 291.997
-92.099 -78.827 291.997
-92.098 -78.823 291.997
-92.098 -78.821 291.997
-92.096 -78.813 291.997
-92.096 -78.811 291.997
-92.096 -78.809 291.997
-92.096 -78.806 291.997
-92.094 -78.798 291.997
-92.093 -78.794 291.997
-92.093 -78.790 291.997
-92.092 -78.783 291.997
-92.092 -78.777 291.997
-92.090 -78.769 291.997
-92.089 -78.763 291.997
-92.089 -78.760 291.997
-92.089 -78.757 291.997
-92.087 -78.748 291.997
-92.087 -78.746 291.997
-92.086 -78.740 291.997
-92.085 -78.732 291.997
-92.076 -78.692 291.997
-92.074 -78.687 291.997
-92.073 -78.685 291.997
-92.071 -78.677 291.997
-92.070 -78.675 291.997
-92.066 -78.662 291.997
-92.065 -78.658 291.997
-92.064 -78.655 291.997
-92.063 -78.652 291.997
-92.060 -78.641 291.997
-92.059 -78.638 291.997
-92.058 -78.635 291.997
-92.057 -78.633 291.997
-92.054 -78.622 291.997
-92.051 -78.612 291.997
-92.050 -78.610 291.997
-92.049 -78.607 291.997
-92.044 -78.589 291.997
-92.041 -78.579 291.997
-92.040 -78.577 291.997
-92.037 -78.562 291.997
-92.034 -78.540 291.997
-92.030 -78.523 291.997
-92.019 -78.492 291.997
-92.015 -78.480 291.997
-92.014 -78.476 291.997
-92.007 -78.448 291.997
-92.002 -78.431 291.997
-92.001 -78.425 291.997
-91.993 -78.396 291.997
-91.991 -78.387 291.997
-91.981 -78.351 291.997
-91.978 -78.338 291.997
-91.969 -78.304 291.997
-91.969 -78.302 291.997
-91.966 -78.289 291.997
-91.955 -78.252 291.997
-91.950 -78.238 291.997
-91.943 -78.210 291.997
-91.936 -78.192 291.997
-91.933 -78.181 291.997
-91.931 -78.174 291.997
-91.920 -78.137 291.997
-91.910 -78.107 291.997
-91.908 -78.099 291.997
-91.907 -78.095 291.997
-91.905 -78.084 291.997
-91.900 -78.056 291.997
-91.898 -78.044 291.997
-91.893 -78.002 291.997
-91.893 -77.994 291.997
