-90.390 -77.911 295.207
-90.384 -77.920 295.207
-90.384 -77.939 295.207
-90.384 -77.951 295.207
-90.386 -77.954 295.207
-90.386 -77.963 295.207
-90.383 -77.976 295.207
-90.383 -77.980 295.207
-90.384 -77.985 295.207
-90.385 -78.004 295.207
-90.376 -78.039 295.207
-90.373 -78.045 295.207
-90.371 -78.051 295.207
-90.368 -78.056 295.207
-90.366 -78.062 295.207
-90.364 -78.069 295.207
-90.360 -78.075 295.207
-90.355 -78.090 295.207
-90.350 -78.095 295.207
-90.347 -78.101 295.207
-90.338 -78.117 295.207
-90.337 -78.121 295.207
-90.334 -78.128 295.207
-90.332 -78.135 295.207
-90.330 -78.141 295.207
-90.327 -78.152 295.207
-90.320 -78.185 295.207
-90.316 -78.206 295.207
-90.311 -78.226 295.207
-90.310 -78.233 295.207
-90.306 -78.254 295.207
-90.304 -78.262 295.207
-90.300 -78.281 295.207
-90.300 -78.286 295.207
-90.294 -78.308 295.207
-90.294 -78.314 295.207
-90.283 -78.352 295.207
-90.278 -78.369 295.207
-90.266 -78.412 295.207
-90.260 -78.432 295.207
-90.257 -78.440 295.207
-90.250 -78.462 295.207
-90.239 -78.492 295.207
-90.236 -78.498 295.207
-90.233 -78.507 295.207
-90.230 -78.512 295.207
-90.225 -78.524 295.207
-90.220 -78.536 295.207
-90.214 -78.546 295.207
-90.206 -78.566 295.207
-90.203 -78.571 295.207
-90.200 -78.579 295.207
-90.199 -78.582 295.207
-90.195 -78.590 295.207
-90.192 -78.599 295.207
-90.189 -78.604 295.207
-90.186 -78.611 295.207
-90.183 -78.615 295.207
-90.182 -78.618 295.207
-90.170 -78.659 295.207
-90.168 -78.664 295.207
-90.165 -78.668 295.207
-90.164 -78.671 295.207
-90.162 -78.674 295.207
-90.160 -78.678 295.207
-90.159 -78.681 295.207
-90.156 -78.688 295.207
-90.154 -78.691 295.207
-90.152 -78.696 295.207
-90.150 -78.700 295.207
-90.148 -78.703 295.207
-90.147 -78.706 295.207
-90.145 -78.710 295.207
-90.142 -78.715 295.207
-90.140 -78.719 295.207
-90.138 -78.722 295.207
-90.134 -78.730 295.207
-90.133 -78.733 295.207
-90.131 -78.737 295.207
-90.130 -78.740 295.207
-90.129 -78.743 295.207
-90.127 -78.746 295.207
-90.125 -78.749 295.207
-90.124 -78.752 295.207
-90.123 -78.755 295.207
-90.121 -78.758 295.207
-90.119 -78.763 295.207
-90.117 -78.766 295.207
-90.115 -78.768 295.207
-90.112 -78.776 295.207
-90.110 -78.778 295.207
-90.107 -78.785 295.207
-90.105 -78.789 295.207
-90.102 -78.794 295.207
-90.101 -78.797 295.207
-90.099 -78.800 295.207
-90.097 -78.805 295.207
-90.096 -78.808 295.207
-90.093 -78.813 295.207
-90.091 -78.816 295.207
-90.089 -78.820 295.207
-90.086 -78.827 295.207
-90.085 -78.830 295.207
-90.083 -78.836 295.207
-90.080 -78.839 295.207
-90.076 -78.848 295.207
-90.073 -78.853 295.207
-90.071 -78.861 295.207
-90.067 -78.879 295.207
-90.066 -78.884 295.207
-90.065 -78.895 295.207
-90.061 -78.929 295.207
-90.059 -78.954 295.207
-90.053 -78.991 295.207
-90.050 -79.004 295.207
-90.048 -79.012 295.207
-90.046 -79.016 295.207
-90.044 -79.020 295.207
-90.043 -79.023 295.207
-90.042 -79.026 295.207
-90.041 -79.031 295.207
-90.039 -79.035 295.207
-90.037 -79.042 295.207
-90.036 -79.045 295.207
-90.035 -79.050 295.207
-90.033 -79.055 295.207
-90.032 -79.058 295.207
-90.030 -79.066 295.207
-90.029 -79.070 295.207
-90.027 -79.077 295.207
-90.026 -79.081 295.207
-90.024 -79.089 295.207
-90.023 -79.093 295.207
-90.022 -79.097 295.207
-90.020 -79.106 295.207
-90.018 -79.111 295.207
-90.011 -79.139 295.207
-90.007 -79.155 295.207
-90.006 -79.159 295.207
-90.004 -79.165 295.207
-90.003 -79.170 295.207
-90.002 -79.183 295.207
-90.000 -79.215 295.207
-89.998 -79.235 295.207
-89.997 -79.242 295.207
-89.996 -79.257 295.207
-89.996 -79.260 295.207
-89.996 -79.264 295.207
-89.996 -79.267 295.207
-89.996 -79.272 295.207
-89.995 -79.284 295.207
-89.996 -79.287 295.207
-89.996 -79.290 295.207
-89.996 -79.293 295.207
-89.996 -79.296 295.207
-89.996 -79.306 295.207
-89.995 -79.322 295.207
-89.995 -79.329 295.207
-89.994 -79.340 295.207
-89.994 -79.357 295.207
-89.994 -79.366 295.207
-89.994 -79.371 295.207
-89.991 -79.415 295.207
-89.990 -79.418 295.207
-89.986 -79.437 295.207
-89.985 -79.441 295.207
-89.982 -79.453 295.207
-89.981 -79.462 295.207
-89.980 -79.465 295.207
-89.981 -79.469 295.207
-89.983 -79.480 295.207
-89.984 -79.486 295.207
-89.985 -79.498 295.207
-89.985 -79.502 295.207
-89.986 -79.509 295.207
-89.986 -79.512 295.207
-89.987 -79.515 295.207
-89.990 -79.519 295.207
-89.990 -79.537 295.207
-89.991 -79.544 295.207
-89.992 -79.552 295.207
-89.992 -79.557 295.207
-89.993 -79.563 295.207
-89.994 -79.567 295.207
-89.996 -79.581 295.207
-89.996 -79.586 295.207
-89.997 -79.595 295.207
-89.998 -79.600 295.207
-89.998 -79.605 295.207
-90.000 -79.611 295.207
-90.002 -79.623 295.207
-90.002 -79.631 295.207
-90.002 -79.634 295.207
-90.003 -79.638 295.207
-90.003 -79.641 295.207
-90.005 -79.645 295.207
-90.005 -79.649 295.207
-90.004 -79.664 295.207
-90.003 -79.673 295.207
-90.003 -79.692 295.207
-90.003 -79.707 295.207
-90.003 -79.736 295.207
-90.004 -79.739 295.207
-90.004 -79.762 295.207
-90.002 -79.790 295.207
-90.003 -79.793 295.207
-90.002 -79.805 295.207
-90.003 -79.817 295.207
-90.001 -79.848 295.207
-90.002 -79.863 295.207
-90.002 -79.866 295.207
-90.002 -79.883 295.207
-90.000 -79.901 295.207
-90.004 -79.914 295.207
-90.006 -79.923 295.207
-90.011 -79.962 295.207
-90.013 -79.976 295.207
-90.017 -79.980 295.207
-90.018 -80.002 295.207
-90.021 -80.011 295.207
-90.022 -80.020 295.207
-90.023 -80.027 295.207
-90.024 -80.037 295.207
-90.028 -80.053 295.207
-90.031 -80.071 295.207
-90.033 -80.087 295.207
-90.034 -80.098 295.207
-90.036 -80.104 295.207
-90.037 -80.109 295.207
-90.038 -80.115 295.207
-90.039 -80.122 295.207
-90.043 -80.124 295.207
-90.042 -80.154 295.207
-90.043 -80.157 295.207
-90.042 -80.168 295.207
-90.042 -80.173 295.207
-90.043 -80.183 295.207
-90.044 -80.191 295.207
-90.044 -80.194 295.207
-90.044 -80.206 295.207
-90.047 -80.208 295.207
-90.045 -80.237 295.207
-90.045 -80.255 295.207
-90.044 -80.277 295.207
-90.044 -80.280 295.207
-90.036 -80.324 295.207
-90.034 -80.336 295.207
-90.033 -80.340 295.207
-90.032 -80.347 295.207
-90.030 -80.349 295.207
-90.024 -80.371 295.207
-90.023 -80.377 295.207
-90.017 -80.397 295.207
-90.015 -80.406 295.207
-90.015 -80.409 295.207
-90.012 -80.411 295.207
-90.010 -80.425 295.207
-90.009 -80.432 295.207
-90.004 -80.446 295.207
-90.001 -80.462 295.207
-89.998 -80.472 295.207
-89.997 -80.479 295.207
-89.993 -80.485 295.207
-89.992 -80.493 295.207
-89.991 -80.503 295.207
-89.989 -80.508 295.207
-89.986 -80.517 295.207
-89.984 -80.528 295.207
-89.983 -80.544 295.207
-89.981 -80.549 295.207
-89.980 -80.561 295.207
-89.978 -80.578 295.207
-89.975 -80.585 295.207
-89.973 -80.601 295.207
-89.972 -80.610 295.207
-89.970 -80.616 295.207
-89.969 -80.620 295.207
-89.968 -80.624 295.207
-89.967 -80.628 295.207
-89.966 -80.632 295.207
-89.965 -80.635 295.207
-89.964 -80.640 295.207
-89.962 -80.648 295.207
-89.960 -80.656 295.207
-89.959 -80.660 295.207
-89.958 -80.664 295.207
-89.956 -80.671 295.207
-89.954 -80.678 295.207
-89.952 -80.685 295.207
-89.951 -80.690 295.207
-89.950 -80.693 295.207
-89.949 -80.696 295.207
-89.948 -80.700 295.207
-89.946 -80.705 295.207
-89.945 -80.709 295.207
-89.944 -80.713 295.207
-89.943 -80.717 295.207
-89.942 -80.720 295.207
-89.941 -80.723 295.207
-89.940 -80.727 295.207
-89.939 -80.730 295.207
-89.938 -80.735 295.207
-89.937 -80.738 295.207
-89.935 -80.742 295.207
-89.934 -80.746 295.207
-89.932 -80.751 295.207
-89.931 -80.755 295.207
-89.929 -80.759 295.207
-89.928 -80.764 295.207
-89.925 -80.769 295.207
-89.923 -80.775 295.207
-89.921 -80.780 295.207
-89.919 -80.784 295.207
-89.917 -80.789 295.207
-89.915 -80.794 295.207
-89.913 -80.796 295.207
-89.912 -80.800 295.207
-89.909 -80.805 295.207
-89.908 -80.808 295.207
-89.906 -80.818 295.207
-89.905 -80.822 295.207
-89.902 -80.824 295.207
-89.899 -80.835 295.207
-89.897 -80.838 295.207
-89.895 -80.842 295.207
-89.891 -80.853 295.207
-89.889 -80.857 295.207
-89.887 -80.865 295.207
-89.886 -80.870 295.207
-89.880 -80.884 295.207
-89.878 -80.892 295.207
-89.876 -80.897 295.207
-89.875 -80.901 295.207
-89.873 -80.912 295.207
-89.871 -80.914 295.207
-89.869 -80.917 295.207
-89.868 -80.920 295.207
-89.866 -80.924 295.207
-89.864 -80.932 295.207
-89.860 -80.941 295.207
-89.858 -80.947 295.207
-89.855 -80.957 295.207
-89.854 -80.963 295.207
-89.848 -80.974 295.207
-89.844 -80.993 295.207
-89.843 -81.011 295.207
-89.838 -81.039 295.207
-89.838 -81.060 295.207
-89.838 -81.074 295.207
-89.838 -81.096 295.207
-89.837 -81.128 295.207
-89.839 -81.140 295.207
-89.842 -81.148 295.207
-89.846 -81.175 295.207
-89.849 -81.191 295.207
-89.850 -81.228 295.207
-89.859 -81.254 295.207
-89.864 -81.267 295.207
-89.880 -81.304 295.207
-89.892 -81.335 295.207
-89.899 -81.358 295.207
-89.916 -81.395 295.207
-89.931 -81.419 295.207
-89.949 -81.450 295.207
-89.952 -81.450 295.207
-89.957 -81.456 295.207
-89.969 -81.474 295.207
-89.979 -81.490 295.207
-89.990 -81.504 295.207
-90.010 -81.545 295.207
-90.012 -81.553 295.207
-90.011 -81.557 295.207
-90.018 -81.567 295.207
-90.025 -81.573 295.207
-90.031 -81.578 295.207
-90.039 -81.584 295.207
-90.056 -81.599 295.207
-90.071 -81.618 295.207
-90.075 -81.625 295.207
-90.079 -81.632 295.207
-90.091 -81.650 295.207
-90.095 -81.662 295.207
-90.098 -81.668 295.207
-90.106 -81.680 295.207
-90.109 -81.686 295.207
-90.120 -81.707 295.207
-90.130 -81.721 295.207
-90.135 -81.730 295.207
-90.143 -81.744 295.207
-90.151 -81.758 295.207
-90.160 -81.772 295.207
-90.166 -81.783 295.207
-90.170 -81.791 295.207
-90.172 -81.794 295.207
-90.184 -81.814 295.207
-90.200 -81.841 295.207
-90.213 -81.861 295.207
-90.234 -81.892 295.207
-90.249 -81.910 295.207
-90.257 -81.919 295.207
-90.263 -81.925 295.207
-90.275 -81.940 295.207
-90.281 -81.945 295.207
-90.284 -81.949 295.207
-90.296 -81.961 295.207
-90.314 -81.981 295.207
-90.341 -82.018 295.207
-90.365 -82.048 295.207
-90.374 -82.061 295.207
-90.385 -82.073 295.207
-90.402 -82.092 295.207
-90.430 -82.126 295.207
-90.432 -82.129 295.207
-90.433 -82.132 295.207
-90.440 -82.142 295.207
-90.443 -82.148 295.207
-90.463 -82.177 295.207
-90.473 -82.191 295.207
-90.482 -82.203 295.207
-90.485 -82.209 295.207
-90.490 -82.217 295.207
-90.505 -82.239 295.207
-90.515 -82.254 295.207
-90.527 -82.271 295.207
-90.530 -82.276 295.207
-90.530 -82.280 295.207
-90.532 -82.285 295.207
-90.535 -82.290 295.207
-90.537 -82.296 295.207
-90.537 -82.299 295.207
-90.542 -82.308 295.207
-90.542 -82.312 295.207
-90.546 -82.322 295.207
-90.551 -82.331 295.207
-90.557 -82.340 295.207
-90.556 -82.344 295.207
-90.560 -82.351 295.207
-90.563 -82.359 295.207
-90.570 -82.370 295.207
-90.572 -82.373 295.207
-90.572 -82.377 295.207
-90.575 -82.382 295.207
-90.576 -82.386 295.207
-90.583 -82.398 295.207
-90.596 -82.419 295.207
-90.597 -82.422 295.207
-90.602 -82.430 295.207
-90.611 -82.445 295.207
-90.622 -82.462 295.207
-90.624 -82.468 295.207
-90.629 -82.476 295.207
-90.646 -82.503 295.207
-90.649 -82.508 295.207
-90.652 -82.514 295.207
-90.662 -82.531 295.207
-90.677 -82.557 295.207
-90.681 -82.564 295.207
-90.688 -82.575 295.207
-90.691 -82.582 295.207
-90.692 -82.586 295.207
-90.705 -82.606 295.207
-90.721 -82.627 295.207
-90.740 -82.655 295.207
-90.766 -82.690 295.207
-90.781 -82.711 295.207
-90.805 -82.740 295.207
-90.821 -82.759 295.207
-90.835 -82.773 295.207
-90.855 -82.794 295.207
-90.880 -82.820 295.207
-90.912 -82.851 295.207
-90.917 -82.857 295.207
-90.923 -82.864 295.207
-90.932 -82.873 295.207
-90.959 -82.908 295.207
-90.985 -82.934 295.207
-90.993 -82.946 295.207
-90.999 -82.952 295.207
-91.012 -82.965 295.207
-91.037 -82.991 295.207
-91.068 -83.011 295.207
-91.091 -83.023 295.207
-91.095 -83.023 295.207
-91.106 -83.029 295.207
-91.109 -83.031 295.207
-91.116 -83.035 295.207
-91.154 -83.054 295.207
-91.166 -83.064 295.207
-91.182 -83.076 295.207
-91.192 -83.083 295.207
-91.203 -83.091 295.207
-91.210 -83.098 295.207
-91.221 -83.108 295.207
-91.229 -83.109 295.207
-91.248 -83.108 295.207
-91.261 -83.106 295.207
-92.187 -83.111 295.207
-92.195 -83.111 295.207
