-89.223 -78.723 288.387
-89.195 -78.723 288.387
-89.165 -78.720 288.387
-89.159 -78.704 288.387
-89.157 -78.700 288.387
-89.155 -78.698 288.387
-89.151 -78.689 288.387
-89.147 -78.683 288.387
-89.145 -78.670 288.387
-89.143 -78.661 288.387
-89.141 -78.655 288.387
-89.139 -78.651 288.387
-89.128 -78.640 288.387
-89.121 -78.635 288.387
-89.110 -78.622 288.387
-89.097 -78.609 288.387
-89.083 -78.595 288.387
-89.077 -78.590 288.387
-89.048 -78.569 288.387
-89.040 -78.564 288.387
-89.007 -78.539 288.387
-89.003 -78.536 288.387
-89.000 -78.533 288.387
-88.992 -78.528 288.387
-88.987 -78.524 288.387
-88.979 -78.518 288.387
-88.957 -78.502 288.387
-88.952 -78.494 288.387
-88.942 -78.487 288.387
-88.930 -78.476 288.387
-88.923 -78.469 288.387
-88.920 -78.465 288.387
-88.914 -78.461 288.387
-88.895 -78.450 288.387
-88.892 -78.446 288.387
-88.877 -78.431 288.387
-88.875 -78.426 288.387
-88.866 -78.416 288.387
-88.860 -78.412 288.387
-88.858 -78.410 288.387
-88.850 -78.406 288.387
-88.848 -78.403 288.387
-88.844 -78.400 288.387
-88.840 -78.396 288.387
-88.836 -78.393 288.387
-88.834 -78.388 288.387
-88.829 -78.384 288.387
-88.830 -78.370 288.387
-88.825 -78.366 288.387
-88.817 -78.362 288.387
-88.821 -78.354 288.387
-88.800 -78.341 288.387
-88.796 -78.337 288.387
-88.796 -78.331 288.387
-88.789 -78.327 288.387
-88.783 -78.321 288.387
-88.777 -78.314 288.387
-88.776 -78.310 288.387
-88.772 -78.305 288.387
-88.732 -78.283 288.387
-88.723 -78.281 288.387
-88.702 -78.274 288.387
-88.695 -78.275 288.387
-88.665 -78.271 288.387
-88.652 -78.274 288.387
-88.644 -78.273 288.387
-88.633 -78.272 288.387
-88.617 -78.271 288.387
-88.610 -78.269 288.387
-88.604 -78.271 288.387
-88.601 -78.273 288.387
-88.571 -78.276 288.387
-88.563 -78.275 288.387
-88.556 -78.274 288.387
-88.545 -78.277 288.387
-88.536 -78.277 288.387
-88.533 -78.279 288.387
-88.520 -78.279 288.387
-88.502 -78.278 288.387
-88.490 -78.276 288.387
-88.481 -78.280 288.387
-88.474 -78.277 288.387
-88.466 -78.278 288.387
-88.444 -78.269 288.387
-88.439 -78.277 288.387
-88.436 -78.276 288.387
-88.429 -78.273 288.387
-88.414 -78.270 288.387
-88.405 -78.269 288.387
-88.386 -78.269 288.387
-88.371 -78.267 288.387
-88.345 -78.260 288.387
-88.342 -78.260 288.387
-88.317 -78.254 288.387
-88.313 -78.253 288.387
-88.298 -78.249 288.387
-88.294 -78.253 288.387
-88.265 -78.243 288.387
-88.262 -78.248 288.387
-88.238 -78.246 288.387
-88.225 -78.245 288.387
-88.208 -78.248 288.387
-88.180 -78.239 288.387
-88.174 -78.246 288.387
-88.153 -78.244 288.387
-88.149 -78.244 288.387
-88.129 -78.243 288.387
-88.105 -78.236 288.387
-88.103 -78.240 288.387
-88.078 -78.237 288.387
-88.072 -78.235 288.387
-88.053 -78.233 288.387
-88.047 -78.231 288.387
-88.031 -78.234 288.387
-88.026 -78.233 288.387
-87.993 -78.226 288.387
-87.986 -78.227 288.387
-87.957 -78.220 288.387
-87.947 -78.215 288.387
-87.921 -78.203 288.387
-87.918 -78.201 288.387
-87.905 -78.196 288.387
-87.870 -78.186 288.387
-87.865 -78.184 288.387
-87.826 -78.166 288.387
-87.813 -78.160 288.387
-87.806 -78.155 288.387
-87.794 -78.146 288.387
-87.768 -78.119 288.387
-87.749 -78.106 288.387
-87.738 -78.098 288.387
-87.708 -78.071 288.387
-87.701 -78.057 288.387
-87.698 -78.045 288.387
-87.699 -78.041 288.387
-87.702 -78.035 288.387
-87.711 -78.026 288.387
-87.710 -78.013 288.387
-87.711 -78.010 288.387
-87.711 -77.996 288.387
-87.711 -77.992 288.387
-87.717 -77.985 288.387
-87.716 -77.976 288.387
-87.718 -77.972 288.387
-87.720 -77.967 288.387
-87.721 -77.962 288.387
-87.725 -77.957 288.387
-87.731 -77.953 288.387
-87.730 -77.950 288.387
-87.729 -77.946 288.387
-87.730 -77.940 288.387
-87.732 -77.937 288.387
-87.739 -77.931 288.387
-87.744 -77.920 288.387
-87.745 -77.913 288.387
-87.748 -77.908 288.387
-87.757 -77.902 288.387
-87.755 -77.895 288.387
-87.756 -77.890 288.387
-87.760 -77.884 288.387
-87.759 -77.877 288.387
-87.758 -77.872 288.387
-87.759 -77.862 288.387
-87.763 -77.857 288.387
-87.765 -77.851 288.387
-87.767 -77.849 288.387
-87.770 -77.846 288.387
-87.772 -77.841 288.387
-87.776 -77.837 288.387
-87.777 -77.829 288.387
-87.784 -77.821 288.387
-87.790 -77.816 288.387
-87.791 -77.804 288.387
-87.793 -77.799 288.387
-87.795 -77.796 288.387
-87.797 -77.794 288.387
-87.803 -77.788 288.387
-87.804 -77.783 288.387
-87.807 -77.778 288.387
-87.809 -77.776 288.387
-87.815 -77.771 288.387
-87.814 -77.768 288.387
-87.819 -77.764 288.387
-87.817 -77.761 288.387
-87.820 -77.758 288.387
-87.826 -77.752 288.387
-87.829 -77.749 288.387
-87.832 -77.745 288.387
-87.835 -77.741 288.387
-87.837 -77.739 288.387
-87.840 -77.737 288.387
-87.844 -77.734 288.387
-87.848 -77.728 288.387
-87.855 -77.721 288.387
-87.860 -77.721 288.387
-87.861 -77.712 288.387
-87.864 -77.710 288.387
-87.873 -77.708 288.387
-87.874 -77.698 288.387
-87.887 -77.697 288.387
-87.888 -77.688 288.387
-87.892 -77.681 288.387
-87.896 -77.677 288.387
-87.898 -77.674 288.387
-87.902 -77.674 288.387
-87.909 -77.664 288.387
-87.915 -77.660 288.387
-87.924 -77.659 288.387
-87.930 -77.648 288.387
-87.936 -77.642 288.387
-87.941 -77.638 288.387
-87.953 -77.623 288.387
-87.959 -77.621 288.387
-87.972 -77.613 288.387
-87.980 -77.607 288.387
-87.985 -77.599 288.387
-87.986 -77.596 288.387
-87.996 -77.585 288.387
-87.998 -77.583 288.387
-88.008 -77.577 288.387
-88.011 -77.576 288.387
-88.019 -77.571 288.387
-88.022 -77.571 288.387
-88.027 -77.558 288.387
-88.030 -77.551 288.387
-88.040 -77.544 288.387
-88.047 -77.535 288.387
-88.049 -77.496 288.387
-88.041 -77.488 288.387
-88.039 -77.486 288.387
-88.037 -77.482 288.387
-88.032 -77.478 288.387
-88.031 -77.473 288.387
-88.025 -77.470 288.387
-88.022 -77.469 288.387
-88.016 -77.468 288.387
-88.009 -77.467 288.387
-88.005 -77.467 288.387
-88.001 -77.465 288.387
-87.997 -77.464 288.387
-87.989 -77.462 288.387
-87.984 -77.461 288.387
-87.977 -77.460 288.387
-87.973 -77.459 288.387
-87.966 -77.457 288.387
-87.962 -77.456 288.387
-87.957 -77.455 288.387
-87.951 -77.454 288.387
-87.942 -77.452 288.387
-87.937 -77.450 288.387
-87.931 -77.450 288.387
-87.928 -77.449 288.387
-87.926 -77.447 288.387
-87.923 -77.447 288.387
-87.920 -77.447 288.387
-87.909 -77.447 288.387
-87.906 -77.446 288.387
-87.903 -77.445 288.387
-87.900 -77.444 288.387
-87.895 -77.444 288.387
-87.890 -77.440 288.387
-87.887 -77.440 288.387
-87.883 -77.440 288.387
-87.880 -77.440 288.387
-87.877 -77.439 288.387
-87.874 -77.437 288.387
-87.870 -77.434 288.387
-87.865 -77.432 288.387
-87.861 -77.430 288.387
-87.856 -77.429 288.387
-87.852 -77.427 288.387
-87.848 -77.425 288.387
-87.843 -77.423 288.387
-87.839 -77.421 288.387
-87.836 -77.420 288.387
-87.831 -77.418 288.387
-87.827 -77.417 288.387
-87.823 -77.415 288.387
-87.820 -77.414 288.387
-87.817 -77.412 288.387
-87.813 -77.411 288.387
-87.810 -77.409 288.387
-87.805 -77.408 288.387
-87.798 -77.405 288.387
-87.795 -77.404 288.387
-87.790 -77.403 288.387
-87.787 -77.401 288.387
-87.784 -77.400 288.387
-87.780 -77.398 288.387
-87.777 -77.397 288.387
-87.772 -77.395 288.387
-87.769 -77.393 288.387
-87.766 -77.393 288.387
-87.763 -77.392 288.387
-87.758 -77.389 288.387
-87.754 -77.388 288.387
-87.751 -77.386 288.387
-87.747 -77.384 288.387
-87.743 -77.382 288.387
-87.740 -77.381 288.387
-87.737 -77.379 288.387
-87.732 -77.377 288.387
-87.729 -77.375 288.387
-87.726 -77.374 288.387
-87.721 -77.372 288.387
-87.717 -77.370 288.387
-87.712 -77.367 288.387
-87.709 -77.366 288.387
-87.706 -77.365 288.387
-87.703 -77.363 288.387
-87.700 -77.362 288.387
-87.696 -77.360 288.387
-87.693 -77.358 288.387
-87.688 -77.356 288.387
-87.685 -77.355 288.387
-87.682 -77.353 288.387
-87.679 -77.352 288.387
-87.676 -77.352 288.387
-87.674 -77.350 288.387
-87.669 -77.349 288.387
-87.659 -77.348 288.387
-87.655 -77.344 288.387
-87.652 -77.345 288.387
-87.647 -77.344 288.387
-87.638 -77.343 288.387
-87.630 -77.341 288.387
-87.627 -77.340 288.387
-87.622 -77.339 288.387
-87.619 -77.336 288.387
-87.616 -77.335 288.387
-87.610 -77.334 288.387
-87.605 -77.334 288.387
-87.602 -77.332 288.387
-87.594 -77.332 288.387
-87.592 -77.330 288.387
-87.586 -77.329 288.387
-87.582 -77.328 288.387
-87.579 -77.324 288.387
-87.575 -77.326 288.387
-87.573 -77.324 288.387
-87.567 -77.323 288.387
-87.558 -77.320 288.387
-87.552 -77.316 288.387
-87.544 -77.311 288.387
-87.532 -77.297 288.387
-87.526 -77.293 288.387
-87.521 -77.290 288.387
-87.506 -77.273 288.387
-87.503 -77.271 288.387
-87.500 -77.272 288.387
-87.482 -77.247 288.387
-87.469 -77.234 288.387
-87.463 -77.222 288.387
-87.459 -77.215 288.387
-87.448 -77.197 288.387
-87.445 -77.191 288.387
-87.443 -77.187 288.387
-87.430 -77.169 288.387
-87.428 -77.166 288.387
-87.428 -77.154 288.387
-87.419 -77.139 288.387
-87.404 -77.116 288.387
-87.403 -77.113 288.387
-87.394 -77.097 288.387
-87.391 -77.089 288.387
-87.383 -77.068 288.387
-87.376 -77.057 288.387
-87.374 -77.054 288.387
-87.374 -77.051 288.387
-87.371 -77.044 288.387
-87.369 -77.040 288.387
-87.363 -77.030 288.387
-87.361 -77.024 288.387
-87.358 -77.018 288.387
-87.355 -77.014 288.387
-87.353 -77.008 288.387
-87.348 -77.001 288.387
-87.343 -76.991 288.387
-87.341 -76.987 288.387
-87.339 -76.982 288.387
-87.335 -76.976 288.387
-87.335 -76.972 288.387
-87.332 -76.968 288.387
-87.329 -76.961 288.387
-87.324 -76.953 288.387
-87.323 -76.950 288.387
-87.321 -76.946 288.387
-87.318 -76.940 288.387
-87.317 -76.934 288.387
-87.315 -76.929 288.387
-87.313 -76.924 288.387
-87.301 -76.910 288.387
-87.300 -76.901 288.387
-87.290 -76.890 288.387
-87.290 -76.881 288.387
-87.285 -76.875 288.387
-87.282 -76.870 288.387
-87.279 -76.863 288.387
-87.269 -76.852 288.387
-87.268 -76.847 288.387
-87.265 -76.843 288.387
-87.260 -76.837 288.387
-87.250 -76.823 288.387
-87.228 -76.795 288.387
-87.217 -76.785 288.387
-87.214 -76.787 288.387
-87.184 -76.769 288.387
-87.181 -76.770 288.387
-87.155 -76.754 288.387
-87.147 -76.751 288.387
-87.133 -76.736 288.387
-87.130 -76.733 288.387
-87.113 -76.715 288.387
-87.106 -76.716 288.387
-87.099 -76.712 288.387
-87.090 -76.707 288.387
-87.083 -76.700 288.387
-87.079 -76.697 288.387
-87.065 -76.689 288.387
-87.061 -76.684 288.387
-87.051 -76.680 288.387
-87.040 -76.670 288.387
-87.013 -76.636 288.387
-86.992 -76.612 288.387
-86.973 -76.590 288.387
-86.970 -76.589 288.387
-86.967 -76.579 288.387
-86.958 -76.567 288.387
-86.956 -76.563 288.387
-86.933 -76.539 288.387
-86.904 -76.512 288.387
-86.899 -76.514 288.387
-86.892 -76.507 288.387
-86.872 -76.499 288.387
-86.858 -76.491 288.387
-86.855 -76.491 288.387
-86.843 -76.478 288.387
-86.841 -76.476 288.387
-86.828 -76.473 288.387
-86.806 -76.464 288.387
-86.803 -76.462 288.387
-86.796 -76.459 288.387
-86.787 -76.453 288.387
-86.775 -76.443 288.387
-86.760 -76.438 288.387
-86.757 -76.437 288.387
-86.742 -76.429 288.387
-86.737 -76.422 288.387
-86.722 -76.410 288.387
-86.718 -76.408 288.387
-86.713 -76.405 288.387
-86.691 -76.365 288.387
-86.675 -76.352 288.387
-86.661 -76.342 288.387
-86.641 -76.319 288.387
-86.635 -76.312 288.387
-86.628 -76.313 288.387
-86.626 -76.311 288.387
-86.611 -76.297 288.387
-86.604 -76.296 288.387
-86.590 -76.283 288.387
-86.578 -76.266 288.387
-86.574 -76.267 288.387
-86.561 -76.247 288.387
-86.557 -76.242 288.387
-86.553 -76.243 288.387
-86.549 -76.241 288.387
-86.546 -76.238 288.387
-86.539 -76.233 288.387
-86.533 -76.227 288.387
-86.514 -76.210 288.387
-86.504 -76.203 288.387
-86.499 -76.196 288.387
-86.485 -76.187 288.387
-86.473 -76.170 288.387
-86.462 -76.156 288.387
-86.457 -76.153 288.387
-86.454 -76.148 288.387
-86.432 -76.112 288.387
-86.428 -76.109 288.387
-86.427 -76.104 288.387
-86.422 -76.096 288.387
-86.413 -76.071 288.387
-86.397 -76.057 288.387
-86.390 -76.049 288.387
-86.378 -76.029 288.387
-86.348 -76.002 288.387
-86.335 -75.983 288.387
-86.326 -75.982 288.387
-86.310 -75.969 288.387
-86.291 -75.935 288.387
-86.287 -75.924 288.387
-86.286 -75.913 288.387
-86.280 -75.899 288.387
-86.269 -75.868 288.387
-86.266 -75.849 288.387
-86.273 -75.843 288.387
-86.276 -75.826 288.387
-86.272 -75.783 288.387
-86.273 -75.775 288.387
-86.271 -75.755 288.387
-86.276 -75.750 288.387
-86.276 -75.743 288.387
-86.275 -75.729 288.387
-86.274 -75.719 288.387
-86.277 -75.702 288.387
-86.277 -75.672 288.387
-86.269 -75.656 288.387
-86.262 -75.620 288.387
-86.251 -75.578 288.387
-86.249 -75.556 288.387
-86.248 -75.539 288.387
-86.248 -75.518 288.387
-86.258 -75.509 288.387
-86.267 -75.466 288.387
-86.273 -75.460 288.387
-86.281 -75.427 288.387
-86.290 -75.401 288.387
-86.294 -75.392 288.387
-86.306 -75.358 288.387
-86.309 -75.346 288.387
-86.314 -75.340 288.387
-86.322 -75.313 288.387
-86.324 -75.310 288.387
-86.325 -75.306 288.387
-86.329 -75.291 288.387
-86.340 -75.263 288.387
-86.346 -75.259 288.387
-86.348 -75.252 288.387
-86.352 -75.245 288.387
-86.355 -75.230 288.387
-86.366 -75.192 288.387
-86.373 -75.181 288.387
-86.376 -75.167 288.387
-86.385 -75.154 288.387
-86.389 -75.142 288.387
-86.394 -75.139 288.387
-86.405 -75.127 288.387
-86.411 -75.119 288.387
-86.419 -75.103 288.387
-86.424 -75.101 288.387
-86.425 -75.094 288.387
-86.429 -75.086 288.387
-86.431 -75.084 288.387
-86.437 -75.079 288.387
-86.440 -75.066 288.387
-86.445 -75.063 288.387
-86.446 -75.050 288.387
-86.448 -75.045 288.387
-86.450 -75.041 288.387
-86.453 -75.041 288.387
-86.456 -75.035 288.387
-86.460 -75.022 288.387
-86.465 -75.008 288.387
-86.469 -75.005 288.387
-86.473 -74.990 288.387
-86.478 -74.980 288.387
-86.481 -74.980 288.387
-86.488 -74.964 288.387
-86.489 -74.955 288.387
-86.496 -74.941 288.387
-86.498 -74.938 288.387
-86.502 -74.925 288.387
-86.504 -74.923 288.387
-86.504 -74.917 288.387
-86.508 -74.911 288.387
-86.508 -74.906 288.387
-86.511 -74.904 288.387
-86.514 -74.893 288.387
-86.517 -74.891 288.387
-86.517 -74.872 288.387
-86.519 -74.868 288.387
-86.521 -74.861 288.387
-86.523 -74.852 288.387
-86.530 -74.842 288.387
-86.529 -74.826 288.387
-86.529 -74.819 288.387
-86.537 -74.798 288.387
-86.539 -74.786 288.387
-86.541 -74.779 288.387
-86.544 -74.777 288.387
-86.551 -74.757 288.387
-86.554 -74.754 288.387
-86.556 -74.737 288.387
-86.562 -74.713 288.387
-86.571 -74.684 288.387
-86.578 -74.661 288.387
-86.581 -74.655 288.387
-86.582 -74.650 288.387
-86.584 -74.648 288.387
-86.587 -74.640 288.387
-86.587 -74.597 288.387
-86.585 -74.589 288.387
-86.579 -74.585 288.387
-86.576 -74.582 288.387
-86.572 -74.580 288.387
-86.571 -74.570 288.387
-86.563 -74.565 288.387
-86.561 -74.563 288.387
-86.556 -74.563 288.387
-86.555 -74.560 288.387
-86.549 -74.555 288.387
-86.542 -74.549 288.387
-86.539 -74.544 288.387
-86.532 -74.544 288.387
-86.529 -74.539 288.387
-86.526 -74.539 288.387
-86.524 -74.537 288.387
-86.521 -74.535 288.387
-86.518 -74.534 288.387
-86.513 -74.534 288.387
-86.510 -74.532 288.387
-86.506 -74.530 288.387
-86.504 -74.528 288.387
-86.496 -74.528 288.387
-86.489 -74.525 288.387
-86.482 -74.522 288.387
-86.479 -74.522 288.387
-86.475 -74.520 288.387
-86.470 -74.518 288.387
-86.466 -74.516 288.387
-86.463 -74.515 288.387
-86.460 -74.513 288.387
-86.457 -74.512 288.387
-86.455 -74.510 288.387
-86.453 -74.508 288.387
-86.450 -74.507 288.387
-86.449 -74.504 288.387
-86.446 -74.503 288.387
-86.443 -74.501 288.387
-86.440 -74.499 288.387
-86.437 -74.496 288.387
-86.434 -74.493 288.387
-86.431 -74.492 288.387
-86.429 -74.490 288.387
-86.428 -74.487 288.387
-86.425 -74.485 288.387
-86.422 -74.484 288.387
-86.420 -74.482 288.387
-86.418 -74.480 288.387
-86.414 -74.477 288.387
-86.412 -74.475 288.387
-86.408 -74.472 288.387
-86.404 -74.469 288.387
-86.401 -74.468 288.387
-86.399 -74.466 288.387
-86.397 -74.464 288.387
-86.393 -74.462 288.387
-86.391 -74.460 288.387
-86.387 -74.458 288.387
-86.385 -74.456 288.387
-86.381 -74.454 288.387
-86.378 -74.452 288.387
-86.376 -74.450 288.387
-86.373 -74.449 288.387
-86.372 -74.445 288.387
-86.369 -74.442 288.387
-86.365 -74.441 288.387
-86.363 -74.437 288.387
-86.360 -74.436 288.387
-86.358 -74.434 288.387
-86.356 -74.430 288.387
-86.353 -74.428 288.387
-86.352 -74.425 288.387
-86.348 -74.424 288.387
-86.345 -74.422 288.387
-86.343 -74.420 288.387
-86.341 -74.418 288.387
-86.340 -74.415 288.387
-86.337 -74.414 288.387
-86.335 -74.412 288.387
-86.331 -74.409 288.387
-86.327 -74.405 288.387
-86.321 -74.400 288.387
-86.318 -74.398 288.387
-86.316 -74.395 288.387
-86.312 -74.390 288.387
-86.309 -74.388 288.387
-86.306 -74.385 288.387
-86.305 -74.382 288.387
-86.301 -74.380 288.387
-86.300 -74.377 288.387
-86.299 -74.374 288.387
-86.295 -74.368 288.387
-86.292 -74.367 288.387
-86.290 -74.365 288.387
-86.289 -74.362 288.387
-86.287 -74.360 288.387
-86.286 -74.357 288.387
-86.283 -74.354 288.387
-86.280 -74.351 288.387
-86.278 -74.348 288.387
-86.277 -74.345 288.387
-86.275 -74.343 288.387
-86.273 -74.339 288.387
-86.272 -74.335 288.387
-86.272 -74.332 288.387
-86.264 -74.330 288.387
-86.264 -74.326 288.387
-86.262 -74.323 288.387
-86.260 -74.320 288.387
-86.256 -74.319 288.387
-86.256 -74.316 288.387
-86.252 -74.312 288.387
-86.250 -74.310 288.387
-86.247 -74.310 288.387
-86.246 -74.303 288.387
-86.240 -74.303 288.387
-86.235 -74.301 288.387
-86.229 -74.297 288.387
-86.226 -74.294 288.387
-86.224 -74.291 288.387
-86.219 -74.290 288.387
-86.215 -74.289 288.387
-86.211 -74.287 288.387
-86.207 -74.285 288.387
-86.204 -74.282 288.387
-86.196 -74.277 288.387
-86.194 -74.274 288.387
-86.189 -74.274 288.387
-86.187 -74.272 288.387
-86.184 -74.268 288.387
-86.178 -74.268 288.387
-86.174 -74.265 288.387
-86.172 -74.261 288.387
-86.168 -74.261 288.387
-86.166 -74.258 288.387
-86.163 -74.258 288.387
-86.160 -74.255 288.387
-86.158 -74.253 288.387
-86.155 -74.252 288.387
-86.149 -74.249 288.387
-86.146 -74.247 288.387
-86.143 -74.246 288.387
-86.140 -74.245 288.387
-86.136 -74.244 288.387
-86.133 -74.244 288.387
-86.131 -74.242 288.387
-86.127 -74.240 288.387
-86.123 -74.238 288.387
-86.118 -74.238 288.387
-86.115 -74.237 288.387
-86.112 -74.235 288.387
-86.110 -74.233 288.387
-86.107 -74.232 288.387
-86.104 -74.231 288.387
-86.101 -74.230 288.387
-86.098 -74.229 288.387
-86.095 -74.229 288.387
-86.092 -74.227 288.387
-86.089 -74.225 288.387
-86.086 -74.225 288.387
-86.083 -74.223 288.387
-86.080 -74.222 288.387
-86.075 -74.220 288.387
-86.072 -74.219 288.387
-86.069 -74.218 288.387
-86.065 -74.216 288.387
-86.062 -74.215 288.387
-86.059 -74.214 288.387
-86.056 -74.213 288.387
-86.053 -74.212 288.387
-86.050 -74.211 288.387
-86.047 -74.210 288.387
-86.043 -74.209 288.387
-86.040 -74.207 288.387
-86.036 -74.206 288.387
-86.030 -74.205 288.387
-86.028 -74.203 288.387
-86.024 -74.203 288.387
-86.019 -74.201 288.387
-86.015 -74.200 288.387
-86.009 -74.199 288.387
-86.001 -74.198 288.387
-85.999 -74.196 288.387
-85.995 -74.195 288.387
-85.990 -74.194 288.387
-85.986 -74.192 288.387
-85.981 -74.192 288.387
-85.977 -74.191 288.387
-85.973 -74.191 288.387
-85.971 -74.188 288.387
-85.967 -74.188 288.387
-85.962 -74.187 288.387
-85.959 -74.186 288.387
-85.955 -74.180 288.387
-85.952 -74.178 288.387
-85.949 -74.175 288.387
-85.947 -74.170 288.387
-85.945 -74.168 288.387
-85.942 -74.167 288.387
-85.937 -74.163 288.387
-85.933 -74.158 288.387
-85.929 -74.155 288.387
-85.927 -74.152 288.387
-85.926 -74.148 288.387
-85.922 -74.145 288.387
-85.919 -74.139 288.387
-85.916 -74.134 288.387
-85.914 -74.130 288.387
-85.913 -74.127 288.387
-85.911 -74.125 288.387
-85.910 -74.122 288.387
-85.908 -74.120 288.387
-85.906 -74.116 288.387
-85.903 -74.113 288.387
-85.900 -74.111 288.387
-85.899 -74.107 288.387
-85.896 -74.107 288.387
-85.893 -74.100 288.387
-85.890 -74.099 288.387
-85.887 -74.096 288.387
-85.880 -74.095 288.387
-85.877 -74.092 288.387
-85.875 -74.089 288.387
-85.870 -74.085 288.387
-85.867 -74.083 288.387
-85.860 -74.081 288.387
-85.858 -74.079 288.387
-85.855 -74.076 288.387
-85.852 -74.075 288.387
-85.848 -74.070 288.387
-85.844 -74.069 288.387
-85.839 -74.064 288.387
-85.834 -74.063 288.387
-85.833 -74.060 288.387
-85.828 -74.060 288.387
-85.826 -74.058 288.387
-85.821 -74.057 288.387
-85.817 -74.051 288.387
-85.813 -74.051 288.387
-85.810 -74.047 288.387
-85.805 -74.043 288.387
-85.803 -74.041 288.387
-85.801 -74.039 288.387
-85.799 -74.036 288.387
-85.796 -74.034 288.387
-85.793 -74.032 288.387
-85.789 -74.030 288.387
-85.786 -74.029 288.387
-85.784 -74.026 288.387
-85.781 -74.025 288.387
-85.778 -74.024 288.387
-85.774 -74.021 288.387
-85.769 -74.018 288.387
-85.766 -74.016 288.387
-85.763 -74.010 288.387
-85.760 -74.010 288.387
-85.757 -74.010 288.387
-85.754 -74.008 288.387
-85.751 -74.006 288.387
-85.746 -74.003 288.387
-85.743 -74.001 288.387
-85.738 -73.995 288.387
-85.735 -73.992 288.387
-85.730 -73.987 288.387
-85.726 -73.987 288.387
-85.724 -73.985 288.387
-85.721 -73.984 288.387
-85.717 -73.981 288.387
-85.711 -73.977 288.387
-85.707 -73.970 288.387
-85.702 -73.971 288.387
-85.698 -73.968 288.387
-85.697 -73.965 288.387
-85.694 -73.963 288.387
-85.689 -73.962 288.387
-85.687 -73.958 288.387
-85.682 -73.955 288.387
-85.678 -73.954 288.387
-85.675 -73.951 288.387
-85.672 -73.949 288.387
-85.669 -73.948 288.387
-85.667 -73.945 288.387
-85.663 -73.941 288.387
-85.660 -73.940 288.387
-85.654 -73.937 288.387
-85.651 -73.933 288.387
-85.647 -73.932 288.387
-85.642 -73.928 288.387
-85.638 -73.924 288.387
-85.635 -73.923 288.387
-85.633 -73.921 288.387
-85.632 -73.918 288.387
-85.628 -73.919 288.387
-85.626 -73.915 288.387
-85.624 -73.913 288.387
-85.620 -73.912 288.387
-85.616 -73.910 288.387
-85.614 -73.907 288.387
-85.610 -73.908 288.387
-85.608 -73.904 288.387
-85.606 -73.899 288.387
-85.603 -73.900 288.387
-85.601 -73.897 288.387
-85.596 -73.896 288.387
-85.592 -73.895 288.387
-85.588 -73.894 288.387
-85.585 -73.890 288.387
-85.582 -73.890 288.387
-85.574 -73.884 288.387
-85.570 -73.882 288.387
-85.566 -73.879 288.387
-85.562 -73.879 288.387
-85.559 -73.873 288.387
-85.556 -73.873 288.387
-85.550 -73.873 288.387
-85.547 -73.871 288.387
-85.543 -73.867 288.387
-85.540 -73.865 288.387
-85.536 -73.864 288.387
-85.533 -73.864 288.387
-85.531 -73.860 288.387
-85.525 -73.860 288.387
-85.520 -73.858 288.387
-85.518 -73.854 288.387
-85.515 -73.853 288.387
-85.511 -73.853 288.387
-85.509 -73.851 288.387
-85.507 -73.849 288.387
-85.502 -73.847 288.387
-85.497 -73.846 288.387
-85.493 -73.844 288.387
-85.487 -73.840 288.387
-85.484 -73.839 288.387
-85.481 -73.836 288.387
-85.477 -73.834 288.387
-85.473 -73.834 288.387
-85.471 -73.830 288.387
-85.467 -73.831 288.387
-85.463 -73.829 288.387
-85.459 -73.825 288.387
-85.456 -73.825 288.387
-85.453 -73.824 288.387
-85.447 -73.818 288.387
-85.444 -73.817 288.387
-85.441 -73.815 288.387
-85.439 -73.813 288.387
-85.435 -73.812 288.387
-85.433 -73.809 288.387
-85.430 -73.807 288.387
-85.426 -73.806 288.387
-85.424 -73.804 288.387
-85.421 -73.800 288.387
-85.419 -73.798 288.387
-85.416 -73.799 288.387
-85.412 -73.797 288.387
-85.408 -73.794 288.387
-85.406 -73.790 288.387
-85.403 -73.791 288.387
-85.401 -73.789 288.387
-85.398 -73.787 288.387
-85.395 -73.784 288.387
-85.392 -73.784 288.387
-85.389 -73.781 288.387
-85.386 -73.780 288.387
-85.384 -73.778 288.387
-85.382 -73.775 288.387
-85.379 -73.776 288.387
-85.377 -73.774 288.387
-85.374 -73.773 288.387
-85.370 -73.770 288.387
-85.366 -73.768 288.387
-85.364 -73.764 288.387
-85.361 -73.764 288.387
-85.357 -73.760 288.387
-85.355 -73.757 288.387
-85.351 -73.758 288.387
-85.348 -73.755 288.387
-85.345 -73.753 288.387
-85.342 -73.752 288.387
-85.339 -73.749 288.387
-85.335 -73.747 288.387
-85.332 -73.745 288.387
-85.323 -73.740 288.387
-85.319 -73.738 288.387
-85.315 -73.736 288.387
-85.313 -73.733 288.387
-85.310 -73.731 288.387
-85.307 -73.729 288.387
-85.304 -73.728 288.387
-85.301 -73.726 288.387
-85.298 -73.724 288.387
-85.295 -73.722 288.387
-85.292 -73.721 288.387
-85.288 -73.718 288.387
-85.285 -73.716 288.387
-85.281 -73.714 288.387
-85.279 -73.711 288.387
-85.276 -73.711 288.387
-85.273 -73.709 288.387
-85.271 -73.707 288.387
-85.269 -73.704 288.387
-85.266 -73.705 288.387
-85.264 -73.703 288.387
-85.260 -73.701 288.387
-85.248 -73.695 288.387
-85.244 -73.693 288.387
-85.241 -73.691 288.387
-85.238 -73.690 288.387
-85.234 -73.686 288.387
-85.231 -73.685 288.387
-85.229 -73.682 288.387
-85.225 -73.682 288.387
-85.223 -73.679 288.387
-85.220 -73.679 288.387
-85.216 -73.678 288.387
-85.213 -73.676 288.387
-85.210 -73.675 288.387
-85.204 -73.672 288.387
-85.202 -73.669 288.387
-85.198 -73.669 288.387
-85.195 -73.664 288.387
-85.190 -73.665 288.387
-85.186 -73.662 288.387
-85.180 -73.655 288.387
-85.175 -73.657 288.387
-85.171 -73.656 288.387
-85.164 -73.652 288.387
-85.160 -73.648 288.387
-85.156 -73.645 288.387
-85.153 -73.642 288.387
-85.150 -73.639 288.387
-85.147 -73.636 288.387
-85.143 -73.633 288.387
-85.140 -73.631 288.387
-85.136 -73.627 288.387
-85.133 -73.625 288.387
-85.128 -73.622 288.387
-85.123 -73.613 288.387
-85.120 -73.614 288.387
-85.116 -73.611 288.387
-85.110 -73.608 288.387
-85.104 -73.602 288.387
-85.099 -73.595 288.387
-85.093 -73.590 288.387
-85.089 -73.588 288.387
-85.085 -73.588 288.387
-85.081 -73.587 288.387
-85.078 -73.585 288.387
-85.075 -73.583 288.387
-85.072 -73.584 288.387
-85.070 -73.581 288.387
-85.066 -73.580 288.387
-85.063 -73.578 288.387
-85.060 -73.579 288.387
-85.057 -73.576 288.387
-85.052 -73.577 288.387
-85.048 -73.577 288.387
-85.041 -73.572 288.387
-85.035 -73.573 288.387
-85.030 -73.570 288.387
-85.026 -73.568 288.387
-85.022 -73.562 288.387
-85.018 -73.563 288.387
-85.015 -73.560 288.387
-85.012 -73.559 288.387
-85.009 -73.557 288.387
-85.004 -73.555 288.387
-85.001 -73.551 288.387
-84.998 -73.549 288.387
-84.995 -73.549 288.387
-84.992 -73.549 288.387
-84.989 -73.548 288.387
-84.982 -73.544 288.387
-84.979 -73.541 288.387
-84.976 -73.539 288.387
-84.971 -73.539 288.387
-84.968 -73.537 288.387
-84.964 -73.536 288.387
-84.960 -73.534 288.387
-84.955 -73.529 288.387
-84.950 -73.525 288.387
-84.947 -73.522 288.387
-84.945 -73.519 288.387
-84.942 -73.520 288.387
-84.939 -73.517 288.387
-84.936 -73.513 288.387
-84.932 -73.511 288.387
-84.930 -73.509 288.387
-84.927 -73.508 288.387
-84.923 -73.504 288.387
-84.920 -73.502 288.387
-84.916 -73.498 288.387
-84.913 -73.496 288.387
-84.911 -73.493 288.387
-84.908 -73.492 288.387
-84.904 -73.489 288.387
-84.900 -73.486 288.387
-84.894 -73.479 288.387
-84.891 -73.479 288.387
-84.889 -73.477 288.387
-84.884 -73.473 288.387
-84.880 -73.471 288.387
-84.876 -73.470 288.387
-84.873 -73.466 288.387
-84.869 -73.465 288.387
-84.866 -73.463 288.387
-84.863 -73.461 288.387
-84.860 -73.459 288.387
-84.857 -73.456 288.387
-84.854 -73.455 288.387
-84.851 -73.453 288.387
-84.845 -73.450 288.387
-84.841 -73.447 288.387
-84.839 -73.444 288.387
-84.836 -73.444 288.387
-84.834 -73.442 288.387
-84.831 -73.440 288.387
-84.827 -73.437 288.387
-84.823 -73.435 288.387
-84.821 -73.432 288.387
-84.818 -73.431 288.387
-84.813 -73.428 288.387
-84.810 -73.426 288.387
-84.807 -73.423 288.387
-84.802 -73.421 288.387
-84.797 -73.417 288.387
-84.795 -73.415 288.387
-84.792 -73.415 288.387
-84.790 -73.413 288.387
-84.785 -73.409 288.387
-84.781 -73.408 288.387
-84.777 -73.405 288.387
-84.773 -73.402 288.387
-84.770 -73.400 288.387
-84.767 -73.397 288.387
-84.764 -73.396 288.387
-84.759 -73.393 288.387
-84.757 -73.391 288.387
-84.754 -73.389 288.387
-84.747 -73.385 288.387
-84.745 -73.383 288.387
-84.741 -73.380 288.387
-84.737 -73.378 288.387
-84.734 -73.378 288.387
-84.732 -73.376 288.387
-84.729 -73.375 288.387
-84.722 -73.371 288.387
-84.719 -73.368 288.387
-84.716 -73.368 288.387
-84.713 -73.365 288.387
-84.710 -73.364 288.387
-84.708 -73.362 288.387
-84.704 -73.361 288.387
-84.701 -73.358 288.387
-84.697 -73.356 288.387
-84.693 -73.353 288.387
-84.690 -73.353 288.387
-84.687 -73.351 288.387
-84.684 -73.348 288.387
-84.678 -73.346 288.387
-84.675 -73.343 288.387
-84.671 -73.342 288.387
-84.668 -73.340 288.387
-84.660 -73.331 288.387
-84.655 -73.330 288.387
-84.648 -73.323 288.387
-84.646 -73.320 288.387
-84.643 -73.316 288.387
-84.639 -73.314 288.387
-84.636 -73.311 288.387
-84.634 -73.308 288.387
-84.630 -73.307 288.387
-84.628 -73.304 288.387
-84.625 -73.302 288.387
-84.622 -73.298 288.387
-84.618 -73.295 288.387
-84.615 -73.291 288.387
-84.612 -73.288 288.387
-84.609 -73.285 288.387
-84.606 -73.283 288.387
-84.602 -73.279 288.387
-84.599 -73.275 288.387
-84.596 -73.273 288.387
-84.594 -73.270 288.387
-84.592 -73.268 288.387
-84.590 -73.266 288.387
-84.588 -73.264 288.387
-84.586 -73.261 288.387
-84.582 -73.259 288.387
-84.578 -73.254 288.387
-84.576 -73.251 288.387
-84.573 -73.250 288.387
-84.569 -73.244 288.387
-84.566 -73.242 288.387
-84.564 -73.240 288.387
-84.562 -73.238 288.387
-84.560 -73.236 288.387
-84.558 -73.234 288.387
-84.556 -73.232 288.387
-84.553 -73.229 288.387
-84.548 -73.222 288.387
-84.544 -73.220 288.387
-84.541 -73.218 288.387
-84.538 -73.217 288.387
-84.535 -73.216 288.387
-84.532 -73.215 288.387
-84.529 -73.214 288.387
-84.526 -73.213 288.387
-84.523 -73.212 288.387
-84.521 -73.210 288.387
-84.518 -73.210 288.387
-84.515 -73.208 288.387
-84.512 -73.208 288.387
-84.508 -73.205 288.387
-84.505 -73.205 288.387
-84.501 -73.204 288.387
-84.498 -73.202 288.387
-84.495 -73.201 288.387
-84.492 -73.200 288.387
-84.487 -73.197 288.387
-84.483 -73.196 288.387
-84.480 -73.196 288.387
-84.477 -73.195 288.387
-84.475 -73.193 288.387
-84.472 -73.192 288.387
-84.469 -73.192 288.387
-84.465 -73.190 288.387
-84.462 -73.189 288.387
-84.459 -73.188 288.387
-84.456 -73.186 288.387
-84.454 -73.184 288.387
-84.452 -73.182 288.387
-84.449 -73.180 288.387
-84.446 -73.177 288.387
-84.442 -73.174 288.387
-84.439 -73.171 288.387
-84.435 -73.166 288.387
-84.431 -73.164 288.387
-84.428 -73.161 288.387
-84.424 -73.156 288.387
-84.420 -73.151 288.387
-84.417 -73.151 288.387
-84.410 -73.141 288.387
-84.405 -73.139 288.387
-84.403 -73.137 288.387
-84.400 -73.133 288.387
-84.397 -73.130 288.387
-84.393 -73.127 288.387
-84.389 -73.123 288.387
-84.385 -73.119 288.387
-84.382 -73.117 288.387
-84.379 -73.115 288.387
-84.376 -73.114 288.387
-84.374 -73.112 288.387
-84.367 -73.109 288.387
-84.362 -73.104 288.387
-84.356 -73.101 288.387
-84.353 -73.097 288.387
-84.349 -73.096 288.387
-84.344 -73.094 288.387
-84.338 -73.088 288.387
-84.333 -73.085 288.387
-84.330 -73.084 288.387
-84.328 -73.082 288.387
-84.324 -73.081 288.387
-84.318 -73.076 288.387
-84.316 -73.074 288.387
-84.313 -73.074 288.387
-84.306 -73.068 288.387
-84.303 -73.066 288.387
-84.301 -73.064 288.387
-84.298 -73.060 288.387
-84.295 -73.061 288.387
-84.288 -73.054 288.387
-84.286 -73.052 288.387
-84.283 -73.049 288.387
-84.274 -73.037 288.387
-84.264 -73.025 288.387
-84.258 -73.017 288.387
-84.256 -73.015 288.387
-84.249 -73.006 288.387
-84.244 -72.999 288.387
-84.241 -72.996 288.387
-84.221 -72.967 288.387
-84.219 -72.964 288.387
-84.217 -72.960 288.387
-84.214 -72.954 288.387
-84.188 -72.920 288.387
-84.183 -72.913 288.387
-84.181 -72.911 288.387
-84.176 -72.908 288.387
-84.174 -72.906 288.387
-84.162 -72.894 288.387
-84.159 -72.891 288.387
-84.156 -72.887 288.387
-84.151 -72.885 288.387
-84.148 -72.883 288.387
-84.143 -72.879 288.387
-84.137 -72.872 288.387
-84.133 -72.868 288.387
-84.128 -72.863 288.387
-84.125 -72.860 288.387
-84.122 -72.857 288.387
-84.118 -72.853 288.387
-84.115 -72.850 288.387
-84.112 -72.846 288.387
-84.108 -72.843 288.387
-84.105 -72.839 288.387
-84.101 -72.836 288.387
-84.094 -72.829 288.387
-84.091 -72.826 288.387
-84.087 -72.822 288.387
-84.084 -72.818 288.387
-84.082 -72.816 288.387
-84.079 -72.813 288.387
-84.077 -72.811 288.387
-84.074 -72.809 288.387
-84.065 -72.799 288.387
-84.060 -72.792 288.387
-84.057 -72.790 288.387
-84.052 -72.783 288.387
-84.050 -72.781 288.387
-84.048 -72.779 288.387
-84.044 -72.774 288.387
-84.035 -72.762 288.387
-84.027 -72.750 288.387
-84.024 -72.745 288.387
-84.018 -72.735 288.387
-83.997 -72.703 288.387
-83.995 -72.700 288.387
-83.987 -72.688 288.387
-83.983 -72.682 288.387
-83.977 -72.672 288.387
-83.970 -72.660 288.387
-83.968 -72.654 288.387
-83.964 -72.637 288.387
-83.967 -72.624 288.387
-83.971 -72.618 288.387
-83.974 -72.617 288.387
-83.977 -72.616 288.387
-83.980 -72.610 288.387
-83.986 -72.601 288.387
-83.997 -72.596 288.387
-84.004 -72.583 288.387
-84.010 -72.576 288.387
-84.018 -72.562 288.387
-84.022 -72.529 288.387
-84.024 -72.519 288.387
-84.027 -72.502 288.387
-84.024 -72.496 288.387
-84.022 -72.494 288.387
-84.023 -72.487 288.387
-84.019 -72.486 288.387
-84.017 -72.471 288.387
-84.019 -72.458 288.387
-84.022 -72.448 288.387
-84.024 -72.414 288.387
-84.029 -72.388 288.387
-84.030 -72.380 288.387
-84.033 -72.375 288.387
-84.035 -72.370 288.387
-84.046 -72.355 288.387
-84.047 -72.350 288.387
-84.050 -72.350 288.387
-84.055 -72.340 288.387
-84.063 -72.337 288.387
-84.068 -72.334 288.387
-84.068 -72.331 288.387
-84.071 -72.325 288.387
-84.082 -72.323 288.387
-84.092 -72.307 288.387
-84.094 -72.305 288.387
-84.097 -72.298 288.387
-84.097 -72.292 288.387
-84.100 -72.288 288.387
-84.106 -72.283 288.387
-84.105 -72.263 288.387
-84.093 -72.239 288.387
-84.087 -72.241 288.387
-84.081 -72.230 288.387
-84.076 -72.230 288.387
-84.071 -72.211 288.387
-84.062 -72.205 288.387
-84.051 -72.201 288.387
-84.042 -72.191 288.387
-84.032 -72.178 288.387
-84.030 -72.166 288.387
-84.026 -72.159 288.387
-84.026 -72.155 288.387
-84.022 -72.148 288.387
-84.022 -72.142 288.387
-84.021 -72.130 288.387
-84.016 -72.129 288.387
-84.014 -72.126 288.387
-84.013 -72.123 288.387
-84.006 -72.116 288.387
-84.001 -72.105 288.387
-83.999 -72.101 288.387
-83.990 -72.091 288.387
-83.986 -72.086 288.387
-83.983 -72.078 288.387
-83.981 -72.068 288.387
-83.977 -72.066 288.387
-83.970 -72.061 288.387
-83.967 -72.050 288.387
-83.962 -72.048 288.387
-83.959 -72.038 288.387
-83.954 -72.030 288.387
-83.952 -72.020 288.387
-83.951 -72.005 288.387
-83.952 -72.001 288.387
-83.960 -72.001 288.387
