-79.152 -71.159 296.328
-79.140 -71.159 296.328
-79.136 -71.171 296.328
-79.131 -71.186 296.328
-79.129 -71.192 296.328
-79.125 -71.207 296.328
-79.122 -71.217 296.328
-79.109 -71.251 296.328
-79.105 -71.259 296.328
-79.102 -71.263 296.328
-79.098 -71.273 296.328
-79.096 -71.278 296.328
-79.090 -71.299 296.328
-79.086 -71.324 296.328
-79.086 -71.338 296.328
-79.086 -71.343 296.328
-79.088 -71.351 296.328
-79.088 -71.361 296.328
-79.088 -71.367 296.328
-79.088 -71.372 296.328
-79.088 -71.378 296.328
-79.089 -71.394 296.328
-79.086 -71.435 296.328
-79.083 -71.449 296.328
-79.080 -71.463 296.328
-79.079 -71.470 296.328
-79.076 -71.475 296.328
-79.074 -71.491 296.328
-79.071 -71.497 296.328
-79.071 -71.505 296.328
-79.073 -71.509 296.328
-79.074 -71.517 296.328
-79.074 -71.525 296.328
-79.074 -71.530 296.328
-79.074 -71.538 296.328
-79.075 -71.555 296.328
-79.076 -71.561 296.328
-79.076 -71.571 296.328
-79.076 -71.578 296.328
-79.076 -71.584 296.328
-79.076 -71.589 296.328
-79.076 -71.595 296.328
-79.075 -71.605 296.328
-79.069 -71.642 296.328
-79.068 -71.648 296.328
-79.067 -71.655 296.328
-79.065 -71.663 296.328
-79.063 -71.675 296.328
-79.061 -71.684 296.328
-79.060 -71.692 296.328
-79.059 -71.698 296.328
-79.057 -71.707 296.328
-79.056 -71.712 296.328
-79.055 -71.718 296.328
-79.053 -71.728 296.328
-79.053 -71.740 296.328
-79.054 -71.752 296.328
-79.055 -71.768 296.328
-79.056 -71.780 296.328
-79.057 -71.796 296.328
-79.059 -71.810 296.328
-79.059 -71.846 296.328
-79.059 -71.852 296.328
-79.059 -71.857 296.328
-79.065 -71.900 296.328
-79.067 -71.915 296.328
-79.072 -71.935 296.328
-79.076 -71.951 296.328
-79.081 -71.969 296.328
-79.091 -71.997 296.328
-79.098 -72.018 296.328
-79.100 -72.024 296.328
-79.113 -72.046 296.328
-79.117 -72.054 296.328
-79.124 -72.067 296.328
-79.126 -72.071 296.328
-79.131 -72.080 296.328
-79.136 -72.089 296.328
-79.142 -72.100 296.328
-79.146 -72.107 296.328
-79.149 -72.112 296.328
-79.152 -72.118 296.328
-79.155 -72.123 296.328
-79.165 -72.144 296.328
-79.168 -72.147 296.328
-79.175 -72.157 296.328
-79.178 -72.162 296.328
-79.184 -72.169 296.328
-79.189 -72.175 296.328
-79.193 -72.183 296.328
-79.195 -72.187 296.328
-79.199 -72.190 296.328
-79.205 -72.204 296.328
-79.215 -72.223 296.328
-79.220 -72.231 296.328
-79.232 -72.260 296.328
-79.235 -72.265 296.328
-79.239 -72.274 296.328
-79.249 -72.299 296.328
-79.254 -72.309 296.328
-79.269 -72.343 296.328
-79.281 -72.373 296.328
-79.296 -72.407 296.328
-79.310 -72.439 296.328
-79.319 -72.463 296.328
-79.322 -72.471 296.328
-79.324 -72.476 296.328
-79.325 -72.481 296.328
-79.331 -72.500 296.328
-79.336 -72.514 296.328
-79.340 -72.521 296.328
-79.343 -72.528 296.328
-79.346 -72.534 296.328
-79.349 -72.540 296.328
-79.361 -72.579 296.328
-79.364 -72.593 296.328
-79.366 -72.599 296.328
-79.368 -72.609 296.328
-79.371 -72.622 296.328
-79.378 -72.640 296.328
-79.379 -72.645 296.328
-79.381 -72.650 296.328
-79.382 -72.655 296.328
-79.383 -72.660 296.328
-79.384 -72.666 296.328
-79.386 -72.673 296.328
-79.387 -72.679 296.328
-79.388 -72.686 296.328
-79.389 -72.692 296.328
-79.391 -72.699 296.328
-79.392 -72.706 296.328
-79.393 -72.713 296.328
-79.394 -72.718 296.328
-79.396 -72.723 296.328
-79.396 -72.729 296.328
-79.398 -72.737 296.328
-79.400 -72.744 296.328
-79.401 -72.749 296.328
-79.401 -72.754 296.328
-79.402 -72.760 296.328
-79.403 -72.766 296.328
-79.403 -72.774 296.328
-79.405 -72.784 296.328
-79.405 -72.792 296.328
-79.407 -72.801 296.328
-79.407 -72.808 296.328
-79.408 -72.813 296.328
-79.409 -72.820 296.328
-79.409 -72.825 296.328
-79.410 -72.830 296.328
-79.412 -72.839 296.328
-79.415 -72.848 296.328
-79.417 -72.857 296.328
-79.426 -72.881 296.328
-79.430 -72.894 296.328
-79.434 -72.905 296.328
-79.438 -72.916 296.328
-79.441 -72.926 296.328
-79.450 -72.947 296.328
-79.454 -72.955 296.328
-79.459 -72.965 296.328
-79.463 -72.972 296.328
-79.468 -72.982 296.328
-79.477 -73.004 296.328
-79.482 -73.014 296.328
-79.484 -73.019 296.328
-79.497 -73.050 296.328
-79.505 -73.070 296.328
-79.509 -73.081 296.328
-79.510 -73.086 296.328
-79.513 -73.098 296.328
-79.516 -73.106 296.328
-79.521 -73.119 296.328
-79.523 -73.125 296.328
-79.528 -73.134 296.328
-79.536 -73.148 296.328
-79.539 -73.153 296.328
-79.551 -73.173 296.328
-79.554 -73.177 296.328
-79.557 -73.181 296.328
-79.561 -73.184 296.328
-79.565 -73.187 296.328
-79.570 -73.192 296.328
-79.578 -73.200 296.328
-79.583 -73.202 296.328
-79.586 -73.206 296.328
-79.592 -73.211 296.328
-79.598 -73.215 296.328
-79.605 -73.225 296.328
-79.614 -73.235 296.328
-79.618 -73.241 296.328
-79.625 -73.249 296.328
-79.633 -73.259 296.328
-79.643 -73.271 296.328
-79.652 -73.280 296.328
-79.656 -73.285 296.328
-79.664 -73.295 296.328
-79.672 -73.304 296.328
-79.675 -73.307 296.328
-79.681 -73.313 296.328
-79.688 -73.321 296.328
-79.691 -73.324 296.328
-79.697 -73.329 296.328
-79.701 -73.333 296.328
-79.706 -73.339 296.328
-79.709 -73.342 296.328
-79.714 -73.346 296.328
-79.719 -73.353 296.328
-79.724 -73.355 296.328
-79.732 -73.367 296.328
-79.738 -73.371 296.328
-79.742 -73.376 296.328
-79.749 -73.384 296.328
-79.754 -73.388 296.328
-79.757 -73.391 296.328
-79.762 -73.396 296.328
-79.769 -73.403 296.328
-79.783 -73.418 296.328
-79.787 -73.421 296.328
-79.795 -73.427 296.328
-79.800 -73.431 296.328
-79.807 -73.440 296.328
-79.812 -73.444 296.328
-79.819 -73.450 296.328
-79.824 -73.455 296.328
-79.830 -73.461 296.328
-79.833 -73.465 296.328
-79.843 -73.477 296.328
-79.848 -73.481 296.328
-79.853 -73.489 296.328
-79.860 -73.496 296.328
-79.866 -73.504 296.328
-79.870 -73.508 296.328
-79.873 -73.511 296.328
-79.876 -73.516 296.328
-79.880 -73.521 296.328
-79.889 -73.531 296.328
-79.895 -73.537 296.328
-79.900 -73.543 296.328
-79.903 -73.546 296.328
-79.906 -73.550 296.328
-79.910 -73.555 296.328
-79.914 -73.559 296.328
-79.933 -73.591 296.328
-79.939 -73.602 296.328
-79.945 -73.613 296.328
-79.951 -73.624 296.328
-79.956 -73.633 296.328
-79.960 -73.639 296.328
-79.963 -73.644 296.328
-79.966 -73.649 296.328
-79.972 -73.659 296.328
-79.978 -73.669 296.328
-79.983 -73.676 296.328
-79.988 -73.681 296.328
-79.993 -73.689 296.328
-79.996 -73.693 296.328
-80.004 -73.706 296.328
-80.009 -73.714 296.328
-80.015 -73.723 296.328
-80.021 -73.732 296.328
-80.024 -73.737 296.328
-80.030 -73.747 296.328
-80.034 -73.753 296.328
-80.044 -73.767 296.328
-80.047 -73.771 296.328
-80.050 -73.774 296.328
-80.053 -73.777 296.328
-80.057 -73.783 296.328
-80.076 -73.817 296.328
-80.086 -73.837 296.328
-80.101 -73.864 296.328
-80.107 -73.873 296.328
-80.114 -73.885 296.328
-80.117 -73.889 296.328
-80.125 -73.902 296.328
-80.133 -73.914 296.328
-80.142 -73.930 296.328
-80.147 -73.938 296.328
-80.153 -73.949 296.328
-80.156 -73.953 296.328
-80.160 -73.960 296.328
-80.178 -74.001 296.328
-80.180 -74.005 296.328
-80.185 -74.017 296.328
-80.191 -74.030 296.328
-80.194 -74.036 296.328
-80.198 -74.046 296.328
-80.200 -74.051 296.328
-80.202 -74.057 296.328
-80.208 -74.070 296.328
-80.211 -74.077 296.328
-80.214 -74.083 296.328
-80.217 -74.089 296.328
-80.223 -74.103 296.328
-80.226 -74.111 296.328
-80.235 -74.131 296.328
-80.238 -74.139 296.328
-80.241 -74.145 296.328
-80.252 -74.164 296.328
-80.264 -74.182 296.328
-80.268 -74.185 296.328
-80.280 -74.207 296.328
-80.283 -74.211 296.328
-80.286 -74.216 296.328
-80.289 -74.221 296.328
-80.294 -74.227 296.328
-80.298 -74.230 296.328
-80.301 -74.235 296.328
-80.310 -74.251 296.328
-80.319 -74.261 296.328
-80.330 -74.276 296.328
-80.337 -74.283 296.328
-80.354 -74.319 296.328
-80.354 -74.324 296.328
-80.360 -74.340 296.328
-80.365 -74.360 296.328
-80.370 -74.375 296.328
-80.374 -74.385 296.328
-80.379 -74.396 296.328
-80.383 -74.405 296.328
-80.398 -74.430 296.328
-80.410 -74.457 296.328
-80.428 -74.498 296.328
-80.437 -74.520 296.328
-80.439 -74.526 296.328
-80.442 -74.532 296.328
-80.451 -74.550 296.328
-80.453 -74.554 296.328
-80.458 -74.563 296.328
-80.466 -74.576 296.328
-80.480 -74.604 296.328
-80.482 -74.610 296.328
-80.506 -74.649 296.328
-80.515 -74.661 296.328
-80.537 -74.697 296.328
-80.549 -74.714 296.328
-80.552 -74.718 296.328
-80.559 -74.728 296.328
-80.580 -74.759 296.328
-80.591 -74.774 296.328
-80.612 -74.800 296.328
-80.634 -74.824 296.328
-80.643 -74.832 296.328
-80.671 -74.863 296.328
-80.675 -74.870 296.328
-80.684 -74.881 296.328
-80.688 -74.886 296.328
-80.704 -74.899 296.328
-80.711 -74.903 296.328
-80.741 -74.933 296.328
-80.766 -74.956 296.328
-80.776 -74.966 296.328
-80.795 -74.983 296.328
-80.825 -75.013 296.328
-80.833 -75.021 296.328
-80.843 -75.032 296.328
-80.872 -75.060 296.328
-80.876 -75.063 296.328
-80.909 -75.092 296.328
-80.922 -75.105 296.328
-80.948 -75.131 296.328
-80.971 -75.154 296.328
-80.977 -75.161 296.328
-80.982 -75.166 296.328
-80.987 -75.173 296.328
-80.989 -75.177 296.328
-80.994 -75.184 296.328
-81.000 -75.190 296.328
-81.004 -75.195 296.328
-81.020 -75.211 296.328
-81.023 -75.214 296.328
-81.033 -75.225 296.328
-81.041 -75.233 296.328
-81.045 -75.237 296.328
-81.052 -75.243 296.328
-81.066 -75.255 296.328
-81.072 -75.259 296.328
-81.075 -75.262 296.328
-81.082 -75.267 296.328
-81.113 -75.299 296.328
-81.118 -75.305 296.328
-81.133 -75.323 296.328
-81.137 -75.327 296.328
-81.140 -75.330 296.328
-81.148 -75.336 296.328
-81.154 -75.340 296.328
-81.160 -75.345 296.328
-81.167 -75.351 296.328
-81.178 -75.359 296.328
-81.192 -75.370 296.328
-81.199 -75.375 296.328
-81.204 -75.378 296.328
-81.214 -75.385 296.328
-81.232 -75.397 296.328
-81.261 -75.422 296.328
-81.272 -75.431 296.328
-81.288 -75.445 296.328
-81.312 -75.466 296.328
-81.314 -75.471 296.328
-81.324 -75.480 296.328
-81.326 -75.484 296.328
-81.333 -75.492 296.328
-81.336 -75.498 296.328
-81.341 -75.504 296.328
-81.347 -75.511 296.328
-81.357 -75.521 296.328
-81.360 -75.525 296.328
-81.366 -75.530 296.328
-81.390 -75.547 296.328
-81.401 -75.556 296.328
-81.418 -75.567 296.328
-81.426 -75.571 296.328
-81.436 -75.579 296.328
-81.450 -75.586 296.328
-81.460 -75.591 296.328
-81.469 -75.595 296.328
-81.475 -75.600 296.328
-81.484 -75.605 296.328
-81.490 -75.605 296.328
-81.499 -75.612 296.328
-81.513 -75.621 296.328
-81.521 -75.624 296.328
-81.526 -75.624 296.328
-81.542 -75.634 296.328
-81.547 -75.637 296.328
-81.553 -75.641 296.328
-81.576 -75.651 296.328
-81.582 -75.655 296.328
-81.592 -75.662 296.328
-81.610 -75.674 296.328
-81.623 -75.684 296.328
-81.627 -75.686 296.328
-81.635 -75.692 296.328
-81.645 -75.698 296.328
-81.655 -75.704 296.328
-81.667 -75.713 296.328
-81.673 -75.716 296.328
-81.680 -75.720 296.328
-81.688 -75.724 296.328
-81.693 -75.727 296.328
-81.698 -75.728 296.328
-81.710 -75.735 296.328
-81.714 -75.738 296.328
-81.726 -75.745 296.328
-81.734 -75.748 296.328
-81.747 -75.754 296.328
-81.751 -75.757 296.328
-81.758 -75.762 296.328
-81.770 -75.769 296.328
-81.784 -75.776 296.328
-81.794 -75.781 296.328
-81.800 -75.786 296.328
-81.807 -75.792 296.328
-81.812 -75.796 296.328
-81.816 -75.798 296.328
-81.821 -75.802 296.328
-81.827 -75.807 296.328
-81.834 -75.813 296.328
-81.840 -75.818 296.328
-81.848 -75.824 296.328
-81.852 -75.827 296.328
-81.856 -75.831 296.328
-81.863 -75.837 296.328
-81.870 -75.844 296.328
-81.899 -75.877 296.328
-81.905 -75.881 296.328
-81.912 -75.887 296.328
-81.917 -75.890 296.328
-81.952 -75.917 296.328
-81.959 -75.923 296.328
-81.970 -75.929 296.328
-81.978 -75.935 296.328
-81.987 -75.944 296.328
-82.013 -75.973 296.328
-82.020 -75.980 296.328
-82.031 -75.993 296.328
-82.041 -76.003 296.328
-82.048 -76.012 296.328
-82.052 -76.016 296.328
-82.059 -76.026 296.328
-82.064 -76.034 296.328
-82.076 -76.052 296.328
-82.084 -76.060 296.328
-82.095 -76.075 296.328
-82.097 -76.079 296.328
-82.108 -76.086 296.328
-82.140 -76.113 296.328
-82.172 -76.135 296.328
-82.186 -76.148 296.328
-82.190 -76.154 296.328
-82.220 -76.180 296.328
-82.229 -76.188 296.328
-82.231 -76.193 296.328
-82.237 -76.198 296.328
-82.245 -76.205 296.328
-82.262 -76.222 296.328
-82.288 -76.244 296.328
-82.309 -76.267 296.328
-82.338 -76.295 296.328
-82.342 -76.300 296.328
-82.357 -76.314 296.328
-82.383 -76.337 296.328
-82.386 -76.341 296.328
-82.411 -76.364 296.328
-82.423 -76.378 296.328
-82.434 -76.388 296.328
-82.438 -76.393 296.328
-82.441 -76.397 296.328
-82.444 -76.402 296.328
-82.453 -76.413 296.328
-82.463 -76.422 296.328
-82.467 -76.429 296.328
-82.487 -76.447 296.328
-82.496 -76.457 296.328
-82.503 -76.465 296.328
-82.520 -76.483 296.328
-82.529 -76.492 296.328
-82.536 -76.503 296.328
-82.548 -76.516 296.328
-82.551 -76.519 296.328
-82.574 -76.540 296.328
-82.599 -76.561 296.328
-82.612 -76.572 296.328
-82.634 -76.591 296.328
-82.644 -76.598 296.328
-82.658 -76.610 296.328
-82.671 -76.619 296.328
-82.702 -76.645 296.328
-82.719 -76.662 296.328
-82.729 -76.671 296.328
-82.732 -76.674 296.328
-82.743 -76.683 296.328
-82.752 -76.691 296.328
-82.762 -76.700 296.328
-82.774 -76.709 296.328
-82.782 -76.715 296.328
-82.799 -76.731 296.328
-82.819 -76.752 296.328
-82.824 -76.758 296.328
-82.837 -76.767 296.328
-82.860 -76.794 296.328
-82.867 -76.800 296.328
-82.874 -76.807 296.328
-82.878 -76.809 296.328
-82.882 -76.812 296.328
-82.910 -76.832 296.328
-82.914 -76.835 296.328
-82.925 -76.843 296.328
-82.951 -76.861 296.328
-82.967 -76.875 296.328
-82.973 -76.880 296.328
-82.988 -76.892 296.328
-82.993 -76.897 296.328
-83.010 -76.905 296.328
-83.018 -76.906 296.328
-83.022 -76.908 296.328
-83.034 -76.914 296.328
-83.043 -76.918 296.328
-83.058 -76.923 296.328
-83.085 -76.946 296.328
-83.090 -76.952 296.328
-83.105 -76.969 296.328
-83.131 -77.002 296.328
-83.145 -77.014 296.328
-83.150 -77.023 296.328
-83.159 -77.033 296.328
-83.170 -77.045 296.328
-83.180 -77.050 296.328
-83.205 -77.064 296.328
-83.214 -77.067 296.328
-83.220 -77.068 296.328
-83.228 -77.073 296.328
-83.236 -77.075 296.328
-83.250 -77.083 296.328
-83.284 -77.096 296.328
-83.295 -77.104 296.328
-83.301 -77.108 296.328
-83.314 -77.118 296.328
-83.324 -77.127 296.328
-83.341 -77.141 296.328
-83.365 -77.158 296.328
-83.369 -77.165 296.328
-83.386 -77.181 296.328
-83.391 -77.183 296.328
-83.404 -77.186 296.328
-83.416 -77.192 296.328
-83.429 -77.199 296.328
-83.446 -77.208 296.328
-83.464 -77.215 296.328
-83.483 -77.224 296.328
-83.516 -77.242 296.328
-83.550 -77.263 296.328
-83.555 -77.266 296.328
-83.568 -77.274 296.328
-83.584 -77.283 296.328
-83.597 -77.292 296.328
-83.613 -77.304 296.328
-83.649 -77.325 296.328
-83.656 -77.329 296.328
-83.683 -77.345 296.328
-83.693 -77.350 296.328
-83.712 -77.359 296.328
-83.716 -77.357 296.328
-83.737 -77.367 296.328
-83.744 -77.367 296.328
-83.753 -77.371 296.328
-83.758 -77.374 296.328
-83.762 -77.372 296.328
-83.782 -77.382 296.328
-83.790 -77.384 296.328
-83.803 -77.391 296.328
-83.826 -77.402 296.328
-83.858 -77.420 296.328
-83.883 -77.434 296.328
-83.892 -77.438 296.328
-83.914 -77.447 296.328
-83.922 -77.451 296.328
-83.932 -77.454 296.328
-83.947 -77.461 296.328
-83.963 -77.468 296.328
-83.991 -77.482 296.328
-84.004 -77.493 296.328
-84.016 -77.502 296.328
-84.022 -77.506 296.328
-84.050 -77.526 296.328
-84.054 -77.531 296.328
-84.064 -77.538 296.328
-84.069 -77.537 296.328
-84.073 -77.539 296.328
-84.085 -77.546 296.328
-84.092 -77.547 296.328
-84.097 -77.549 296.328
-84.115 -77.553 296.328
-84.124 -77.553 296.328
-84.135 -77.555 296.328
-84.143 -77.554 296.328
-84.149 -77.553 296.328
-84.166 -77.561 296.328
-84.175 -77.563 296.328
-84.181 -77.563 296.328
-84.202 -77.571 296.328
-84.207 -77.569 296.328
-84.218 -77.575 296.328
-84.233 -77.581 296.328
-84.255 -77.593 296.328
-84.281 -77.617 296.328
-84.292 -77.628 296.328
-84.313 -77.653 296.328
-84.316 -77.657 296.328
-84.320 -77.660 296.328
-84.323 -77.666 296.328
-84.340 -77.680 296.328
-84.354 -77.686 296.328
-84.389 -77.702 296.328
-84.400 -77.708 296.328
-84.407 -77.709 296.328
-84.432 -77.723 296.328
-84.445 -77.736 296.328
-84.452 -77.746 296.328
-84.459 -77.756 296.328
-84.463 -77.759 296.328
-84.467 -77.766 296.328
-84.469 -77.770 296.328
-84.484 -77.784 296.328
-84.499 -77.796 296.328
-84.502 -77.800 296.328
-84.512 -77.808 296.328
-84.532 -77.820 296.328
-84.571 -77.844 296.328
-84.589 -77.856 296.328
-84.598 -77.863 296.328
-84.602 -77.868 296.328
-84.609 -77.875 296.328
-84.613 -77.878 296.328
-84.623 -77.885 296.328
-84.630 -77.890 296.328
-84.634 -77.896 296.328
-84.656 -77.911 296.328
-84.680 -77.927 296.328
-84.714 -77.948 296.328
-84.738 -77.963 296.328
-84.757 -77.975 296.328
-84.763 -77.976 296.328
-84.793 -78.004 296.328
-84.813 -78.020 296.328
-84.842 -78.037 296.328
-84.868 -78.053 296.328
-84.873 -78.057 296.328
-84.881 -78.062 296.328
-84.885 -78.065 296.328
-84.896 -78.072 296.328
-84.901 -78.077 296.328
-84.907 -78.082 296.328
-84.919 -78.092 296.328
-84.923 -78.095 296.328
-84.940 -78.107 296.328
-84.947 -78.112 296.328
-84.954 -78.118 296.328
-84.959 -78.122 296.328
-84.969 -78.128 296.328
-84.975 -78.134 296.328
-84.983 -78.139 296.328
-84.995 -78.146 296.328
-85.002 -78.150 296.328
-85.009 -78.153 296.328
-85.014 -78.155 296.328
-85.019 -78.157 296.328
-85.025 -78.160 296.328
-85.031 -78.163 296.328
-85.037 -78.166 296.328
-85.046 -78.170 296.328
-85.054 -78.174 296.328
-85.065 -78.180 296.328
-85.076 -78.185 296.328
-85.085 -78.190 296.328
-85.120 -78.211 296.328
-85.127 -78.216 296.328
-85.131 -78.219 296.328
-85.140 -78.227 296.328
-85.147 -78.232 296.328
-85.150 -78.235 296.328
-85.161 -78.243 296.328
-85.164 -78.246 296.328
-85.168 -78.249 296.328
-85.181 -78.259 296.328
-85.189 -78.265 296.328
-85.200 -78.274 296.328
-85.206 -78.279 296.328
-85.210 -78.282 296.328
-85.222 -78.292 296.328
-85.254 -78.314 296.328
-85.267 -78.325 296.328
-85.283 -78.337 296.328
-85.303 -78.350 296.328
-85.313 -78.353 296.328
-85.321 -78.356 296.328
-85.342 -78.363 296.328
-85.357 -78.366 296.328
-85.398 -78.378 296.328
-85.404 -78.381 296.328
-85.410 -78.385 296.328
-85.419 -78.391 296.328
-85.423 -78.395 296.328
-85.437 -78.404 296.328
-85.441 -78.406 296.328
-85.449 -78.411 296.328
-85.453 -78.417 296.328
-85.477 -78.433 296.328
-85.486 -78.444 296.328
-85.492 -78.443 296.328
-85.528 -78.471 296.328
-85.537 -78.477 296.328
-85.575 -78.494 296.328
-85.589 -78.501 296.328
-85.626 -78.517 296.328
-85.655 -78.528 296.328
-85.676 -78.536 296.328
-85.695 -78.543 296.328
-85.727 -78.555 296.328
-85.742 -78.561 296.328
-85.772 -78.572 296.328
-85.784 -78.576 296.328
-85.792 -78.577 296.328
-85.798 -78.578 296.328
-85.831 -78.582 296.328
-85.836 -78.582 296.328
-85.853 -78.582 296.328
-85.864 -78.582 296.328
-85.871 -78.583 296.328
-85.912 -78.588 296.328
-85.921 -78.592 296.328
-85.930 -78.595 296.328
-85.950 -78.600 296.328
-85.964 -78.604 296.328
-85.978 -78.607 296.328
-85.984 -78.610 296.328
-85.996 -78.614 296.328
-86.007 -78.617 296.328
-86.023 -78.621 296.328
-86.032 -78.623 296.328
-86.050 -78.627 296.328
-86.093 -78.630 296.328
-86.137 -78.633 296.328
-86.177 -78.638 296.328
-86.184 -78.639 296.328
-86.206 -78.640 296.328
-86.249 -78.646 296.328
-86.270 -78.644 296.328
-86.296 -78.643 296.328
-86.328 -78.644 296.328
-86.346 -78.644 296.328
-86.359 -78.644 296.328
-86.379 -78.646 296.328
