-83.049 -69.841 284.566
-83.045 -69.840 284.566
-83.038 -69.832 284.566
-83.029 -69.821 284.566
-83.021 -69.811 284.566
-83.010 -69.796 284.566
-83.000 -69.781 284.566
-82.998 -69.773 284.566
-82.996 -69.770 284.566
-82.996 -69.765 284.566
-82.995 -69.760 284.566
-82.994 -69.752 284.566
-82.989 -69.742 284.566
-82.990 -69.739 284.566
-82.987 -69.733 284.566
-82.987 -69.728 284.566
-82.986 -69.725 284.566
-82.988 -69.722 284.566
-82.985 -69.714 284.566
-82.984 -69.711 284.566
-82.980 -69.705 284.566
-82.978 -69.701 284.566
-82.978 -69.697 284.566
-82.970 -69.685 284.566
-82.968 -69.681 284.566
-82.965 -69.677 284.566
-82.935 -69.648 284.566
-82.928 -69.642 284.566
-82.921 -69.636 284.566
-82.906 -69.617 284.566
-82.893 -69.600 284.565
-82.883 -69.586 284.565
-82.879 -69.580 284.565
-82.871 -69.569 284.565
-82.859 -69.552 284.565
-82.857 -69.547 284.565
-82.854 -69.541 284.565
-82.855 -69.538 284.565
-82.849 -69.530 284.565
-82.848 -69.526 284.565
-82.849 -69.520 284.565
-82.842 -69.510 284.565
-82.840 -69.504 284.565
-82.841 -69.501 284.565
-82.837 -69.494 284.565
-82.836 -69.490 284.565
-82.833 -69.483 284.565
-82.831 -69.474 284.565
-82.828 -69.470 284.565
-82.820 -69.460 284.565
-82.813 -69.446 284.565
-82.808 -69.436 284.565
-82.804 -69.431 284.565
-82.801 -69.425 284.565
-82.794 -69.415 284.565
-82.793 -69.411 284.565
-82.786 -69.402 284.565
-82.783 -69.395 284.565
-82.774 -69.382 284.565
-82.770 -69.373 284.564
-82.742 -69.338 284.564
-82.738 -69.335 284.564
-82.717 -69.311 284.564
-82.693 -69.281 284.564
-82.684 -69.271 284.564
-82.678 -69.264 284.564
-82.674 -69.255 284.564
-82.671 -69.250 284.564
-82.664 -69.237 284.564
-82.661 -69.230 284.564
-82.656 -69.223 284.564
-82.652 -69.213 284.564
-82.649 -69.209 284.564
-82.646 -69.201 284.564
-82.642 -69.195 284.564
-82.638 -69.188 284.564
-82.630 -69.170 284.564
-82.626 -69.161 284.564
-82.619 -69.152 284.564
-82.615 -69.144 284.564
-82.613 -69.139 284.564
-82.607 -69.130 284.563
-82.608 -69.125 284.563
-82.603 -69.118 284.563
-82.605 -69.115 284.563
-82.595 -69.102 284.563
-82.592 -69.095 284.563
-82.589 -69.090 284.563
-82.584 -69.081 284.563
-82.584 -69.077 284.563
-82.581 -69.073 284.563
-82.578 -69.067 284.563
-82.575 -69.063 284.563
-82.567 -69.048 284.563
-82.559 -69.037 284.563
-82.556 -69.028 284.563
-82.554 -69.025 284.563
-82.553 -69.022 284.563
-82.551 -69.019 284.563
-82.545 -69.013 284.563
-82.517 -68.986 284.563
-82.514 -68.983 284.563
-82.508 -68.977 284.563
-82.504 -68.974 284.563
-82.492 -68.963 284.563
-82.475 -68.943 284.563
-82.468 -68.934 284.563
-82.460 -68.923 284.563
-82.449 -68.907 284.563
-82.446 -68.900 284.562
-82.442 -68.895 284.562
-82.438 -68.887 284.562
-82.435 -68.876 284.562
-82.433 -68.870 284.562
-82.435 -68.866 284.562
-82.434 -68.862 284.562
-82.428 -68.854 284.562
-82.430 -68.851 284.562
-82.427 -68.847 284.562
-82.430 -68.841 284.562
-82.427 -68.836 284.562
-82.422 -68.829 284.562
-82.420 -68.817 284.562
-82.417 -68.808 284.562
-82.398 -68.776 284.562
-82.384 -68.759 284.562
-82.369 -68.743 284.562
-82.364 -68.742 284.562
-82.358 -68.737 284.562
-82.345 -68.722 284.562
-82.342 -68.717 284.562
-82.340 -68.713 284.562
-82.335 -68.703 284.562
-82.330 -68.694 284.562
-82.326 -68.689 284.562
-82.323 -68.681 284.562
-82.318 -68.675 284.562
-82.313 -68.668 284.562
-82.312 -68.665 284.562
-82.307 -68.658 284.561
-82.303 -68.651 284.561
-82.300 -68.645 284.561
-82.298 -68.641 284.561
-82.295 -68.636 284.561
-82.292 -68.632 284.561
-82.289 -68.625 284.561
-82.287 -68.621 284.561
-82.286 -68.618 284.561
-82.284 -68.614 284.561
-82.281 -68.609 284.561
-82.274 -68.598 284.561
-82.273 -68.594 284.561
-82.269 -68.589 284.561
-82.263 -68.578 284.561
-82.261 -68.572 284.561
-82.258 -68.566 284.561
-82.251 -68.556 284.561
-82.238 -68.542 284.561
-82.225 -68.527 284.561
-82.222 -68.522 284.561
-82.192 -68.495 284.561
-82.187 -68.490 284.561
-82.182 -68.484 284.561
-82.173 -68.474 284.561
-82.168 -68.470 284.561
-82.163 -68.466 284.561
-82.160 -68.463 284.561
-82.155 -68.457 284.561
-82.151 -68.454 284.561
-82.148 -68.451 284.561
-82.145 -68.448 284.561
-82.142 -68.446 284.561
-82.138 -68.442 284.561
-82.134 -68.439 284.561
-82.131 -68.436 284.561
-82.128 -68.434 284.561
-82.125 -68.432 284.561
-82.122 -68.429 284.561
-82.118 -68.425 284.560
-82.115 -68.422 284.560
-82.111 -68.419 284.560
-82.103 -68.412 284.560
-82.089 -68.395 284.560
-82.086 -68.389 284.560
-82.084 -68.385 284.560
-82.083 -68.382 284.560
-82.078 -68.372 284.560
-82.077 -68.369 284.560
-82.076 -68.364 284.560
-82.075 -68.356 284.560
-82.074 -68.352 284.560
-82.074 -68.346 284.560
-82.077 -68.343 284.560
-82.075 -68.340 284.560
-82.074 -68.337 284.560
-82.073 -68.333 284.560
-82.072 -68.330 284.560
-82.069 -68.324 284.560
-82.066 -68.315 284.560
-82.064 -68.311 284.560
-82.063 -68.308 284.560
-82.062 -68.305 284.560
-82.061 -68.302 284.560
-82.060 -68.299 284.560
-82.058 -68.296 284.560
-82.057 -68.293 284.560
-82.056 -68.290 284.560
-82.054 -68.286 284.560
-82.053 -68.283 284.560
-82.052 -68.280 284.560
-82.050 -68.276 284.560
-82.049 -68.273 284.560
-82.047 -68.268 284.560
-82.045 -68.263 284.560
-82.044 -68.260 284.560
-82.044 -68.255 284.560
-82.042 -68.252 284.560
-82.041 -68.249 284.560
-82.040 -68.245 284.560
-82.039 -68.242 284.560
-82.037 -68.238 284.560
-82.030 -68.229 284.560
-82.028 -68.225 284.560
-82.018 -68.211 284.560
-81.992 -68.181 284.559
-81.987 -68.177 284.559
-81.981 -68.171 284.559
-81.978 -68.165 284.559
-81.975 -68.159 284.559
-81.975 -68.155 284.559
-81.972 -68.147 284.559
-81.971 -68.142 284.559
-81.970 -68.138 284.559
-81.968 -68.134 284.559
-81.968 -68.127 284.559
-81.966 -68.121 284.559
-81.966 -68.116 284.559
-81.969 -68.113 284.559
-81.959 -68.102 284.559
-81.957 -68.095 284.559
-81.953 -68.086 284.559
-81.952 -68.083 284.559
-81.951 -68.080 284.559
-81.948 -68.074 284.559
-81.942 -68.065 284.559
-81.940 -68.061 284.559
-81.936 -68.052 284.559
-81.935 -68.047 284.559
-81.932 -68.044 284.559
-81.930 -68.041 284.559
-81.930 -68.035 284.559
-81.926 -68.031 284.559
-81.925 -68.025 284.559
-81.922 -68.022 284.559
-81.921 -68.018 284.559
-81.920 -68.015 284.559
-81.918 -68.012 284.559
-81.917 -68.008 284.559
-81.916 -68.004 284.559
-81.914 -68.000 284.559
-81.913 -67.994 284.559
-81.910 -67.989 284.559
-81.908 -67.985 284.559
-81.906 -67.979 284.559
-81.904 -67.974 284.559
-81.904 -67.969 284.559
-81.898 -67.963 284.559
-81.897 -67.960 284.559
-81.893 -67.954 284.559
-81.890 -67.951 284.559
-81.887 -67.945 284.558
-81.884 -67.942 284.558
-81.876 -67.930 284.558
-81.874 -67.925 284.558
-81.869 -67.917 284.558
-81.865 -67.911 284.558
-81.863 -67.907 284.558
-81.860 -67.903 284.558
-81.856 -67.898 284.558
-81.853 -67.894 284.558
-81.849 -67.884 284.558
-81.842 -67.877 284.558
-81.839 -67.871 284.558
-81.836 -67.866 284.558
-81.836 -67.862 284.558
-81.830 -67.856 284.558
-81.827 -67.852 284.558
-81.826 -67.848 284.558
-81.825 -67.844 284.558
-81.820 -67.838 284.558
-81.817 -67.832 284.558
-81.819 -67.829 284.558
-81.816 -67.824 284.558
-81.813 -67.821 284.558
-81.813 -67.817 284.558
-81.811 -67.812 284.558
-81.807 -67.808 284.558
-81.802 -67.800 284.558
-81.804 -67.796 284.558
-81.796 -67.787 284.558
-81.794 -67.783 284.558
-81.792 -67.776 284.558
-81.790 -67.773 284.558
-81.788 -67.769 284.558
-81.786 -67.762 284.558
-81.784 -67.758 284.558
-81.781 -67.751 284.558
-81.781 -67.747 284.558
-81.780 -67.743 284.558
-81.776 -67.740 284.558
-81.776 -67.736 284.558
-81.771 -67.732 284.558
-81.771 -67.726 284.558
-81.764 -67.714 284.558
-81.760 -67.708 284.557
-81.759 -67.705 284.557
-81.758 -67.701 284.557
-81.756 -67.693 284.557
-81.754 -67.689 284.557
-81.751 -67.686 284.557
-81.748 -67.678 284.557
-81.745 -67.671 284.557
-81.741 -67.666 284.557
-81.740 -67.662 284.557
-81.739 -67.659 284.557
-81.738 -67.655 284.557
-81.737 -67.652 284.557
-81.731 -67.646 284.557
-81.729 -67.639 284.557
-81.726 -67.633 284.557
-81.722 -67.628 284.557
-81.720 -67.625 284.557
-81.717 -67.622 284.557
-81.715 -67.618 284.557
-81.713 -67.615 284.557
-81.712 -67.612 284.557
-81.709 -67.604 284.557
-81.707 -67.601 284.557
-81.704 -67.599 284.557
-81.703 -67.596 284.557
-81.697 -67.587 284.557
-81.696 -67.584 284.557
-81.693 -67.580 284.557
-81.690 -67.574 284.557
-81.687 -67.564 284.557
-81.680 -67.556 284.557
-81.680 -67.551 284.557
-81.671 -67.546 284.557
-81.670 -67.540 284.557
-81.659 -67.533 284.557
-81.658 -67.530 284.557
-81.653 -67.527 284.557
-81.647 -67.523 284.557
-81.643 -67.517 284.557
-81.635 -67.511 284.557
-81.636 -67.508 284.557
-81.632 -67.505 284.557
-81.618 -67.495 284.557
-81.616 -67.492 284.557
-81.588 -67.468 284.556
-81.580 -67.462 284.556
-81.568 -67.453 284.556
-81.561 -67.449 284.556
-81.548 -67.440 284.556
-81.543 -67.437 284.556
-81.530 -67.428 284.556
-81.524 -67.424 284.556
-81.514 -67.417 284.556
-81.506 -67.413 284.556
-81.489 -67.404 284.556
-81.483 -67.403 284.556
-81.474 -67.400 284.556
-81.471 -67.399 284.556
-81.468 -67.398 284.556
-81.464 -67.397 284.556
-81.461 -67.396 284.556
-81.455 -67.395 284.556
-81.451 -67.393 284.556
-81.447 -67.391 284.556
-81.445 -67.394 284.556
-81.439 -67.395 284.556
-81.435 -67.395 284.556
-81.429 -67.396 284.556
-81.425 -67.396 284.556
-81.418 -67.394 284.556
-81.413 -67.396 284.556
-81.402 -67.395 284.556
-81.399 -67.398 284.556
-81.390 -67.395 284.556
-81.386 -67.397 284.556
-81.383 -67.398 284.556
-81.379 -67.399 284.556
-81.373 -67.399 284.556
-81.369 -67.399 284.556
-81.365 -67.400 284.556
-81.355 -67.404 284.556
-81.349 -67.406 284.556
-81.347 -67.409 284.556
-81.338 -67.411 284.556
-81.333 -67.412 284.556
-81.324 -67.411 284.556
-81.316 -67.415 284.556
-81.309 -67.415 284.556
-81.306 -67.416 284.556
-81.303 -67.415 284.556
-81.292 -67.414 284.556
-81.289 -67.416 284.556
-81.283 -67.412 284.556
-81.279 -67.412 284.556
-81.275 -67.411 284.556
-81.268 -67.409 284.556
-81.264 -67.410 284.556
-81.258 -67.407 284.556
-81.250 -67.404 284.556
-81.242 -67.398 284.556
-81.239 -67.395 284.556
-81.235 -67.396 284.556
-81.225 -67.381 284.556
-81.211 -67.363 284.556
-81.207 -67.358 284.556
-81.204 -67.353 284.556
-81.199 -67.347 284.556
-81.193 -67.339 284.556
-81.192 -67.334 284.556
-81.185 -67.324 284.556
-81.179 -67.310 284.556
-81.179 -67.306 284.556
-81.177 -67.303 284.556
-81.172 -67.294 284.556
-81.165 -67.283 284.556
-81.159 -67.264 284.556
-81.156 -67.260 284.556
-81.148 -67.247 284.556
-81.147 -67.243 284.556
-81.143 -67.237 284.555
-81.136 -67.222 284.555
-81.135 -67.219 284.555
-81.130 -67.208 284.555
-81.123 -67.195 284.555
-81.120 -67.190 284.555
-81.118 -67.183 284.555
-81.115 -67.178 284.555
-81.113 -67.174 284.555
-81.110 -67.170 284.555
-81.107 -67.164 284.555
-81.101 -67.152 284.555
-81.098 -67.148 284.555
-81.096 -67.143 284.555
-81.090 -67.131 284.555
-81.077 -67.114 284.555
-81.075 -67.111 284.555
-81.062 -67.090 284.555
-81.060 -67.087 284.555
-81.053 -67.076 284.555
-81.047 -67.066 284.555
-81.038 -67.053 284.555
-81.037 -67.050 284.555
-81.036 -67.047 284.555
-81.034 -67.044 284.555
-81.028 -67.033 284.555
-81.019 -67.022 284.555
-81.020 -67.019 284.555
-81.018 -67.013 284.555
-81.018 -67.008 284.555
-81.016 -67.005 284.555
-81.007 -66.994 284.554
-81.004 -66.986 284.554
-80.999 -66.978 284.554
-80.997 -66.970 284.554
-80.992 -66.962 284.554
-80.994 -66.955 284.554
-80.988 -66.944 284.554
-80.981 -66.936 284.554
-80.983 -66.933 284.554
-80.980 -66.929 284.554
-80.975 -66.923 284.554
-80.967 -66.905 284.554
-80.972 -66.900 284.554
-80.957 -66.883 284.554
-80.951 -66.871 284.554
-80.950 -66.866 284.554
-80.948 -66.861 284.554
-80.947 -66.856 284.554
-80.943 -66.848 284.554
-80.944 -66.845 284.554
-80.940 -66.840 284.554
-80.941 -66.837 284.554
-80.936 -66.824 284.554
-80.939 -66.821 284.554
-80.933 -66.811 284.554
-80.931 -66.807 284.554
-80.932 -66.803 284.554
-80.929 -66.798 284.554
-80.928 -66.791 284.554
-80.925 -66.785 284.554
-80.927 -66.777 284.554
-80.922 -66.769 284.554
-80.925 -66.762 284.553
-80.922 -66.756 284.553
-80.920 -66.748 284.553
-80.915 -66.742 284.553
-80.913 -66.738 284.553
-80.911 -66.732 284.553
-80.910 -66.724 284.553
-80.907 -66.718 284.553
-80.908 -66.715 284.553
-80.906 -66.712 284.553
-80.904 -66.700 284.553
-80.904 -66.694 284.553
-80.901 -66.689 284.553
-80.898 -66.684 284.553
-80.899 -66.681 284.553
-80.896 -66.676 284.553
-80.895 -66.669 284.553
-80.891 -66.658 284.553
-80.888 -66.648 284.553
-80.887 -66.643 284.553
-80.886 -66.629 284.553
-80.887 -66.625 284.553
-80.884 -66.620 284.553
-80.880 -66.616 284.553
-80.884 -66.609 284.553
-80.880 -66.603 284.553
-80.877 -66.599 284.553
-80.874 -66.591 284.553
-80.879 -66.582 284.553
-80.871 -66.575 284.553
-80.872 -66.572 284.553
-80.867 -66.567 284.553
-80.868 -66.561 284.553
-80.864 -66.553 284.553
-80.862 -66.548 284.553
-80.862 -66.542 284.553
-80.866 -66.537 284.553
-80.861 -66.528 284.553
-80.857 -66.524 284.552
-80.854 -66.516 284.552
-80.853 -66.512 284.552
-80.854 -66.507 284.552
-80.852 -66.499 284.552
-80.849 -66.495 284.552
-80.848 -66.490 284.552
-80.847 -66.485 284.552
-80.847 -66.480 284.552
-80.844 -66.476 284.552
-80.842 -66.473 284.552
-80.841 -66.467 284.552
-80.841 -66.462 284.552
-80.840 -66.455 284.552
-80.842 -66.452 284.552
-80.834 -66.446 284.552
-80.835 -66.443 284.552
-80.832 -66.438 284.552
-80.834 -66.433 284.552
-80.836 -66.429 284.552
-80.834 -66.422 284.552
-80.828 -66.412 284.552
-80.824 -66.407 284.552
-80.823 -66.400 284.552
-80.822 -66.394 284.552
-80.823 -66.390 284.552
-80.821 -66.385 284.552
-80.817 -66.379 284.552
-80.816 -66.368 284.552
-80.813 -66.365 284.552
-80.814 -66.359 284.552
-80.812 -66.354 284.552
-80.809 -66.346 284.552
-80.811 -66.342 284.552
-80.807 -66.335 284.552
-80.808 -66.331 284.552
-80.809 -66.325 284.552
-80.801 -66.318 284.552
-80.803 -66.312 284.552
-80.796 -66.302 284.552
-80.797 -66.299 284.552
-80.796 -66.290 284.552
-80.796 -66.281 284.551
-80.795 -66.278 284.551
-80.793 -66.275 284.551
-80.789 -66.266 284.551
-80.786 -66.263 284.551
-80.785 -66.259 284.551
-80.783 -66.254 284.551
-80.784 -66.251 284.551
-80.788 -66.247 284.551
-80.779 -66.235 284.551
-80.774 -66.224 284.551
-80.773 -66.218 284.551
-80.772 -66.215 284.551
-80.773 -66.210 284.551
-80.766 -66.193 284.551
-80.764 -66.189 284.551
-80.762 -66.176 284.551
-80.763 -66.170 284.551
-80.757 -66.154 284.551
-80.757 -66.150 284.551
-80.756 -66.147 284.551
-80.753 -66.142 284.551
-80.754 -66.139 284.551
-80.751 -66.135 284.551
-80.741 -66.106 284.551
-80.732 -66.084 284.551
-80.728 -66.075 284.551
-80.726 -66.072 284.551
-80.723 -66.070 284.551
-80.721 -66.067 284.551
-80.716 -66.061 284.551
-80.712 -66.056 284.551
-80.709 -66.057 284.551
-80.704 -66.055 284.551
-80.701 -66.053 284.551
-80.693 -66.046 284.550
-80.688 -66.045 284.550
-80.684 -66.041 284.550
-80.681 -66.042 284.550
-80.671 -66.038 284.550
-80.665 -66.033 284.550
-80.661 -66.033 284.550
-80.651 -66.030 284.550
-80.647 -66.031 284.550
-80.639 -66.027 284.550
-80.634 -66.029 284.550
-80.630 -66.028 284.550
-80.627 -66.025 284.550
-80.617 -66.024 284.550
-80.614 -66.022 284.550
-80.610 -66.020 284.550
-80.607 -66.019 284.550
-80.599 -66.020 284.550
-80.586 -66.017 284.550
-80.582 -66.015 284.550
-80.569 -66.012 284.550
-80.564 -66.010 284.550
-80.558 -66.006 284.550
-80.553 -66.007 284.550
-80.541 -66.003 284.550
-80.533 -66.001 284.550
-80.529 -65.999 284.550
-80.518 -65.994 284.550
-80.512 -65.992 284.550
-80.506 -65.987 284.550
-80.503 -65.988 284.550
-80.499 -65.988 284.550
-80.495 -65.987 284.550
-80.486 -65.984 284.550
-80.463 -65.974 284.550
-80.459 -65.971 284.550
-80.454 -65.973 284.550
-80.436 -65.967 284.550
-80.429 -65.962 284.550
-80.422 -65.959 284.550
-80.413 -65.958 284.550
-80.400 -65.948 284.550
-80.397 -65.950 284.550
-80.390 -65.950 284.550
-80.385 -65.949 284.550
-80.378 -65.944 284.550
-80.374 -65.942 284.550
-80.362 -65.936 284.550
-80.357 -65.934 284.550
-80.352 -65.936 284.550
-80.342 -65.929 284.550
-80.332 -65.931 284.550
-80.324 -65.928 284.550
-80.319 -65.928 284.550
-80.315 -65.926 284.550
-80.301 -65.920 284.550
-80.292 -65.919 284.550
-80.288 -65.921 284.550
-80.279 -65.922 284.550
-80.273 -65.919 284.550
-80.269 -65.919 284.550
-80.265 -65.921 284.550
-80.260 -65.923 284.550
-80.255 -65.924 284.550
-80.250 -65.922 284.550
-80.244 -65.926 284.550
-80.239 -65.928 284.550
-80.229 -65.928 284.550
-80.225 -65.929 284.550
-80.215 -65.926 284.550
-80.209 -65.930 284.550
-80.203 -65.932 284.550
-80.195 -65.929 284.550
-80.190 -65.933 284.550
-80.185 -65.934 284.550
-80.172 -65.930 284.550
-80.168 -65.931 284.550
-80.160 -65.929 284.550
-80.157 -65.928 284.550
-80.149 -65.929 284.550
-80.145 -65.931 284.550
-80.133 -65.926 284.550
-80.124 -65.922 284.550
-80.119 -65.931 284.550
-80.116 -65.930 284.550
-80.111 -65.931 284.550
-80.098 -65.928 284.550
-80.095 -65.927 284.550
-80.090 -65.928 284.550
-80.083 -65.929 284.550
-80.075 -65.928 284.550
-80.069 -65.927 284.550
-80.056 -65.921 284.550
-80.051 -65.923 284.550
-80.045 -65.925 284.550
-80.041 -65.921 284.550
-80.038 -65.922 284.550
-80.035 -65.921 284.550
-80.030 -65.923 284.550
-80.027 -65.926 284.550
-80.019 -65.922 284.550
-80.016 -65.923 284.550
-80.013 -65.925 284.550
-80.009 -65.924 284.550
-80.006 -65.921 284.550
-80.000 -65.916 284.550
-79.984 -65.904 284.550
-79.975 -65.903 284.550
-79.972 -65.902 284.550
-79.960 -65.888 284.550
-79.958 -65.885 284.550
-79.954 -65.877 284.550
-79.952 -65.873 284.550
-79.947 -65.866 284.550
-79.946 -65.860 284.550
-79.944 -65.855 284.550
-79.940 -65.850 284.550
-79.938 -65.847 284.550
-79.937 -65.842 284.550
-79.934 -65.837 284.550
-79.927 -65.826 284.550
-79.924 -65.822 284.550
-79.921 -65.817 284.550
-79.919 -65.814 284.550
-79.913 -65.806 284.549
-79.909 -65.801 284.549
-79.907 -65.798 284.549
-79.902 -65.792 284.549
-79.898 -65.785 284.549
-79.896 -65.782 284.549
-79.893 -65.778 284.549
-79.891 -65.775 284.549
-79.885 -65.768 284.549
-79.883 -65.763 284.549
-79.880 -65.759 284.549
-79.878 -65.756 284.549
-79.875 -65.753 284.549
-79.872 -65.749 284.549
-79.870 -65.745 284.549
-79.865 -65.739 284.549
-79.863 -65.736 284.549
-79.859 -65.731 284.549
-79.854 -65.724 284.549
-79.852 -65.720 284.549
-79.849 -65.717 284.549
-79.847 -65.713 284.549
-79.844 -65.710 284.549
-79.842 -65.705 284.549
-79.839 -65.702 284.549
-79.836 -65.698 284.549
-79.834 -65.694 284.549
-79.801 -65.668 284.549
-79.780 -65.655 284.549
-79.771 -65.652 284.549
-79.762 -65.645 284.549
-79.758 -65.642 284.549
-79.750 -65.635 284.549
-79.746 -65.630 284.549
-79.738 -65.625 284.549
-79.729 -65.617 284.549
-79.720 -65.605 284.549
-79.712 -65.590 284.549
-79.709 -65.578 284.549
-79.703 -65.565 284.548
-79.700 -65.554 284.548
-79.699 -65.543 284.548
-79.699 -65.536 284.548
-79.696 -65.527 284.548
-79.697 -65.520 284.548
-79.696 -65.501 284.548
-79.696 -65.493 284.548
-79.699 -65.491 284.548
-79.696 -65.480 284.548
-79.694 -65.474 284.548
-79.693 -65.471 284.548
-79.693 -65.467 284.548
-79.692 -65.464 284.548
-79.691 -65.458 284.548
-79.690 -65.453 284.548
-79.690 -65.449 284.548
-79.689 -65.446 284.548
-79.688 -65.440 284.548
-79.687 -65.435 284.548
-79.686 -65.428 284.548
-79.685 -65.425 284.548
-79.685 -65.420 284.548
-79.684 -65.413 284.548
-79.683 -65.409 284.548
-79.682 -65.406 284.548
-79.681 -65.402 284.548
-79.681 -65.398 284.548
-79.679 -65.389 284.548
-79.679 -65.385 284.548
-79.679 -65.381 284.548
-79.682 -65.378 284.548
-79.679 -65.369 284.548
-79.677 -65.363 284.548
-79.676 -65.355 284.548
-79.677 -65.349 284.548
-79.678 -65.345 284.548
-79.675 -65.334 284.547
-79.675 -65.326 284.547
-79.676 -65.323 284.547
-79.678 -65.318 284.547
-79.682 -65.314 284.547
-79.681 -65.308 284.547
-79.685 -65.303 284.547
-79.687 -65.300 284.547
-79.685 -65.293 284.547
-79.695 -65.257 284.547
-79.698 -65.238 284.547
-79.699 -65.227 284.547
-79.699 -65.223 284.547
-79.699 -65.219 284.547
-79.697 -65.209 284.547
-79.695 -65.205 284.547
-79.694 -65.197 284.547
-79.691 -65.194 284.547
-79.691 -65.190 284.547
-79.688 -65.181 284.547
-79.686 -65.175 284.547
-79.684 -65.169 284.547
-79.680 -65.164 284.547
-79.678 -65.160 284.547
-79.675 -65.159 284.547
-79.673 -65.156 284.547
-79.671 -65.153 284.547
-79.668 -65.150 284.547
-79.666 -65.147 284.547
-79.665 -65.141 284.547
-79.662 -65.140 284.547
-79.660 -65.137 284.547
-79.658 -65.134 284.547
-79.656 -65.131 284.547
-79.653 -65.121 284.547
-79.651 -65.118 284.547
-79.649 -65.114 284.547
-79.646 -65.111 284.547
-79.644 -65.106 284.547
-79.642 -65.102 284.547
-79.640 -65.099 284.546
-79.638 -65.095 284.546
-79.636 -65.090 284.546
-79.634 -65.085 284.546
-79.628 -65.074 284.546
-79.626 -65.069 284.546
-79.623 -65.063 284.546
-79.621 -65.059 284.546
-79.619 -65.052 284.546
-79.617 -65.049 284.546
-79.611 -65.032 284.546
-79.609 -65.026 284.546
-79.598 -64.994 284.546
-79.590 -64.971 284.546
-79.588 -64.966 284.546
-79.582 -64.954 284.546
-79.579 -64.950 284.546
-79.576 -64.944 284.546
-79.570 -64.935 284.546
-79.567 -64.930 284.546
-79.563 -64.926 284.546
-79.560 -64.922 284.546
-79.557 -64.917 284.546
-79.555 -64.912 284.546
-79.552 -64.911 284.546
-79.549 -64.906 284.546
-79.544 -64.898 284.546
-79.542 -64.895 284.546
-79.534 -64.880 284.546
-79.531 -64.878 284.546
-79.529 -64.875 284.546
-79.525 -64.867 284.546
-79.523 -64.864 284.546
-79.520 -64.863 284.546
-79.518 -64.860 284.545
-79.515 -64.857 284.545
-79.513 -64.854 284.545
-79.510 -64.851 284.545
-79.507 -64.847 284.545
-79.504 -64.845 284.545
-79.501 -64.841 284.545
-79.498 -64.837 284.545
-79.494 -64.832 284.545
-79.491 -64.828 284.545
-79.490 -64.823 284.545
-79.489 -64.819 284.545
-79.469 -64.779 284.545
-79.464 -64.780 284.545
-79.460 -64.777 284.545
-79.456 -64.774 284.545
-79.451 -64.771 284.545
-79.443 -64.770 284.545
-79.439 -64.767 284.545
-79.434 -64.763 284.545
-79.429 -64.759 284.545
-79.422 -64.758 284.545
-79.418 -64.753 284.545
-79.414 -64.750 284.545
-79.403 -64.740 284.545
-79.396 -64.734 284.545
-79.391 -64.726 284.545
-79.387 -64.720 284.545
-79.378 -64.702 284.545
-79.374 -64.695 284.545
-79.369 -64.683 284.545
-79.366 -64.676 284.545
-79.360 -64.670 284.545
-79.348 -64.650 284.545
-79.345 -64.645 284.545
-79.342 -64.639 284.545
-79.337 -64.635 284.545
-79.330 -64.621 284.544
-79.327 -64.618 284.544
-79.321 -64.611 284.544
-79.318 -64.604 284.544
-79.315 -64.600 284.544
-79.311 -64.595 284.544
-79.307 -64.589 284.544
-79.303 -64.585 284.544
-79.300 -64.582 284.544
-79.293 -64.570 284.544
-79.290 -64.567 284.544
-79.283 -64.555 284.544
-79.281 -64.551 284.544
-79.277 -64.545 284.544
-79.270 -64.530 284.544
-79.265 -64.525 284.544
-79.261 -64.519 284.544
-79.256 -64.512 284.544
-79.251 -64.502 284.544
-79.248 -64.498 284.544
-79.245 -64.493 284.544
-79.241 -64.487 284.544
-79.238 -64.482 284.544
-79.236 -64.479 284.544
-79.227 -64.465 284.544
-79.217 -64.449 284.544
-79.212 -64.441 284.544
-79.206 -64.429 284.544
-79.201 -64.418 284.544
-79.197 -64.411 284.544
-79.194 -64.405 284.544
-79.184 -64.383 284.543
-79.181 -64.378 284.543
-79.165 -64.348 284.543
-79.162 -64.343 284.543
-79.158 -64.335 284.543
-79.156 -64.332 284.543
-79.150 -64.322 284.543
-79.144 -64.314 284.543
-79.139 -64.308 284.543
-79.134 -64.299 284.543
-79.126 -64.282 284.543
-79.123 -64.281 284.543
-79.112 -64.259 284.543
-79.108 -64.257 284.543
-79.103 -64.250 284.543
-79.099 -64.243 284.543
-79.091 -64.232 284.543
-79.082 -64.218 284.543
-79.074 -64.205 284.543
-79.068 -64.194 284.543
-79.065 -64.190 284.543
-79.063 -64.187 284.543
-79.060 -64.182 284.543
-79.046 -64.154 284.543
-79.038 -64.140 284.542
-79.035 -64.134 284.542
-79.028 -64.131 284.542
-79.022 -64.119 284.542
-79.016 -64.111 284.542
-79.006 -64.092 284.542
-78.997 -64.071 284.542
-78.986 -64.050 284.542
-78.971 -64.019 284.542
-78.966 -64.008 284.542
-78.955 -63.984 284.542
-78.948 -63.969 284.542
-78.931 -63.936 284.542
-78.924 -63.924 284.542
-78.918 -63.913 284.541
-78.913 -63.905 284.541
-78.910 -63.900 284.541
-78.905 -63.892 284.541
-78.902 -63.888 284.541
-78.897 -63.881 284.541
-78.894 -63.875 284.541
-78.884 -63.855 284.541
-78.882 -63.851 284.541
-78.877 -63.843 284.541
-78.875 -63.840 284.541
-78.870 -63.832 284.541
-78.868 -63.829 284.541
-78.866 -63.826 284.541
-78.863 -63.820 284.541
-78.861 -63.817 284.541
-78.858 -63.812 284.541
-78.853 -63.803 284.541
-78.851 -63.800 284.541
-78.844 -63.788 284.541
-78.841 -63.782 284.541
-78.839 -63.778 284.541
-78.836 -63.773 284.541
-78.833 -63.767 284.541
-78.826 -63.757 284.541
-78.818 -63.743 284.541
-78.817 -63.740 284.541
-78.812 -63.728 284.541
-78.811 -63.725 284.541
-78.807 -63.716 284.541
-78.801 -63.702 284.541
-78.800 -63.698 284.541
-78.797 -63.689 284.541
-78.796 -63.686 284.541
-78.776 -63.649 284.540
-78.761 -63.627 284.540
-78.755 -63.615 284.540
-78.752 -63.610 284.540
-78.748 -63.603 284.540
-78.744 -63.598 284.540
-78.735 -63.581 284.540
-78.727 -63.568 284.540
-78.725 -63.564 284.540
-78.721 -63.558 284.540
-78.716 -63.543 284.540
-78.711 -63.529 284.540
-78.708 -63.520 284.540
-78.706 -63.514 284.540
-78.705 -63.510 284.540
-78.705 -63.505 284.540
-78.704 -63.502 284.540
-78.703 -63.497 284.540
-78.703 -63.491 284.540
-78.702 -63.488 284.540
-78.691 -63.455 284.540
-78.683 -63.436 284.539
-78.681 -63.432 284.539
-78.676 -63.424 284.539
-78.670 -63.411 284.539
-78.667 -63.404 284.539
-78.664 -63.398 284.539
-78.658 -63.390 284.539
-78.651 -63.375 284.539
-78.647 -63.368 284.539
-78.644 -63.362 284.539
-78.640 -63.357 284.539
-78.638 -63.351 284.539
-78.626 -63.313 284.539
-78.620 -63.301 284.539
-78.608 -63.271 284.539
-78.609 -63.263 284.539
-78.605 -63.254 284.539
-78.603 -63.248 284.539
-78.599 -63.236 284.539
-78.598 -63.224 284.539
-78.594 -63.212 284.539
-78.595 -63.207 284.539
-78.593 -63.202 284.539
-78.591 -63.196 284.538
-78.591 -63.191 284.538
-78.588 -63.164 284.538
-78.591 -63.152 284.538
-78.583 -63.112 284.538
-78.581 -63.108 284.538
-78.579 -63.104 284.538
-78.576 -63.097 284.538
-78.573 -63.092 284.538
-78.568 -63.088 284.538
-78.567 -63.085 284.538
-78.563 -63.085 284.538
-78.560 -63.077 284.538
-78.556 -63.073 284.538
-78.552 -63.068 284.538
-78.544 -63.056 284.538
-78.537 -63.044 284.538
-78.534 -63.039 284.538
-78.528 -63.028 284.538
-78.508 -62.989 284.538
-78.499 -62.969 284.538
-78.493 -62.954 284.537
-78.492 -62.949 284.537
-78.491 -62.946 284.537
-78.485 -62.932 284.537
-78.482 -62.924 284.537
-78.480 -62.918 284.537
-78.480 -62.914 284.537
-78.476 -62.902 284.537
-78.465 -62.873 284.537
-78.459 -62.857 284.537
-78.458 -62.848 284.537
-78.454 -62.838 284.537
-78.450 -62.826 284.537
-78.448 -62.817 284.537
-78.444 -62.803 284.537
-78.445 -62.799 284.537
-78.443 -62.794 284.537
-78.442 -62.790 284.537
-78.440 -62.784 284.537
-78.435 -62.770 284.537
-78.431 -62.756 284.537
-78.430 -62.750 284.537
-78.426 -62.741 284.537
-78.422 -62.729 284.537
-78.421 -62.723 284.536
-78.419 -62.711 284.536
-78.411 -62.692 284.536
-78.410 -62.684 284.536
-78.405 -62.672 284.536
-78.404 -62.665 284.536
-78.399 -62.653 284.536
-78.398 -62.646 284.536
-78.393 -62.633 284.536
-78.391 -62.625 284.536
-78.389 -62.617 284.536
-78.386 -62.608 284.536
-78.383 -62.600 284.536
-78.375 -62.579 284.536
-78.374 -62.575 284.536
-78.362 -62.550 284.536
-78.361 -62.546 284.536
-78.360 -62.542 284.536
-78.360 -62.537 284.536
-78.359 -62.534 284.536
-78.352 -62.517 284.536
-78.348 -62.507 284.536
-78.344 -62.497 284.536
-78.339 -62.485 284.535
-78.342 -62.483 284.535
-78.339 -62.474 284.535
-78.334 -62.461 284.535
-78.330 -62.450 284.535
-78.320 -62.428 284.535
-78.320 -62.421 284.535
-78.316 -62.412 284.535
-78.313 -62.401 284.535
-78.312 -62.397 284.535
-78.310 -62.391 284.535
-78.308 -62.383 284.535
-78.306 -62.379 284.535
-78.305 -62.375 284.535
-78.304 -62.371 284.535
-78.303 -62.362 284.535
-78.302 -62.353 284.535
-78.305 -62.351 284.535
-78.305 -62.347 284.535
-78.302 -62.341 284.535
-78.304 -62.303 284.535
-78.297 -62.262 284.535
-78.292 -62.238 284.534
-78.286 -62.235 284.534
-78.281 -62.224 284.534
-78.273 -62.204 284.534
-78.270 -62.196 284.534
-78.269 -62.193 284.534
-78.266 -62.184 284.534
-78.263 -62.179 284.534
-78.259 -62.169 284.534
-78.255 -62.155 284.534
-78.250 -62.138 284.534
-78.246 -62.139 284.534
-78.241 -62.124 284.534
-78.229 -62.095 284.534
-78.217 -62.067 284.534
-78.214 -62.066 284.534
-78.206 -62.059 284.534
-78.201 -62.056 284.534
-78.199 -62.053 284.534
-78.195 -62.048 284.534
-78.189 -62.035 284.534
-78.185 -62.028 284.534
-78.182 -62.029 284.534
-78.170 -62.010 284.533
-78.163 -61.999 284.533
-78.161 -61.995 284.533
-78.156 -61.990 284.533
-78.153 -61.985 284.533
-78.148 -61.980 284.533
-78.144 -61.977 284.533
-78.139 -61.966 284.533
-78.131 -61.955 284.533
-78.126 -61.947 284.533
-78.123 -61.946 284.533
-78.121 -61.943 284.533
-78.116 -61.939 284.533
-78.112 -61.938 284.533
-78.109 -61.937 284.533
-78.106 -61.933 284.533
-78.103 -61.931 284.533
-78.099 -61.931 284.533
-78.097 -61.928 284.533
-78.093 -61.923 284.533
-78.088 -61.923 284.533
-78.085 -61.920 284.533
-78.083 -61.917 284.533
-78.079 -61.916 284.533
-78.075 -61.913 284.533
-78.071 -61.911 284.533
-78.066 -61.907 284.533
-78.059 -61.901 284.533
-78.056 -61.896 284.533
-78.049 -61.885 284.533
-78.040 -61.879 284.533
-78.035 -61.871 284.533
-78.031 -61.869 284.533
-78.026 -61.864 284.533
-78.024 -61.861 284.533
-78.015 -61.846 284.533
-78.010 -61.847 284.533
-78.007 -61.848 284.533
-78.002 -61.842 284.533
-77.998 -61.841 284.533
-77.993 -61.841 284.533
-77.989 -61.839 284.533
-77.984 -61.840 284.533
-77.981 -61.841 284.533
-77.974 -61.839 284.533
-77.966 -61.840 284.533
-77.961 -61.841 284.533
-77.954 -61.841 284.533
-77.952 -61.838 284.533
-77.948 -61.838 284.533
-77.945 -61.839 284.533
-77.942 -61.838 284.533
-77.936 -61.836 284.533
-77.932 -61.835 284.533
-77.929 -61.833 284.533
-77.926 -61.830 284.533
-77.922 -61.824 284.533
-77.918 -61.818 284.533
-77.916 -61.815 284.533
-77.914 -61.811 284.533
-77.911 -61.806 284.533
-77.909 -61.803 284.533
-77.907 -61.800 284.533
-77.903 -61.794 284.533
-77.901 -61.791 284.533
-77.896 -61.783 284.533
-77.888 -61.769 284.532
-77.878 -61.753 284.532
-77.868 -61.738 284.532
-77.861 -61.733 284.532
-77.859 -61.729 284.532
-77.855 -61.728 284.532
-77.847 -61.722 284.532
-77.840 -61.709 284.532
-77.837 -61.707 284.532
-77.832 -61.707 284.532
-77.827 -61.700 284.532
-77.824 -61.701 284.532
-77.821 -61.698 284.532
-77.819 -61.695 284.532
-77.815 -61.689 284.532
-77.812 -61.688 284.532
-77.808 -61.682 284.532
-77.802 -61.674 284.532
-77.798 -61.668 284.532
-77.795 -61.666 284.532
-77.790 -61.658 284.532
-77.788 -61.655 284.532
-77.783 -61.646 284.532
-77.780 -61.645 284.532
-77.777 -61.639 284.532
-77.773 -61.635 284.532
-77.767 -61.626 284.532
-77.767 -61.622 284.532
