-75.409 -61.864 295.749
-75.407 -61.865 295.749
-75.406 -61.871 295.749
-75.405 -61.880 295.749
-75.404 -61.888 295.749
-75.403 -61.894 295.749
-75.394 -61.936 295.749
-75.393 -61.941 295.749
-75.392 -61.944 295.749
-75.391 -61.949 295.749
-75.390 -61.953 295.749
-75.389 -61.957 295.749
-75.387 -61.963 295.749
-75.385 -61.972 295.749
-75.384 -61.976 295.749
-75.383 -61.983 295.749
-75.377 -62.025 295.749
-75.375 -62.039 295.749
-75.369 -62.081 295.749
-75.364 -62.118 295.749
-75.362 -62.134 295.749
-75.362 -62.139 295.749
-75.362 -62.142 295.749
-75.361 -62.154 295.749
-75.359 -62.196 295.749
-75.358 -62.203 295.749
-75.357 -62.211 295.749
-75.356 -62.222 295.749
-75.355 -62.228 295.749
-75.354 -62.239 295.749
-75.353 -62.245 295.749
-75.352 -62.253 295.749
-75.351 -62.262 295.749
-75.349 -62.280 295.749
-75.348 -62.288 295.749
-75.347 -62.294 295.749
-75.346 -62.298 295.749
-75.345 -62.307 295.749
-75.344 -62.315 295.749
-75.343 -62.318 295.749
-75.341 -62.331 295.749
-75.339 -62.342 295.749
-75.335 -62.371 295.749
-75.334 -62.379 295.749
-75.333 -62.388 295.749
-75.332 -62.398 295.749
-75.329 -62.423 295.749
-75.329 -62.426 295.749
-75.328 -62.434 295.749
-75.326 -62.450 295.749
-75.326 -62.455 295.749
-75.324 -62.470 295.749
-75.323 -62.478 295.749
-75.316 -62.521 295.749
-75.313 -62.535 295.749
-75.312 -62.540 295.749
-75.311 -62.546 295.749
-75.310 -62.555 295.749
-75.309 -62.565 295.749
-75.308 -62.576 295.749
-75.305 -62.607 295.749
-75.305 -62.611 295.749
-75.303 -62.634 295.749
-75.302 -62.643 295.749
-75.301 -62.654 295.749
-75.298 -62.687 295.749
-75.297 -62.710 295.749
-75.295 -62.733 295.749
-75.292 -62.770 295.749
-75.291 -62.779 295.749
-75.290 -62.782 295.749
-75.289 -62.788 295.749
-75.287 -62.801 295.749
-75.284 -62.830 295.749
-75.283 -62.834 295.749
-75.280 -62.857 295.749
-75.279 -62.863 295.749
-75.277 -62.872 295.749
-75.271 -62.916 295.749
-75.273 -62.932 295.749
-75.274 -62.962 295.749
-75.275 -62.966 295.749
-75.275 -62.984 295.749
-75.276 -62.990 295.749
-75.276 -62.996 295.749
-75.276 -63.005 295.749
-75.277 -63.013 295.749
-75.277 -63.017 295.749
-75.277 -63.029 295.749
-75.277 -63.036 295.749
-75.273 -63.079 295.749
-75.273 -63.091 295.749
-75.273 -63.098 295.749
-75.273 -63.109 295.749
-75.273 -63.153 295.749
-75.273 -63.177 295.749
-75.273 -63.183 295.749
-75.272 -63.189 295.749
-75.272 -63.194 295.749
-75.271 -63.197 295.749
-75.270 -63.206 295.749
-75.269 -63.214 295.749
-75.268 -63.220 295.749
-75.267 -63.229 295.749
-75.266 -63.239 295.749
-75.266 -63.244 295.749
-75.266 -63.249 295.749
-75.265 -63.291 295.749
-75.264 -63.307 295.749
-75.263 -63.323 295.749
-75.262 -63.330 295.749
-75.261 -63.337 295.749
-75.260 -63.341 295.749
-75.259 -63.351 295.749
-75.258 -63.368 295.749
-75.257 -63.375 295.749
-75.256 -63.382 295.749
-75.255 -63.393 295.749
-75.254 -63.419 295.749
-75.253 -63.430 295.749
-75.252 -63.461 295.749
-75.250 -63.503 295.749
-75.248 -63.509 295.749
-75.247 -63.518 295.749
-75.246 -63.523 295.749
-75.245 -63.532 295.749
-75.244 -63.537 295.749
-75.243 -63.542 295.749
-75.242 -63.546 295.749
-75.240 -63.557 295.749
-75.239 -63.568 295.749
-75.237 -63.572 295.749
-75.236 -63.576 295.749
-75.234 -63.586 295.749
-75.232 -63.594 295.749
-75.231 -63.604 295.749
-75.230 -63.608 295.749
-75.228 -63.619 295.749
-75.227 -63.627 295.749
-75.226 -63.631 295.749
-75.223 -63.658 295.749
-75.222 -63.666 295.749
-75.220 -63.688 295.749
-75.219 -63.691 295.749
-75.217 -63.708 295.749
-75.216 -63.719 295.749
-75.214 -63.737 295.749
-75.212 -63.763 295.749
-75.210 -63.790 295.749
-75.210 -63.794 295.749
-75.210 -63.805 295.749
-75.208 -63.842 295.749
-75.207 -63.854 295.749
-75.206 -63.862 295.749
-75.205 -63.867 295.749
-75.204 -63.872 295.749
-75.203 -63.877 295.749
-75.202 -63.885 295.749
-75.201 -63.895 295.749
-75.200 -63.901 295.749
-75.199 -63.907 295.749
-75.198 -63.919 295.749
-75.197 -63.926 295.749
-75.196 -63.930 295.749
-75.195 -63.937 295.749
-75.194 -63.948 295.749
-75.193 -63.953 295.749
-75.192 -63.961 295.749
-75.191 -63.974 295.749
-75.189 -64.000 295.749
-75.187 -64.033 295.749
-75.187 -64.038 295.749
-75.187 -64.042 295.749
-75.187 -64.048 295.749
-75.187 -64.058 295.749
-75.187 -64.064 295.749
-75.187 -64.067 295.749
-75.187 -64.075 295.749
-75.187 -64.078 295.749
-75.187 -64.082 295.749
-75.187 -64.087 295.749
-75.188 -64.093 295.749
-75.188 -64.096 295.749
-75.188 -64.104 295.749
-75.189 -64.107 295.749
-75.189 -64.110 295.749
-75.189 -64.114 295.749
-75.189 -64.117 295.749
-75.189 -64.120 295.749
-75.187 -64.157 295.749
-75.186 -64.171 295.749
-75.185 -64.180 295.749
-75.184 -64.187 295.749
-75.183 -64.196 295.749
-75.182 -64.200 295.749
-75.182 -64.203 295.749
-75.181 -64.217 295.749
-75.181 -64.226 295.749
-75.181 -64.232 295.749
-75.181 -64.240 295.749
-75.181 -64.243 295.749
-75.181 -64.249 295.749
-75.182 -64.254 295.749
-75.182 -64.258 295.749
-75.182 -64.266 295.749
-75.182 -64.275 295.749
-75.182 -64.278 295.749
-75.178 -64.317 295.749
-75.176 -64.326 295.749
-75.173 -64.347 295.749
-75.172 -64.354 295.749
-75.171 -64.361 295.749
-75.170 -64.365 295.749
-75.170 -64.368 295.749
-75.170 -64.383 295.749
-75.170 -64.401 295.749
-75.170 -64.408 295.749
-75.171 -64.414 295.749
-75.171 -64.419 295.749
-75.172 -64.427 295.749
-75.171 -64.466 295.749
-75.170 -64.470 295.749
-75.169 -64.483 295.749
-75.168 -64.486 295.749
-75.167 -64.492 295.749
-75.166 -64.505 295.749
-75.165 -64.512 295.749
-75.163 -64.520 295.749
-75.162 -64.531 295.749
-75.161 -64.534 295.749
-75.160 -64.541 295.749
-75.159 -64.546 295.749
-75.158 -64.551 295.749
-75.156 -64.556 295.749
-75.154 -64.563 295.749
-75.152 -64.572 295.749
-75.151 -64.577 295.749
-75.149 -64.583 295.749
-75.148 -64.586 295.749
-75.147 -64.592 295.749
-75.145 -64.600 295.749
-75.144 -64.606 295.749
-75.143 -64.609 295.749
-75.142 -64.613 295.749
-75.141 -64.617 295.749
-75.140 -64.623 295.749
-75.139 -64.627 295.749
-75.138 -64.633 295.749
-75.137 -64.637 295.749
-75.136 -64.645 295.749
-75.135 -64.664 295.749
-75.135 -64.668 295.749
-75.135 -64.672 295.749
-75.135 -64.685 295.749
-75.135 -64.690 295.749
-75.135 -64.693 295.749
-75.135 -64.696 295.749
-75.134 -64.710 295.749
-75.133 -64.726 295.749
-75.133 -64.734 295.749
-75.132 -64.749 295.749
-75.132 -64.757 295.749
-75.131 -64.769 295.749
-75.130 -64.783 295.749
-75.129 -64.806 295.749
-75.129 -64.813 295.749
-75.129 -64.817 295.749
-75.129 -64.820 295.749
-75.129 -64.824 295.749
-75.129 -64.833 295.749
-75.129 -64.838 295.749
-75.129 -64.842 295.749
-75.129 -64.845 295.749
-75.129 -64.849 295.749
-75.129 -64.855 295.749
-75.129 -64.860 295.749
-75.130 -64.863 295.749
-75.130 -64.867 295.749
-75.130 -64.872 295.749
-75.130 -64.885 295.749
-75.130 -64.896 295.749
-75.127 -64.934 295.749
-75.125 -64.943 295.749
-75.124 -64.949 295.749
-75.123 -64.960 295.749
-75.122 -64.967 295.749
-75.120 -64.977 295.749
-75.119 -64.986 295.749
-75.118 -64.995 295.749
-75.117 -65.002 295.749
-75.115 -65.012 295.749
-75.113 -65.026 295.749
-75.111 -65.030 295.749
-75.110 -65.033 295.749
-75.105 -65.072 295.749
-75.104 -65.075 295.749
-75.103 -65.080 295.749
-75.101 -65.095 295.749
-75.100 -65.099 295.749
-75.098 -65.112 295.749
-75.096 -65.127 295.749
-75.094 -65.137 295.749
-75.093 -65.149 295.749
-75.091 -65.159 295.749
-75.090 -65.167 295.749
-75.088 -65.170 295.749
-75.087 -65.179 295.749
-75.086 -65.191 295.749
-75.084 -65.193 295.749
-75.083 -65.202 295.749
-75.082 -65.209 295.749
-75.080 -65.214 295.749
-75.079 -65.233 295.749
-75.080 -65.267 295.749
-75.082 -65.283 295.749
-75.083 -65.289 295.749
-75.084 -65.299 295.749
-75.084 -65.335 295.749
-75.083 -65.338 295.749
-75.083 -65.341 295.749
-75.083 -65.344 295.749
-75.084 -65.362 295.749
-75.090 -65.404 295.749
-75.097 -65.434 295.749
-75.107 -65.477 295.749
-75.110 -65.490 295.749
-75.114 -65.507 295.749
-75.119 -65.521 295.749
-75.123 -65.530 295.749
-75.142 -65.571 295.749
-75.146 -65.577 295.749
-75.149 -65.579 295.749
-75.155 -65.585 295.749
-75.158 -65.585 295.749
-75.160 -65.587 295.749
-75.162 -65.589 295.749
-75.168 -65.595 295.749
-75.170 -65.597 295.749
-75.173 -65.599 295.749
-75.180 -65.606 295.749
-75.183 -65.607 295.749
-75.186 -65.610 295.749
-75.189 -65.612 295.749
-75.216 -65.640 295.749
-75.238 -65.664 295.749
-75.244 -65.669 295.749
-75.253 -65.679 295.749
-75.261 -65.687 295.749
-75.271 -65.698 295.749
-75.297 -65.731 295.749
-75.301 -65.737 295.749
-75.305 -65.743 295.749
-75.311 -65.750 295.749
-75.317 -65.758 295.749
-75.319 -65.761 295.749
-75.321 -65.763 295.749
-75.326 -65.768 295.749
-75.330 -65.771 295.749
-75.333 -65.774 295.749
-75.336 -65.777 295.749
-75.364 -65.811 295.749
-75.368 -65.817 295.749
-75.376 -65.826 295.749
-75.377 -65.830 295.749
-75.380 -65.834 295.749
-75.385 -65.840 295.749
-75.389 -65.847 295.749
-75.393 -65.854 295.749
-75.399 -65.860 295.749
-75.410 -65.868 295.749
-75.416 -65.873 295.749
-75.419 -65.875 295.749
-75.422 -65.877 295.749
-75.424 -65.879 295.749
-75.427 -65.880 295.749
-75.430 -65.883 295.749
-75.433 -65.885 295.749
-75.436 -65.888 295.749
-75.464 -65.922 295.749
-75.470 -65.928 295.749
-75.472 -65.930 295.749
-75.476 -65.937 295.749
-75.482 -65.944 295.749
-75.490 -65.953 295.749
-75.494 -65.958 295.749
-75.500 -65.965 295.749
-75.504 -65.970 295.749
-75.506 -65.973 295.749
-75.511 -65.979 295.749
-75.527 -65.992 295.749
-75.548 -66.011 295.749
-75.565 -66.029 295.749
-75.568 -66.032 295.749
-75.572 -66.036 295.749
-75.577 -66.041 295.749
-75.586 -66.050 295.749
-75.589 -66.054 295.749
-75.598 -66.064 295.749
-75.601 -66.067 295.749
-75.612 -66.079 295.749
-75.620 -66.087 295.749
-75.626 -66.094 295.749
-75.632 -66.100 295.749
-75.651 -66.118 295.749
-75.656 -66.122 295.749
-75.667 -66.132 295.749
-75.686 -66.149 295.749
-75.704 -66.165 295.749
-75.708 -66.167 295.749
-75.732 -66.190 295.749
-75.748 -66.205 295.749
-75.767 -66.222 295.749
-75.797 -66.250 295.749
-75.807 -66.259 295.749
-75.814 -66.262 295.749
-75.828 -66.271 295.749
-75.835 -66.276 295.749
-75.846 -66.281 295.749
-75.857 -66.289 295.749
-75.865 -66.295 295.749
-75.878 -66.303 295.749
-75.887 -66.307 295.749
-75.898 -66.316 295.749
-75.906 -66.322 295.749
-75.916 -66.328 295.749
-75.919 -66.328 295.749
-75.925 -66.333 295.749
-75.937 -66.341 295.749
-75.953 -66.355 295.749
-75.965 -66.363 295.749
-75.973 -66.369 295.749
-75.987 -66.380 295.749
-75.997 -66.386 295.749
-76.006 -66.393 295.749
-76.038 -66.422 295.749
-76.042 -66.426 295.749
-76.051 -66.434 295.749
-76.057 -66.442 295.749
-76.069 -66.455 295.749
-76.093 -66.480 295.749
-76.096 -66.483 295.749
-76.112 -66.500 295.749
-76.115 -66.505 295.749
-76.123 -66.509 295.749
-76.130 -66.515 295.749
-76.136 -66.520 295.749
-76.145 -66.528 295.749
-76.158 -66.538 295.749
-76.178 -66.554 295.749
-76.182 -66.557 295.749
-76.195 -66.568 295.749
-76.200 -66.571 295.749
-76.215 -66.583 295.749
-76.247 -66.614 295.749
-76.262 -66.628 295.749
-76.269 -66.635 295.749
-76.278 -66.645 295.749
-76.280 -66.648 295.749
-76.285 -66.652 295.749
-76.293 -66.659 295.749
-76.308 -66.673 295.749
-76.316 -66.680 295.749
-76.344 -66.709 295.749
-76.365 -66.729 295.749
-76.370 -66.735 295.749
-76.373 -66.739 295.749
-76.380 -66.747 295.749
-76.406 -66.772 295.749
-76.418 -66.784 295.749
-76.425 -66.791 295.749
-76.450 -66.816 295.749
-76.466 -66.832 295.749
-76.474 -66.840 295.749
-76.478 -66.844 295.749
-76.483 -66.849 295.749
-76.498 -66.861 295.749
-76.526 -66.887 295.749
-76.547 -66.907 295.749
-76.573 -66.931 295.749
-76.586 -66.945 295.749
-76.598 -66.957 295.749
-76.607 -66.968 295.749
-76.626 -66.989 295.749
-76.631 -66.994 295.749
-76.635 -66.999 295.749
-76.638 -67.002 295.749
-76.649 -67.005 295.749
-76.652 -67.007 295.749
-76.659 -67.013 295.749
-76.663 -67.015 295.749
-76.670 -67.018 295.749
-76.676 -67.020 295.749
-76.679 -67.022 295.749
-76.683 -67.023 295.749
-76.688 -67.027 295.749
-76.696 -67.031 295.749
-76.715 -67.043 295.749
-76.720 -67.047 295.749
-76.743 -67.069 295.749
-76.748 -67.073 295.749
-76.761 -67.083 295.749
-76.770 -67.086 295.749
-76.782 -67.093 295.749
-76.810 -67.108 295.749
-76.828 -67.121 295.749
-76.830 -67.125 295.749
-76.840 -67.134 295.749
-76.845 -67.141 295.749
-76.847 -67.144 295.749
-76.849 -67.147 295.749
-76.853 -67.153 295.749
-76.868 -67.168 295.749
-76.870 -67.172 295.749
-76.884 -67.190 295.749
-76.902 -67.209 295.749
-76.908 -67.211 295.749
-76.912 -67.213 295.749
-76.922 -67.216 295.749
-76.924 -67.214 295.749
-76.935 -67.215 295.749
-76.947 -67.222 295.749
-76.955 -67.222 295.749
-76.991 -67.243 295.749
-76.998 -67.248 295.749
-77.010 -67.254 295.749
-77.016 -67.254 295.749
-77.033 -67.261 295.749
-77.045 -67.266 295.749
-77.059 -67.270 295.749
-77.064 -67.265 295.749
-77.090 -67.281 295.749
-77.105 -67.292 295.749
-77.110 -67.294 295.749
-77.121 -67.300 295.749
-77.133 -67.303 295.749
-77.142 -67.310 295.749
-77.145 -67.310 295.749
-77.152 -67.316 295.749
-77.169 -67.327 295.749
-77.175 -67.331 295.749
-77.182 -67.332 295.749
-77.186 -67.336 295.749
-77.189 -67.336 295.749
-77.192 -67.337 295.749
-77.199 -67.344 295.749
-77.205 -67.351 295.749
-77.209 -67.354 295.749
-77.215 -67.358 295.749
-77.223 -67.365 295.749
-77.236 -67.376 295.749
-77.239 -67.378 295.749
-77.245 -67.381 295.749
-77.248 -67.385 295.749
-77.252 -67.388 295.749
-77.257 -67.398 295.749
-77.268 -67.431 295.749
-77.273 -67.436 295.749
-77.276 -67.442 295.749
-77.275 -67.445 295.749
-77.281 -67.451 295.749
-77.291 -67.463 295.749
-77.291 -67.468 295.749
-77.290 -67.473 295.749
-77.293 -67.478 295.749
-77.296 -67.484 295.749
-77.302 -67.490 295.749
-77.308 -67.497 295.749
-77.310 -67.502 295.749
-77.312 -67.507 295.749
-77.324 -67.518 295.749
-77.324 -67.523 295.749
-77.334 -67.538 295.749
-77.344 -67.546 295.749
-77.350 -67.552 295.749
-77.361 -67.562 295.749
-77.362 -67.565 295.749
-77.365 -67.569 295.749
-77.367 -67.572 295.749
-77.369 -67.575 295.749
-77.371 -67.578 295.749
-77.373 -67.581 295.749
-77.375 -67.585 295.749
-77.377 -67.588 295.749
-77.379 -67.590 295.749
-77.380 -67.593 295.749
-77.383 -67.596 295.749
-77.385 -67.599 295.749
-77.386 -67.602 295.749
-77.388 -67.605 295.749
-77.391 -67.609 295.749
-77.392 -67.612 295.749
-77.393 -67.615 295.749
-77.394 -67.618 295.749
-77.396 -67.622 295.749
-77.399 -67.625 295.749
-77.399 -67.628 295.749
-77.401 -67.632 295.749
-77.402 -67.635 295.749
-77.403 -67.638 295.749
-77.405 -67.640 295.749
-77.405 -67.643 295.749
-77.408 -67.646 295.749
-77.408 -67.649 295.749
-77.410 -67.651 295.749
-77.410 -67.654 295.749
-77.412 -67.657 295.749
-77.414 -67.661 295.749
-77.416 -67.666 295.749
-77.418 -67.670 295.749
-77.418 -67.673 295.749
-77.421 -67.676 295.749
-77.422 -67.679 295.749
-77.427 -67.688 295.749
-77.431 -67.696 295.749
-77.434 -67.702 295.749
-77.439 -67.708 295.749
-77.445 -67.714 295.749
-77.458 -67.733 295.749
-77.462 -67.738 295.749
-77.464 -67.740 295.749
-77.466 -67.743 295.749
-77.472 -67.750 295.749
-77.474 -67.752 295.749
-77.477 -67.757 295.749
-77.479 -67.762 295.749
-77.483 -67.766 295.749
-77.489 -67.777 295.749
-77.493 -67.784 295.749
-77.499 -67.794 295.749
-77.499 -67.797 295.749
-77.501 -67.801 295.749
-77.509 -67.811 295.749
-77.512 -67.817 295.749
-77.518 -67.831 295.749
-77.521 -67.837 295.749
-77.525 -67.845 295.749
-77.527 -67.849 295.749
-77.531 -67.853 295.749
-77.531 -67.856 295.749
-77.533 -67.858 295.749
-77.538 -67.866 295.749
-77.539 -67.870 295.749
-77.541 -67.872 295.749
-77.546 -67.878 295.749
-77.546 -67.881 295.749
-77.548 -67.886 295.749
-77.547 -67.891 295.749
-77.547 -67.895 295.749
-77.549 -67.898 295.749
-77.550 -67.902 295.749
-77.550 -67.905 295.749
-77.552 -67.908 295.749
-77.552 -67.911 295.749
-77.554 -67.913 295.749
-77.557 -67.916 295.749
-77.560 -67.921 295.749
-77.559 -67.925 295.749
-77.563 -67.932 295.749
-77.565 -67.934 295.749
-77.568 -67.939 295.749
-77.571 -67.945 295.749
-77.573 -67.949 295.749
-77.574 -67.954 295.749
-77.579 -67.963 295.749
-77.580 -67.966 295.749
-77.590 -67.980 295.749
-77.598 -67.992 295.749
-77.605 -68.001 295.749
-77.610 -68.007 295.749
-77.619 -68.019 295.749
-77.628 -68.026 295.749
-77.634 -68.032 295.749
-77.653 -68.051 295.749
-77.669 -68.064 295.749
-77.675 -68.069 295.749
-77.685 -68.077 295.749
-77.697 -68.087 295.749
-77.726 -68.119 295.749
-77.731 -68.125 295.749
-77.746 -68.141 295.749
-77.749 -68.145 295.749
-77.754 -68.151 295.749
-77.763 -68.163 295.749
-77.765 -68.168 295.749
-77.770 -68.177 295.749
-77.772 -68.181 295.749
-77.778 -68.189 295.749
-77.782 -68.197 295.749
-77.783 -68.200 295.749
-77.785 -68.203 295.749
-77.790 -68.208 295.749
-77.789 -68.211 295.749
-77.794 -68.216 295.749
-77.798 -68.222 295.749
-77.809 -68.238 295.749
-77.824 -68.254 295.749
-77.829 -68.256 295.749
-77.841 -68.266 295.749
-77.858 -68.282 295.749
-77.884 -68.306 295.749
-77.892 -68.313 295.749
-77.896 -68.315 295.749
-77.934 -68.339 295.749
-77.945 -68.348 295.749
-77.952 -68.354 295.749
-77.971 -68.368 295.749
-77.975 -68.372 295.749
-77.994 -68.387 295.749
-78.000 -68.391 295.749
-78.003 -68.393 295.749
-78.014 -68.402 295.749
-78.045 -68.428 295.749
-78.049 -68.433 295.749
-78.053 -68.439 295.749
-78.056 -68.443 295.749
-78.058 -68.445 295.749
-78.061 -68.450 295.749
-78.063 -68.453 295.749
-78.065 -68.455 295.749
-78.067 -68.457 295.749
-78.074 -68.464 295.749
-78.075 -68.467 295.749
-78.075 -68.470 295.749
-78.080 -68.477 295.749
-78.084 -68.482 295.749
-78.086 -68.484 295.749
-78.088 -68.486 295.749
-78.089 -68.489 295.749
-78.091 -68.493 295.749
-78.096 -68.498 295.749
-78.100 -68.502 295.749
-78.102 -68.505 295.749
-78.116 -68.518 295.749
-78.118 -68.521 295.749
-78.121 -68.524 295.749
-78.123 -68.527 295.749
-78.125 -68.529 295.749
-78.127 -68.531 295.749
-78.130 -68.534 295.749
-78.135 -68.540 295.749
-78.138 -68.543 295.749
-78.140 -68.545 295.749
-78.145 -68.551 295.749
-78.147 -68.553 295.749
-78.149 -68.555 295.749
-78.157 -68.563 295.749
-78.161 -68.568 295.749
-78.164 -68.571 295.749
-78.167 -68.574 295.749
-78.169 -68.576 295.749
-78.171 -68.578 295.749
-78.173 -68.580 295.749
-78.175 -68.583 295.749
-78.177 -68.585 295.749
-78.180 -68.588 295.749
-78.183 -68.591 295.749
-78.188 -68.597 295.749
-78.194 -68.603 295.749
-78.199 -68.609 295.749
-78.220 -68.631 295.749
-78.231 -68.642 295.749
-78.242 -68.653 295.749
-78.244 -68.656 295.749
-78.252 -68.664 295.749
-78.254 -68.666 295.749
-78.256 -68.669 295.749
-78.257 -68.672 295.749
-78.265 -68.681 295.749
-78.280 -68.697 295.749
-78.282 -68.701 295.749
-78.306 -68.727 295.749
-78.320 -68.742 295.749
-78.327 -68.748 295.749
-78.336 -68.755 295.749
-78.340 -68.758 295.749
-78.343 -68.761 295.749
-78.370 -68.790 295.749
-78.375 -68.796 295.749
-78.396 -68.821 295.749
-78.403 -68.829 295.749
-78.418 -68.845 295.749
-78.420 -68.848 295.749
-78.429 -68.857 295.749
-78.434 -68.865 295.749
-78.466 -68.895 295.749
-78.468 -68.901 295.749
-78.468 -68.905 295.749
-78.477 -68.914 295.749
-78.488 -68.925 295.749
-78.498 -68.935 295.749
-78.500 -68.938 295.749
-78.527 -68.965 295.749
-78.531 -68.969 295.749
-78.541 -68.979 295.749
-78.545 -68.983 295.749
-78.555 -68.993 295.749
-78.565 -69.002 295.749
-78.576 -69.012 295.749
-78.600 -69.032 295.749
-78.622 -69.056 295.749
-78.630 -69.068 295.749
-78.635 -69.073 295.749
-78.662 -69.098 295.749
-78.682 -69.111 295.749
-78.695 -69.119 295.749
-78.702 -69.121 295.749
-78.705 -69.122 295.749
-78.710 -69.126 295.749
-78.746 -69.152 295.749
-78.756 -69.162 295.749
-78.763 -69.169 295.749
-78.775 -69.180 295.749
-78.791 -69.197 295.749
-78.799 -69.204 295.749
-78.802 -69.206 295.749
-78.819 -69.220 295.749
-78.822 -69.220 295.749
-78.827 -69.224 295.749
-78.837 -69.233 295.749
-78.840 -69.234 295.749
-78.849 -69.243 295.749
-78.870 -69.259 295.749
-78.884 -69.274 295.749
-78.886 -69.276 295.749
-78.889 -69.280 295.749
-78.893 -69.284 295.749
-78.913 -69.305 295.749
-78.917 -69.313 295.749
-78.923 -69.320 295.749
-78.947 -69.336 295.749
-78.956 -69.340 295.749
-78.960 -69.342 295.749
-78.967 -69.345 295.749
-78.972 -69.348 295.749
-78.978 -69.351 295.749
-78.982 -69.353 295.749
-78.987 -69.356 295.749
-79.019 -69.376 295.749
-79.026 -69.381 295.749
-79.032 -69.386 295.749
-79.046 -69.398 295.749
-79.060 -69.411 295.749
-79.062 -69.414 295.749
-79.066 -69.419 295.749
-79.077 -69.428 295.749
-79.103 -69.447 295.749
-79.125 -69.463 295.749
-79.127 -69.465 295.749
-79.138 -69.473 295.749
-79.144 -69.478 295.749
-79.151 -69.478 295.749
